file_name
position_num 10
robot_num 100
position_x
70.03870141222163 16.042814769791818 42.13582455028359 -1.2690654135344914 -51.26889544265201 93.1632204426655 52.67394959747031 51.10824625124923 65.3450892283847 72.96789322666962 
position_y
-3.887947274459492 54.64235486829705 32.83405856119006 -74.30171430695324 85.87871399040262 -34.34251474183196 -89.7381244074273 -50.793762550807386 -52.8379288096253 48.06929177865274 
distance
0.0 70.14653112962402 56.948738803337484 53.41819083544424 74.31255126811304 100.01826411488533 99.29145966316355 104.05515815354731 72.05594457743325 84.03467978850512 87.37831684142188 
70.14653112962402 0.0 79.63260665848193 46.12023687890119 100.21425146845488 150.90919961799892 38.23903842951732 87.58874082523312 50.58179157899073 49.17449224572976 52.039743030765244 
56.948738803337484 79.63260665848193 0.0 34.00657211809822 130.10101525719764 74.20631012878327 117.75340330827075 148.9549020161855 111.11417254966155 118.24857566278371 57.30331330474825 
53.41819083544424 46.12023687890119 34.00657211809822 0.0 115.5943696761462 107.41590751170234 84.35927413328167 123.02435578860943 84.1077690532819 88.76012272954168 34.39082421309298 
74.31255126811304 100.21425146845488 130.10101525719764 115.5943696761462 0.0 167.80271932380893 102.53874507673798 56.10821352767799 57.41085762291981 69.98671078521141 143.12857561839562 
100.01826411488533 150.90919961799892 74.20631012878327 107.41590751170234 167.80271932380893 0.0 187.91961030450773 204.07201906161558 170.76429657665778 181.22121401913003 129.86274318237716 
99.29145966316355 38.23903842951732 117.75340330827075 84.35927413328167 102.53874507673798 187.91961030450773 0.0 68.6152652388561 45.15821529592382 33.40551998987701 84.8502038614578 
104.05515815354731 87.58874082523312 148.9549020161855 123.02435578860943 56.10821352767799 204.07201906161558 68.6152652388561 0.0 38.975822600526605 39.015153654729794 139.29367574986526 
72.05594457743325 50.58179157899073 111.11417254966155 84.1077690532819 57.41085762291981 170.76429657665778 45.15821529592382 38.975822600526605 0.0 14.382847897732253 101.25091445137565 
84.03467978850512 49.17449224572976 118.24857566278371 88.76012272954168 69.98671078521141 181.22121401913003 33.40551998987701 39.015153654729794 14.382847897732253 0.0 101.19473458460017 
87.37831684142188 52.039743030765244 57.30331330474825 34.39082421309298 143.12857561839562 129.86274318237716 84.8502038614578 139.29367574986526 101.25091445137565 101.19473458460017 0.0 
lay
0 1 2 
3 4 
0 1 
2 
3 4 
0 1 2 3 
4 
0 1 
2 3 
4 
0 1 
2 
3 
4 
0 
1 2 3 4 
0 
1 
2 
3 4 
0 1 2 3 4 
0 1 
2 
3 
4 
0 
1 
2 
3 4 
edge
2 3 2 4 1 3 
0 2 2 4 2 3 
2 4 
0 3 3 4 2 4 
1 2 2 3 3 4 
0 3 0 1 0 2 0 4 
0 1 1 2 2 3 2 4 

0 2 2 3 3 4 
0 1 1 2 2 3 2 4 
demand 
0.1032228310578881 0.10824887283037153 0.0 0.0 0.0 0.0 0.0 0.0 0.10056941442429249 0.09766557953108995 0.0 0.0 0.0 0.09874928968137443 0.10904728908401579 0.0 0.0 0.0 0.09818743525077181 0.09077408393940815 0.09991687280747291 0.10581694964475119 0.09204249335008985 0.0 0.0 
0.09395353098853251 0.0 0.0966590141637485 0.0 0.0 0.0 0.0 0.0 0.09336660696833755 0.10222548044102771 0.10090259640545039 0.0 0.09372341025362699 0.0 0.0 0.10046171060489083 0.09742266890684005 0.0 0.0 0.0 0.0 0.0 0.0 0.0 0.10203955550164096 
0.10012958990894803 0.09531241748952417 0.09121632397348203 0.0 0.0 0.0 0.0 0.0 0.0979097869559838 0.09819422457127813 0.0 0.0 0.0 0.0915378061005585 0.10157764631679805 0.0 0.0 0.0 0.10977653442414972 0.0 0.10940646001957957 0.0 0.09269696773566483 0.0 0.0 
0.0 0.0 0.0 0.0 0.10599445660354359 0.10283002485059212 0.0985892578693302 0.0 0.0 0.0 0.0 0.0 0.0 0.09494452759417753 0.09789273712089144 0.10901340728683127 0.0 0.09025893508526969 0.0 0.0 0.0 0.0 0.0 0.09446515227186474 0.10665052088898515 
0.1019575977174495 0.09705824795757251 0.10857708286488879 0.0 0.0 0.0 0.0 0.0 0.10630816932863447 0.09009277206879729 0.0 0.0 0.0 0.0 0.10933432343078878 0.10060859182191187 0.10320870527388254 0.09933268790436325 0.0 0.0 0.0 0.10302419671557508 0.09902809717027626 0.0 0.0 
0.0 0.0 0.0 0.0 0.09429364445832991 0.09611209095588791 0.10152105256881841 0.1062354636612946 0.0 0.0 0.0 0.0 0.0 0.09166000769019376 0.10588460997671195 0.0 0.0 0.0 0.10385494598068892 0.09845087048450912 0.10274738921052531 0.10533882051135951 0.10156170980915649 0.0 0.0 
0.0 0.10223636602408988 0.10654100315052686 0.0 0.0 0.0 0.0 0.0 0.0932666989481816 0.0 0.0 0.0 0.0 0.0 0.10612082275908108 0.0 0.0 0.0 0.09437330908454161 0.1036003416331167 0.09394765733330224 0.09400807345108869 0.09504614989891724 0.0 0.0 
0.0 0.0 0.0 0.10303938168993075 0.09246634147981002 0.10750831255630883 0.1014378864648041 0.0 0.0 0.0 0.0 0.10069526453886875 0.09340283370397026 0.0 0.0 0.0 0.10037169424688717 0.10816650657777856 0.0 0.0 0.09402906235016462 0.10455549281940985 0.09775345477693731 0.0 0.0 
0.0 0.09445216957351794 0.10750377770154705 0.0 0.0 0.0 0.0 0.0 0.09770803486341158 0.0 0.0 0.0 0.0 0.09377825323274558 0.10505332673768593 0.0 0.0 0.0 0.10756923504114324 0.0 0.10818506368815933 0.10500433864968697 0.09215893341596837 0.0 0.0 
0.10777209067977392 0.1063881514514457 0.0 0.0 0.0 0.0 0.0 0.0 0.10299242835546998 0.0 0.0989724436792605 0.0 0.10138232787763789 0.0 0.0 0.0 0.0 0.0 0.09034589179690611 0.09875548840880338 0.09289067371236927 0.09832469972381519 0.09947478174960434 0.0 0.0 
rate 
0.0925397282159876 0.09570466011318106 0.0 0.0 0.0 0.0 0.0 0.0 0.1048761408717986 0.09373640657409724 0.0 0.0 0.0 0.10173440975917965 0.09363919938398318 0.0 0.0 0.0 0.1097997377677482 0.09965864552260215 0.10017942861186349 0.09492922755335449 0.091362116288625 0.0 0.0 
0.10862429460871331 0.0 0.10298667837507669 0.0 0.0 0.0 0.0 0.0 0.09381738583773998 0.09903052334066648 0.09812606687737851 0.0 0.0969945638708058 0.0 0.0 0.09604871233974925 0.10421893923736048 0.0 0.0 0.0 0.0 0.0 0.0 0.0 0.09774509376049961 
0.09827709727191855 0.0976295937721282 0.09078010235489753 0.0 0.0 0.0 0.0 0.0 0.10344547535893925 0.10635545410291077 0.0 0.0 0.0 0.0949683499798445 0.10947938361296256 0.0 0.0 0.0 0.09133593664286156 0.0 0.0993184440267283 0.0 0.09180789898790492 0.0 0.0 
0.0 0.0 0.0 0.0 0.09291043691777451 0.10325711126771023 0.10904233619858483 0.0 0.0 0.0 0.0 0.0 0.0 0.09190492637018849 0.10451411446444088 0.10086828877333504 0.0 0.09065348095934095 0.0 0.0 0.0 0.0 0.0 0.09848520340191849 0.10879635046424121 
0.09028750094906009 0.09935637627865586 0.10615760076234824 0.0 0.0 0.0 0.0 0.0 0.10509364346191113 0.10955238894614537 0.0 0.0 0.0 0.0 0.09719184354999233 0.09339057406215984 0.09434586512493848 0.09486952479179317 0.0 0.0 0.0 0.09582744707245497 0.09796794476843024 0.0 0.0 
0.0 0.0 0.0 0.0 0.10163377278012341 0.09395695056010882 0.10473126210427214 0.10417822202598977 0.0 0.0 0.0 0.0 0.0 0.108716512058048 0.10467113688304715 0.0 0.0 0.0 0.09167535967358656 0.0977739192583349 0.09816949910971173 0.091236056848725 0.09099754249371461 0.0 0.0 
0.0 0.09269746081167961 0.10732614184671155 0.0 0.0 0.0 0.0 0.0 0.10535694234087561 0.0 0.0 0.0 0.0 0.0 0.10941206016975598 0.0 0.0 0.0 0.0975995343941639 0.10810436962612897 0.09227567439018929 0.09144281311791172 0.10086908316485593 0.0 0.0 
0.0 0.0 0.0 0.10039252615647423 0.09523907221869528 0.10778243040276532 0.10296990387653414 0.0 0.0 0.0 0.0 0.09078736094517031 0.09125598738912569 0.0 0.0 0.0 0.09315983125104763 0.10150345995710214 0.0 0.0 0.0926268594214797 0.10486195978333601 0.10190821887136825 0.0 0.0 
0.0 0.09791321950990836 0.09615339802443462 0.0 0.0 0.0 0.0 0.0 0.09883287454102976 0.0 0.0 0.0 0.0 0.10131525400944111 0.09479882709537232 0.0 0.0 0.0 0.10745575553910985 0.0 0.10152258135583994 0.10087002038126734 0.09878022023519559 0.0 0.0 
0.10858015480799872 0.09675346015204264 0.0 0.0 0.0 0.0 0.0 0.0 0.10319950933472917 0.0 0.09312564087548736 0.0 0.09329058132229631 0.0 0.0 0.0 0.0 0.0 0.09961129154238768 0.09187514404463544 0.10716083746981186 0.09015693496978217 0.10994392208324207 0.0 0.0 
ability 
0.0 0.0 0.0 0.15138710925878593 0.16417277897300872 
0.0 0.0 0.0 0.1529075509795971 0.14796533843806617 
0.0 0.0 0.0 0.13621076945730387 0.1368518313612579 
0.0 0.0 0.0 0.0 0.13673953513583395 
0.0 0.0 0.0 0.14298602077871153 0.0 
0.0 0.0 0.0 0.13681024246401405 0.1465589828744723 
0.0 0.0 0.0 0.1440578947849901 0.16491905204601046 
0.0 0.0 0.0 0.14659748323610727 0.13507953404637046 
0.0 0.0 0.0 0.0 0.13684479678933395 
0.0 0.0 0.0 0.1630084136561498 0.0 
0.0 0.0 0.0 0.1531228246500825 0.15593195914558444 
0.0 0.0 0.0 0.1558430443571357 0.15583633253129786 
0.0 0.0 0.0 0.1530394307928445 0.16407074158968524 
0.0 0.0 0.0 0.0 0.13816783725332205 
0.0 0.0 0.0 0.1597613064074654 0.0 
0.0 0.0 0.0 0.15618309723996723 0.15276497601740377 
0.0 0.0 0.0 0.14436139379565413 0.1630570231220423 
0.0 0.0 0.0 0.14661004273585274 0.14627346285512186 
0.0 0.0 0.0 0.0 0.163077227892399 
0.0 0.0 0.0 0.16494993490784954 0.0 
0.0 0.13570455419518937 0.1356628807417975 0.0 0.0 
0.15123830566448646 0.0 0.16046780176593747 0.0 0.0 
0.16335524733640472 0.1597373196606998 0.0 0.0 0.0 
0.15405502708675012 0.1586552335935786 0.15097371764145406 0.0 0.0 
0.14327985701314216 0.15945801708714058 0.16363799416230826 0.0 0.0 
0.0 0.1406774184901651 0.16362666355698194 0.0 0.0 
0.16176632683125763 0.0 0.15852130605029865 0.0 0.0 
0.16194624536213792 0.16093009846998005 0.0 0.0 0.0 
0.15455314700914405 0.14621704832721777 0.1448725644334755 0.0 0.0 
0.16137641468195849 0.15638285428868628 0.16091437645067308 0.0 0.0 
0.0 0.15272693505711654 0.15310789764588306 0.0 0.0 
0.16202152791970406 0.0 0.16401217901106457 0.0 0.0 
0.16294659589663885 0.1646677092220594 0.0 0.0 0.0 
0.1439235262197926 0.1548229734507117 0.14553840806249851 0.0 0.0 
0.14747568383983867 0.1584757262047107 0.15195268635713013 0.0 0.0 
0.0 0.13664595656412162 0.1507056408712659 0.0 0.0 
0.1534543336300771 0.0 0.1575721569996625 0.0 0.0 
0.14239505839008634 0.16304249447629152 0.0 0.0 0.0 
0.14157461155066603 0.1368613244544086 0.14611039074815327 0.0 0.0 
0.1597535894389695 0.15616990749073484 0.1378614381243703 0.0 0.0 
0.0 0.13619335367087101 0.1421484541737986 0.0 0.0 
0.1446631638925423 0.0 0.1361148688925886 0.0 0.0 
0.16349117040281597 0.15215861868054578 0.0 0.0 0.0 
0.15753038125749239 0.13954189357003857 0.14659611205320938 0.0 0.0 
0.14076746528703576 0.1438739904270899 0.13502652069295049 0.0 0.0 
0.0 0.14723003475135402 0.16267147480738678 0.0 0.0 
0.15671465606012344 0.0 0.152818315268294 0.0 0.0 
0.1406531439888202 0.15430268351303958 0.0 0.0 0.0 
0.15908310078173546 0.15318706172774094 0.14826592784637485 0.0 0.0 
0.13845749145574365 0.14662510953023805 0.14068743247285645 0.0 0.0 
0.0 0.14194318718668614 0.15143614975785216 0.0 0.0 
0.13765994825278777 0.0 0.15859225571257524 0.0 0.0 
0.14879113369590935 0.13973959685251713 0.0 0.0 0.0 
0.1579262495096518 0.16142635017434184 0.15055713651159666 0.0 0.0 
0.1475743037431792 0.15524295892267662 0.16310947078569651 0.0 0.0 
0.0 0.1503313439404283 0.14147203429965458 0.0 0.0 
0.13503460641547435 0.0 0.16047881508468537 0.0 0.0 
0.15272492140591007 0.15762565850344556 0.0 0.0 0.0 
0.13712787579790786 0.14425168634919164 0.13990301839322336 0.0 0.0 
0.1424011573939828 0.14018974633326878 0.15465197105633843 0.0 0.0 
0.0 0.14040271725197154 0.14111230055711035 0.0 0.0 
0.15832106825953118 0.0 0.13620465820992808 0.0 0.0 
0.1425163338135882 0.15779494284892767 0.0 0.0 0.0 
0.139573112662128 0.14479956154215298 0.1504607782635914 0.0 0.0 
0.1451895244935792 0.1353161402526455 0.139461436998391 0.0 0.0 
0.0 0.15176997661259026 0.1560951413303609 0.0 0.0 
0.16013666657768785 0.0 0.14346116176595972 0.0 0.0 
0.1526475532835021 0.154518786824039 0.0 0.0 0.0 
0.15098689162479786 0.16371824108460964 0.14473199254432015 0.0 0.0 
0.13785816855144056 0.16452010314648954 0.15453756233865237 0.0 0.0 
0.0 0.14680312044838348 0.16184490073652968 0.0 0.0 
0.16277599796496542 0.0 0.1557562033343605 0.0 0.0 
0.1450675278290411 0.1408170573341139 0.0 0.0 0.0 
0.1574348062374162 0.14846024910659453 0.15111094967204633 0.0 0.0 
0.14369999119477733 0.16359666901995099 0.14464235829105276 0.0 0.0 
0.0 0.15262951774643482 0.14813920357056842 0.0 0.0 
0.14959337526373312 0.0 0.13768533700145935 0.0 0.0 
0.15626305267564033 0.14195684779894166 0.0 0.0 0.0 
0.14961763318566257 0.13715346861791353 0.14039787723001387 0.0 0.0 
0.13554166073578672 0.14048030971287861 0.14127744490833072 0.0 0.0 
0.0 0.16459910653740548 0.14042395299329985 0.0 0.0 
0.16422966434657477 0.0 0.158046921052258 0.0 0.0 
0.13777752131814164 0.15612582119804702 0.0 0.0 0.0 
0.15737462829606735 0.14074035597801943 0.13831275410006755 0.0 0.0 
0.155647124228561 0.14753045488291186 0.16136078216494823 0.0 0.0 
0.0 0.1646949144490553 0.15958420352181682 0.0 0.0 
0.1433303955753955 0.0 0.14035144376778225 0.0 0.0 
0.1504227269690567 0.140092987373506 0.0 0.0 0.0 
0.15445348711244458 0.16155348618443197 0.15876541199189245 0.0 0.0 
0.15490581994933192 0.14564494944613318 0.13660509325684173 0.0 0.0 
0.0 0.14627119612318143 0.142726576870943 0.0 0.0 
0.15080708201906323 0.0 0.16397296075552523 0.0 0.0 
0.15162323178429646 0.15312814987476453 0.0 0.0 0.0 
0.14648804603388757 0.15010250015948956 0.1459106432948324 0.0 0.0 
0.13925614276145662 0.15909060655263324 0.13725385161099002 0.0 0.0 
0.0 0.1460499553320218 0.15236678358854375 0.0 0.0 
0.1423229377301142 0.0 0.14641060067412548 0.0 0.0 
0.142190281150721 0.14241274572541188 0.0 0.0 0.0 
0.15833634909166888 0.14813989856922494 0.15692552550943634 0.0 0.0 
0.14176413487782946 0.14130055633583166 0.14388384117886735 0.0 0.0 
