file_name
position_num 10
robot_num 50
position_x
-25.850969766783066 -54.83531689970005 5.948046214277738 3.9063432828995133 -3.6174093800105993 -44.84996955200913 -39.8642205375281 -0.14105068865926285 -48.159081837271025 -13.514578456328792 
position_y
52.868328615037825 -61.37722645899404 62.83165287111672 55.874179722830036 -42.925870412387845 82.66076439458246 7.463649050007774 43.66188487359614 -38.3362114084324 67.47587536045481 
distance
0.0 58.85008758218427 82.30477451089436 63.112564963592575 56.01056576703154 43.07802225362375 94.04425415256807 40.556899982695406 43.66211270669268 61.5545470989836 68.81596897895065 
58.85008758218427 0.0 117.8649194327773 33.32334388376308 29.908741545224277 98.34052966492654 35.33484431149105 47.51795580164244 27.30858006868913 93.89313065950157 19.11980576481346 
82.30477451089436 117.8649194327773 0.0 138.2839937805084 131.14295593978008 54.44011931153432 144.38369011349246 70.4499813139175 118.42583191983273 23.988757557843936 135.31638952469413 
63.112564963592575 33.32334388376308 138.2839937805084 0.0 7.250860877794348 106.18922578014829 54.53101933397148 71.86361827846514 20.11360500189166 114.72801780241811 20.009061986994183 
56.01056576703154 29.908741545224277 131.14295593978008 7.250860877794348 0.0 99.08610780959263 55.630020309473544 65.26439869624474 12.865517612814308 107.64017042930365 20.93054839014972 
43.07802225362375 98.34052966492654 54.44011931153432 106.18922578014829 99.08610780959263 0.0 132.18217300557896 62.07201455358028 86.65751228379672 44.77751171137652 110.84448306260717 
94.04425415256807 35.33484431149105 144.38369011349246 54.53101933397148 55.630020309473544 132.18217300557896 0.0 75.36221765168982 59.32790262449877 121.04221733590242 34.820792496696754 
40.556899982695406 47.51795580164244 70.4499813139175 71.86361827846514 65.26439869624474 62.07201455358028 75.36221765168982 0.0 53.74237154780386 46.544945396837285 65.54213106501513 
43.66211270669268 27.30858006868913 118.42583191983273 20.11360500189166 12.865517612814308 86.65751228379672 59.32790262449877 53.74237154780386 0.0 95.02325562337818 27.312220485724392 
61.5545470989836 93.89313065950157 23.988757557843936 114.72801780241811 107.64017042930365 44.77751171137652 121.04221733590242 46.544945396837285 95.02325562337818 0.0 111.33929818756104 
68.81596897895065 19.11980576481346 135.31638952469413 20.009061986994183 20.93054839014972 110.84448306260717 34.820792496696754 65.54213106501513 27.312220485724392 111.33929818756104 0.0 
lay
0 1 2 3 
4 
0 
1 2 3 4 
0 
1 2 
3 
4 
0 1 2 
3 4 
0 1 2 3 4 
0 1 
2 3 
4 
0 1 
2 3 
4 
0 1 
2 
3 4 
0 1 2 
3 
4 
0 1 2 3 
4 
edge
2 4 0 4 
0 1 0 2 0 3 0 4 
0 2 0 1 2 3 1 3 3 4 
1 3 2 3 0 4 

0 2 2 4 3 4 
0 3 0 2 3 4 2 4 
1 2 2 3 2 4 0 2 
2 3 3 4 
0 4 3 4 
demand 
0.10572023046285586 0.10184581896499248 0.0 0.0 0.0 0.0 0.0 0.0 0.09838344736209965 0.09517340044045675 0.0 0.0 0.0 0.10866999366832164 0.10304512552708185 0.0 0.0 0.0 0.09819699877425624 0.0 0.0 0.0 0.0 0.09201299071009568 0.0 
0.10550772569175991 0.0 0.09219854455213944 0.0 0.0 0.0 0.09749258916611386 0.10034123019582913 0.0 0.0 0.0 0.0 0.0 0.10122277844832386 0.10384722223856535 0.0 0.0 0.0 0.0961627829782354 0.09770618156081398 0.0 0.10220059565358125 0.0986896838841903 0.0 0.0 
0.09427199771245932 0.09868698369586171 0.0 0.0 0.0 0.0942396101848531 0.0 0.09733346482048487 0.0 0.0 0.09206953463433208 0.0949219095106566 0.10386191642572029 0.0 0.0 0.09420197763927013 0.1000048916110556 0.09424237354633956 0.0 0.0 0.0 0.0 0.0 0.09883012283133802 0.0 
0.0 0.0 0.0 0.10397157276658404 0.09087205841130477 0.0 0.0 0.0 0.10431307126763648 0.09737096609296969 0.0 0.0 0.0 0.09478838366425361 0.09647770218677042 0.09674852858466126 0.09154191477453157 0.1012615376070726 0.0 0.0 0.10832705329956545 0.09493616825309248 0.09737697454453753 0.0 0.0 
0.0 0.0 0.0 0.09371446117657425 0.10506602127522731 0.0 0.0 0.0 0.0 0.10754415726630107 0.0 0.0 0.0 0.0 0.0915393523424548 0.09227573652543654 0.10810617742603224 0.0 0.0 0.0 0.09014016671360603 0.0 0.09955965795460198 0.0 0.0 
0.0 0.0 0.0 0.10850922893302493 0.0 0.0 0.0 0.0 0.09293516620800439 0.10091142749638123 0.09160264371573398 0.0 0.10403272842336456 0.0 0.0 0.09689994561822302 0.10278328621516689 0.09853936298838252 0.0 0.0 0.0 0.0 0.0 0.09382712308316671 0.091260316600073 
0.09913399557227083 0.09121847347621131 0.099446084981669 0.0 0.0 0.0 0.0 0.0 0.10508205680273815 0.10566222658521428 0.10269828429189448 0.0 0.09575009599869347 0.0 0.0 0.0 0.0 0.0 0.10137782125378264 0.09115874616901831 0.0 0.0 0.0 0.0 0.09043550503070553 
0.10820341182487835 0.10807002585484467 0.09817675912479341 0.0 0.0 0.0 0.0 0.0 0.1039103970548958 0.09392189674526638 0.0 0.0 0.0 0.09901687621826541 0.10126225539403551 0.09363626921367674 0.1017816623702863 0.09478756353209467 0.0 0.0 0.0 0.0 0.0 0.0 0.09499560594674142 
0.10152269179320968 0.10391979843464907 0.0 0.0 0.0 0.0 0.0 0.0 0.09040746688040043 0.0 0.0 0.09863731896927214 0.10026899225190607 0.0 0.0 0.10132736229893168 0.09274293002382303 0.09228895280679186 0.0 0.0 0.09797397550501658 0.1007279182103864 0.0 0.0 0.0 
0.0 0.0 0.0 0.0 0.09430471771780818 0.0 0.10679447766888849 0.0952910505078576 0.0 0.0 0.10598090175478309 0.10975149397629208 0.09598422876272886 0.0 0.0 0.0 0.0 0.0 0.10063421598782706 0.10452391803593637 0.0 0.09033828478252642 0.09688140650224637 0.0 0.0 
rate 
0.10143717956681715 0.09112215265946402 0.0 0.0 0.0 0.0 0.0 0.0 0.09221063767556918 0.10022799379808214 0.0 0.0 0.0 0.10082383220399178 0.09553581539697342 0.0 0.0 0.0 0.09124501252154023 0.0 0.0 0.0 0.0 0.10581240834058032 0.0 
0.10782484436452558 0.0 0.09477040376639673 0.0 0.0 0.0 0.10749422151492549 0.10986056257583016 0.0 0.0 0.0 0.0 0.0 0.10085536795281298 0.09109537552177896 0.0 0.0 0.0 0.09937059427765103 0.09286082130291584 0.0 0.09380195957055679 0.10127603907430074 0.0 0.0 
0.10695638208026764 0.10322261815081524 0.0 0.0 0.0 0.1080762243203151 0.0 0.09007781853899305 0.0 0.0 0.10820416085393486 0.10966790171696868 0.10657585123262561 0.0 0.0 0.10472647764029429 0.09469960799868364 0.10632554500186082 0.0 0.0 0.0 0.0 0.0 0.09908228689690157 0.0 
0.0 0.0 0.0 0.09350171034571403 0.10881080878438427 0.0 0.0 0.0 0.10496330685348959 0.10768037960509909 0.0 0.0 0.0 0.10774720340597028 0.1062582140286848 0.09223964588388416 0.10874411851993203 0.10289933520739183 0.0 0.0 0.090255180737907 0.10487722409631567 0.09941432021334548 0.0 0.0 
0.0 0.0 0.0 0.09090865267578983 0.10352818884958351 0.0 0.0 0.0 0.0 0.10039466601234955 0.0 0.0 0.0 0.0 0.10989407554109006 0.09483684407660532 0.10670062134802623 0.0 0.0 0.0 0.09599809782991335 0.0 0.10013531893027361 0.0 0.0 
0.0 0.0 0.0 0.093511793074887 0.0 0.0 0.0 0.0 0.10002330350841171 0.09660515035372175 0.10363150554533562 0.0 0.09383970133543416 0.0 0.0 0.10981694678535453 0.09264829418192583 0.10525635401892781 0.0 0.0 0.0 0.0 0.0 0.09487257150155365 0.10242849503247956 
0.10443332497173868 0.10944095334032643 0.10527467933700599 0.0 0.0 0.0 0.0 0.0 0.09340667043526768 0.10138082280651405 0.09690508393524319 0.0 0.09834411837502499 0.0 0.0 0.0 0.0 0.0 0.09217314372549557 0.10874626692180356 0.0 0.0 0.0 0.0 0.0996148120210098 
0.10088213981125378 0.09611292243182555 0.09469899675977524 0.0 0.0 0.0 0.0 0.0 0.09992679193015311 0.09180926693170435 0.0 0.0 0.0 0.09509251847878772 0.10367223115639518 0.09598079808526051 0.09642041066434966 0.09476065737024097 0.0 0.0 0.0 0.0 0.0 0.0 0.09092700679255443 
0.09471439778642186 0.10320408997189989 0.0 0.0 0.0 0.0 0.0 0.0 0.10600355967056299 0.0 0.0 0.09002609213050018 0.10766287919941804 0.0 0.0 0.09233718953435177 0.10236365726782187 0.09576713951866916 0.0 0.0 0.10679523322691793 0.10026873527068295 0.0 0.0 0.0 
0.0 0.0 0.0 0.0 0.09985952530102374 0.0 0.0981419067559787 0.09069545452615894 0.0 0.0 0.09816794888179049 0.10011954923368788 0.1015509464357657 0.0 0.0 0.0 0.0 0.0 0.10949470626934431 0.10398846095777392 0.0 0.09789509447974172 0.09263530661503824 0.0 0.0 
ability 
0.0 0.0 0.0 0.16143433848391978 0.15770307452283902 
0.0 0.0 0.0 0.15536227238488806 0.14793376598738534 
0.0 0.0 0.0 0.15716726958487562 0.1601944096070624 
0.0 0.0 0.0 0.0 0.13749770220010826 
0.0 0.0 0.0 0.15574457009182008 0.0 
0.0 0.0 0.0 0.1504429363543535 0.1385743321131046 
0.0 0.0 0.0 0.16359971347008515 0.13981579323686594 
0.0 0.0 0.0 0.1538497177559534 0.15770574254194072 
0.0 0.0 0.0 0.0 0.154599668002204 
0.0 0.0 0.0 0.1629443504336289 0.0 
0.0 0.0 0.0 0.14716599223484989 0.1488711642124384 
0.0 0.0 0.0 0.15312122684248267 0.13715816846316212 
0.0 0.0 0.0 0.15197656953093663 0.15047952771254403 
0.0 0.0 0.0 0.0 0.1515355082256877 
0.0 0.0 0.0 0.14659925810167712 0.0 
0.0 0.0 0.0 0.14038869586076394 0.13614691308313712 
0.0 0.0 0.0 0.15023527569200476 0.14753442567958175 
0.0 0.0 0.0 0.15923406816831887 0.1505981160593747 
0.0 0.0 0.0 0.0 0.16196031648254738 
0.0 0.0 0.0 0.14270574633044955 0.0 
0.0 0.0 0.0 0.14929811801434953 0.14872695930162877 
0.0 0.0 0.0 0.1561484156517645 0.14474519522534024 
0.0 0.0 0.0 0.15308401759855075 0.1436877915364443 
0.0 0.0 0.0 0.0 0.162456090688453 
0.0 0.0 0.0 0.15018709228427543 0.0 
0.0 0.13698258719180692 0.15088123477437132 0.0 0.0 
0.15994300843264783 0.0 0.13538935197817056 0.0 0.0 
0.15085112660371236 0.14942924004009797 0.0 0.0 0.0 
0.13539940065009853 0.13944955614521737 0.15123106805201436 0.0 0.0 
0.14500089558527782 0.1468164675134213 0.1479076663235613 0.0 0.0 
0.0 0.16350056654120465 0.16209860088471997 0.0 0.0 
0.1617521239540412 0.0 0.16073422628731995 0.0 0.0 
0.14765577216633088 0.1645900610842819 0.0 0.0 0.0 
0.15171460114549437 0.16482399983420035 0.15409088226599985 0.0 0.0 
0.13600393799047544 0.14434087075097224 0.1352691826108736 0.0 0.0 
0.0 0.1449878817691248 0.14662161397942375 0.0 0.0 
0.14532580252581997 0.0 0.16360470768561935 0.0 0.0 
0.15178479665476 0.14472813324246048 0.0 0.0 0.0 
0.15036959308203174 0.16278440081775494 0.15744088064368136 0.0 0.0 
0.14463371169978592 0.151437135206099 0.1523699024554758 0.0 0.0 
0.0 0.13856989812193657 0.14755889598664723 0.0 0.0 
0.1412834468058839 0.0 0.15730104664402844 0.0 0.0 
0.15248435846096478 0.1509948282450526 0.0 0.0 0.0 
0.13977355361445476 0.15667769226501882 0.14825841382515564 0.0 0.0 
0.14011052187348577 0.16040186058462833 0.13557343963154084 0.0 0.0 
0.0 0.14990258399541437 0.14810524558118968 0.0 0.0 
0.14009329928899672 0.0 0.1485767879597695 0.0 0.0 
0.15127473456746238 0.16466764829841443 0.0 0.0 0.0 
0.15277271746422033 0.15909520635355504 0.14820542077436266 0.0 0.0 
0.15400148996245042 0.1403806253691233 0.16408207052034232 0.0 0.0 
