file_name
position_num 5
robot_num 25
position_x
27.944432212646845 75.75086184843894 94.21353724408118 -14.18192736113133 -91.28569086033333 
position_y
-69.89165702386617 72.38671691291012 90.89602265974668 -43.149938067776205 16.024479754778625 
distance
0.0 75.27107687039529 104.77609391560209 130.91324430859947 45.420746569484386 92.68150466657117 
75.27107687039529 0.0 150.09527109344612 173.90880431912402 49.89739175213223 146.96055527577732 
104.77609391560209 150.09527109344612 0.0 26.143159372859476 146.4125172898108 176.28928418454683 
130.91324430859947 173.90880431912402 26.143159372859476 0.0 172.38879410896894 200.03927505443542 
45.420746569484386 49.89739175213223 146.4125172898108 172.38879410896894 0.0 97.19363184066727 
92.68150466657117 146.96055527577732 176.28928418454683 200.03927505443542 97.19363184066727 0.0 
lay
0 1 
2 3 
4 
0 
1 2 3 
4 
0 1 2 3 4 
0 1 2 3 
4 
0 1 2 
3 4 
edge
1 2 1 3 2 4 3 4 
0 1 0 2 0 3 1 4 3 4 2 4 

1 4 
2 4 0 3 1 4 
demand 
0.0 0.0 0.0 0.1034741986759335 0.0 0.0 0.0 0.0 0.0 0.09577482841410738 0.10186656257942545 0.0 0.10998828418167933 0.0 0.0 0.10559538624320558 0.10373722749344383 0.0 0.0 0.0 0.10894518711675999 0.10067961305480773 0.10167273004612652 0.0 0.0 
0.0 0.0 0.0 0.10879028800095554 0.09230519616750789 0.0970364559150244 0.09860084608241924 0.10801721601958177 0.0 0.0 0.10448296053805264 0.0 0.10329314518774846 0.0 0.0 0.0 0.0 0.0 0.1060270750772252 0.10717953783891923 0.09208252843592886 0.0 0.10793919405019835 0.0 0.0 
0.09363656030035777 0.0985854501309853 0.0 0.0 0.0 0.0 0.0 0.0 0.10836876237642377 0.10117763774958813 0.0 0.0 0.0 0.0 0.09094993326670878 0.0 0.09550731085429204 0.09231650826336461 0.0 0.0 0.09763834668622644 0.09639362748509278 0.09581858439760584 0.0 0.0 
0.0 0.0 0.0 0.10879812380998473 0.09178001487136368 0.0 0.09784233396813338 0.1063375644208441 0.0 0.0 0.0 0.0 0.0 0.09918356044711266 0.0 0.0 0.0 0.0 0.10498132499872331 0.0 0.10937573457374279 0.09216491847570815 0.0 0.0 0.0 
0.0 0.0 0.0 0.10157006667941322 0.09579802648117774 0.0 0.0 0.0 0.0 0.10605180406993618 0.0 0.0 0.0 0.09732822907458566 0.0900921948079257 0.0 0.09702367124871235 0.09081270658777814 0.0 0.0 0.09873137205910104 0.09969715487162115 0.10222022307784165 0.0 0.0 
rate 
0.0 0.0 0.0 0.09964712502105044 0.0 0.0 0.0 0.0 0.0 0.09013913005968448 0.10227327866230251 0.0 0.10507863564521265 0.0 0.0 0.09555443138226793 0.10017036708427463 0.0 0.0 0.0 0.10691949612045004 0.09964653523815072 0.10641021227076092 0.0 0.0 
0.0 0.0 0.0 0.09129173948507875 0.09170149277353762 0.09698012893604496 0.10154005364045356 0.0973505602661754 0.0 0.0 0.1034525448058437 0.0 0.10334540726434248 0.0 0.0 0.0 0.0 0.0 0.09545500206546657 0.1020480049308331 0.10548380383827045 0.0 0.09453666497410854 0.0 0.0 
0.10084698610860517 0.10849770832508021 0.0 0.0 0.0 0.0 0.0 0.0 0.10058393262429988 0.09534653459290138 0.0 0.0 0.0 0.0 0.10787438328408093 0.0 0.10645508124561526 0.10138509820333208 0.0 0.0 0.09535411277578498 0.10039140436329015 0.10876034157270334 0.0 0.0 
0.0 0.0 0.0 0.10141748537902262 0.09451148494899697 0.0 0.09033511404488362 0.10063297742736793 0.0 0.0 0.0 0.0 0.0 0.10223978653902584 0.0 0.0 0.0 0.0 0.09064911422409962 0.0 0.10168536698580233 0.0958254484849636 0.0 0.0 0.0 
0.0 0.0 0.0 0.10918133362916072 0.10781652985498003 0.0 0.0 0.0 0.0 0.10844937826733675 0.0 0.0 0.0 0.10310832419098688 0.10064277383795583 0.0 0.10330884578827706 0.098422355255737 0.0 0.0 0.10875528025302433 0.10605577100576338 0.09557833630217116 0.0 0.0 
ability 
0.0 0.0 0.0 0.14030714868772673 0.1453973068117692 
0.0 0.0 0.0 0.13626882963333745 0.1592694045747683 
0.0 0.0 0.0 0.15602716555620447 0.1515738050516237 
0.0 0.0 0.0 0.0 0.15712869783590522 
0.0 0.0 0.0 0.15896452156192545 0.0 
0.0 0.0 0.0 0.136981326071757 0.14116198509630867 
0.0 0.0 0.0 0.1562727140717226 0.16399711222883295 
0.0 0.0 0.0 0.1602794199818192 0.14950105873456646 
0.0 0.0 0.0 0.0 0.15238859102828153 
0.0 0.0 0.0 0.1566813062332529 0.0 
0.0 0.0 0.0 0.152644999026102 0.14637646759478073 
0.0 0.0 0.0 0.15814109827521128 0.1616792678373905 
0.14333383121015392 0.15648845806932674 0.0 0.0 0.0 
0.14477493789615792 0.1360869315992221 0.14226437455645985 0.0 0.0 
0.14989895403031575 0.1379922837986947 0.1422503669117484 0.0 0.0 
0.0 0.14603965655170045 0.14935259263798947 0.0 0.0 
0.15429891435868595 0.0 0.13848834594818876 0.0 0.0 
0.15926114168958022 0.1373347516184064 0.0 0.0 0.0 
0.15040503379224046 0.15048175332290714 0.1502937482067963 0.0 0.0 
0.14454026250991356 0.1495055957236431 0.15873452421463738 0.0 0.0 
0.0 0.16150285300401354 0.15240715619784573 0.0 0.0 
0.16342493903512853 0.0 0.15145816224362543 0.0 0.0 
0.15100179188099586 0.15392106535577482 0.0 0.0 0.0 
0.14077275900637223 0.14525206589434253 0.15790677195534567 0.0 0.0 
0.14061477497858002 0.14590727381646773 0.15740840475431447 0.0 0.0 
