file_name
position_num 10
robot_num 25
position_x
-59.00021778103266 5.319346320496862 38.48931748441683 -48.649293389514916 -80.20172876107057 -6.391530658473016 -41.13133435874414 -75.33939283894338 -16.27634004762419 97.94586643493025 
position_y
-29.659241033073314 97.50158053078758 -78.89952602610322 99.85119486648864 68.17748449657992 -94.51306260104688 74.82859764767761 -77.85788776313018 31.800510144412044 39.97744929013413 
distance
0.0 66.03556827094943 97.6465752153092 87.78703074805512 111.07211559867123 105.26389071540977 94.72893257282914 85.38797158879481 108.34147313137666 35.72382525417384 105.79030770082126 
66.03556827094943 0.0 142.5022135512527 109.21911532542335 129.92341837657085 100.10758677643453 83.50863507883437 106.0047424737873 50.892810771089 74.8507230651625 171.70131621479905 
97.6465752153092 142.5022135512527 0.0 179.4926109384752 54.01976267696474 90.40883193212113 192.37143191405087 51.68877913418551 193.02014227306995 69.1592677782647 109.03530576607494 
87.78703074805512 109.21911532542335 179.4926109384752 0.0 198.85914041014001 188.99526841468247 47.51918617150595 173.1236096209616 113.8334762016444 123.50617495927152 132.91657712054618 
111.07211559867123 129.92341837657085 54.01976267696474 198.85914041014001 0.0 44.70771864536435 198.9049599480603 26.1275731663543 179.7021965855762 75.35850183768055 158.35089609249658 
105.26389071540977 100.10758677643453 90.40883193212113 188.99526841468247 44.70771864536435 0.0 178.6509430673956 39.632474372691455 146.11629704331997 73.55093191240677 180.36576077449666 
94.72893257282914 83.50863507883437 192.37143191405087 47.51918617150595 198.9049599480603 178.6509430673956 0.0 172.868307844231 70.93097030309616 126.69975578659256 170.21747918759232 
85.38797158879481 106.0047424737873 51.68877913418551 173.1236096209616 26.1275731663543 39.632474372691455 172.868307844231 0.0 156.47157598774785 49.69091522999434 143.37737032894532 
108.34147313137666 50.892810771089 193.02014227306995 113.8334762016444 179.7021965855762 146.11629704331997 70.93097030309616 156.47157598774785 0.0 124.55283391669184 209.55416421553167 
35.72382525417384 74.8507230651625 69.1592677782647 123.50617495927152 75.35850183768055 73.55093191240677 126.69975578659256 49.69091522999434 124.55283391669184 0.0 114.51451780248713 
105.79030770082126 171.70131621479905 109.03530576607494 132.91657712054618 158.35089609249658 180.36576077449666 170.21747918759232 143.37737032894532 209.55416421553167 114.51451780248713 0.0 
lay
0 1 2 
3 
4 
0 1 
2 
3 4 
0 1 2 
3 4 
0 1 2 
3 4 
0 1 
2 3 4 
0 1 
2 3 
4 
0 
1 2 3 4 
0 1 2 3 
4 
0 1 2 
3 
4 
0 
1 
2 
3 4 
edge
0 3 3 4 
0 2 2 3 2 4 
0 3 2 4 
0 4 2 3 
1 3 1 4 0 2 
1 2 1 3 2 4 0 2 
0 3 0 1 0 2 0 4 
0 4 2 4 
0 3 3 4 
0 1 1 2 2 3 2 4 
demand 
0.0 0.0 0.0 0.09160110424046541 0.09689572964136335 0.0 0.0 0.0 0.10675828715753995 0.0 0.09154748380918806 0.0 0.10409399717923856 0.0 0.0 0.0 0.0 0.0 0.10963876596740625 0.10683510726477877 0.0 0.0 0.0 0.0 0.10394299488834183 
0.09624359106754801 0.09969688655997895 0.10060244163015714 0.0 0.0 0.0 0.10648856255517458 0.0979450950428529 0.0 0.0 0.0 0.0 0.0 0.10063997372897204 0.10607498800082152 0.10667120822234347 0.09053114702688914 0.0 0.0 0.0 0.10607440464739269 0.09311706746918894 0.09363332865130418 0.0 0.0 
0.0 0.0 0.0 0.09853121245874473 0.09848846889735295 0.0 0.0 0.0 0.09721331797094356 0.10137235300827635 0.10000008872192266 0.0 0.10008326813833895 0.0 0.0 0.10792002215486907 0.09311298728940554 0.0 0.0 0.0 0.09099004100541712 0.093959082002554 0.09610738343164484 0.0 0.0 
0.0 0.09889662843979588 0.09768171211861555 0.0 0.0 0.0970683673213486 0.0 0.10725552234440455 0.0 0.0 0.0 0.0 0.0 0.10272409525864817 0.10660961210621643 0.0 0.0 0.0 0.10907506071506053 0.0 0.0 0.0 0.0 0.09634447075695776 0.10490340820154931 
0.10491043290768456 0.10725785093187817 0.0 0.0 0.0 0.0 0.0 0.0 0.09168351501480942 0.09457330139064711 0.0 0.0 0.0 0.09750445644531681 0.10717505605651184 0.1073624697758526 0.09741652493752644 0.0 0.0 0.0 0.0 0.0 0.0 0.0 0.09193204486804903 
0.0 0.0 0.0 0.0 0.10850310674854886 0.0943198971343813 0.09966984911137255 0.09401725885034605 0.0 0.0 0.09156721413453081 0.0 0.09782092578403423 0.0 0.0 0.1067658236150457 0.10186543587409513 0.10875919326530366 0.0 0.0 0.0 0.0 0.0 0.09613871959748392 0.10095492315116879 
0.0 0.0 0.0 0.10576878682627133 0.09954885713059852 0.0 0.10830225718013219 0.09376793453230037 0.0 0.0 0.10487337931028942 0.0 0.10345735914712606 0.0 0.0 0.09597386805172575 0.1068369036345857 0.0 0.0 0.0 0.0 0.0 0.0 0.09186599344706094 0.0 
0.0 0.10855637857598628 0.09906948433649021 0.0 0.0 0.0 0.0 0.0 0.10585922653806801 0.0 0.0 0.10470547722013486 0.1082395825979497 0.0 0.0 0.10971807328892894 0.10972010076724173 0.09520797231106323 0.0 0.0 0.10973669440505206 0.09298686983894168 0.09668940243315854 0.0 0.0 
0.0962378653103095 0.1069065149921989 0.10317789212788152 0.0 0.0 0.0 0.0 0.0 0.09972030638998695 0.0 0.0 0.0 0.0 0.10838129222283546 0.10019786981161627 0.0 0.0 0.0 0.10504091517903474 0.10904345315106632 0.0 0.0 0.0 0.0 0.0935846775631613 
0.0 0.0 0.0 0.09666688128582444 0.092020307646585 0.10743599269255087 0.09321033667649493 0.10749656560432633 0.0 0.0 0.0 0.0 0.0 0.0 0.10766508748154123 0.10802373837626185 0.09497122374010135 0.10347401561019678 0.0 0.0 0.0 0.0 0.0 0.10505455310732284 0.10143275999684989 
rate 
0.0 0.0 0.0 0.09382659647581484 0.10362126855490801 0.0 0.0 0.0 0.10868795578964419 0.0 0.10994689188326157 0.0 0.10443443060996467 0.0 0.0 0.0 0.0 0.0 0.09229405731295856 0.10533692081153152 0.0 0.0 0.0 0.0 0.09077087222222202 
0.10308961696717459 0.09358672545225347 0.09811755797582777 0.0 0.0 0.0 0.10135962566250308 0.09355903349739947 0.0 0.0 0.0 0.0 0.0 0.10857093652949795 0.1020717585045779 0.09181627796362128 0.09251596952094747 0.0 0.0 0.0 0.09196526116283892 0.10443106906113793 0.09858219639924047 0.0 0.0 
0.0 0.0 0.0 0.10926840250462122 0.10691961229279989 0.0 0.0 0.0 0.09209783005246452 0.10778643287255768 0.10763099237751256 0.0 0.09046178063711553 0.0 0.0 0.10628065126004534 0.10110436288626308 0.0 0.0 0.0 0.0976852859156982 0.10163498445115474 0.10580054385409687 0.0 0.0 
0.0 0.09884265828042425 0.09928896522948771 0.0 0.0 0.10234726456899211 0.0 0.1001809502132804 0.0 0.0 0.0 0.0 0.0 0.10692466821049416 0.09801031094035534 0.0 0.0 0.0 0.0906546208920115 0.0 0.0 0.0 0.0 0.09012709960604486 0.10344948381790453 
0.096040351460061 0.09656043121845809 0.0 0.0 0.0 0.0 0.0 0.0 0.1069312804819697 0.10173973320247516 0.0 0.0 0.0 0.10776727408038285 0.09827172803708017 0.10557799492583334 0.09650631979821392 0.0 0.0 0.0 0.0 0.0 0.0 0.0 0.09733132717593167 
0.0 0.0 0.0 0.0 0.09228112855201567 0.10803367632414172 0.09376363639304923 0.09637673302073962 0.0 0.0 0.10146090749125114 0.0 0.10329408906915756 0.0 0.0 0.09280894219536295 0.1078580667044466 0.10749854300999669 0.0 0.0 0.0 0.0 0.0 0.09553202268904884 0.09973929082386436 
0.0 0.0 0.0 0.09509391991659016 0.10537773149522589 0.0 0.10596023154912487 0.09269399775106636 0.0 0.0 0.09103649960018106 0.0 0.09569849785568907 0.0 0.0 0.09198248852701757 0.09613654821129787 0.0 0.0 0.0 0.0 0.0 0.0 0.0950280179202671 0.0 
0.0 0.09484436135335175 0.09705188616533872 0.0 0.0 0.0 0.0 0.0 0.09636372852155124 0.0 0.0 0.09342931978306179 0.09274325644656863 0.0 0.0 0.10619792207375292 0.10991750383149256 0.10941225092729406 0.0 0.0 0.10306396983077935 0.09145077728554685 0.09366705310764278 0.0 0.0 
0.09559043791767478 0.09230774415711984 0.10651213423248146 0.0 0.0 0.0 0.0 0.0 0.10043073698370011 0.0 0.0 0.0 0.0 0.0964606557451612 0.09090739158370129 0.0 0.0 0.0 0.09043278154563922 0.1007499842552474 0.0 0.0 0.0 0.0 0.09409764173337877 
0.0 0.0 0.0 0.09258141028809826 0.0960198747616588 0.09431082538497651 0.10404445825384223 0.1099114884724002 0.0 0.0 0.0 0.0 0.0 0.0 0.09318879208216746 0.1072766267079472 0.0965212365715685 0.09319090865032842 0.0 0.0 0.0 0.0 0.0 0.10918500440296947 0.10790454942572987 
ability 
0.0 0.0 0.0 0.15235741448988382 0.13524476265010724 
0.0 0.0 0.0 0.15348788909757405 0.15410492031251233 
0.0 0.0 0.0 0.13535855316218603 0.1434511831398871 
0.0 0.0 0.0 0.0 0.1646608076900661 
0.0 0.0 0.0 0.14378879675482276 0.0 
0.0 0.14354549651230075 0.14933845600980408 0.0 0.0 
0.16209492999029126 0.0 0.14605560058872968 0.0 0.0 
0.146736550513077 0.14390273333883488 0.0 0.0 0.0 
0.14514710048099944 0.1578013860426751 0.15590646726106686 0.0 0.0 
0.13906435012380494 0.14847759897665236 0.15130921110407272 0.0 0.0 
0.0 0.15962081257534075 0.14414343897248616 0.0 0.0 
0.16088206824289622 0.0 0.1530580801538158 0.0 0.0 
0.15696351466229122 0.1492948785603019 0.0 0.0 0.0 
0.15983355975732097 0.1456764696207643 0.14454102081603587 0.0 0.0 
0.15446761041447307 0.14670357406384243 0.16034130935189392 0.0 0.0 
0.0 0.16260121184146933 0.14529348479304663 0.0 0.0 
0.15496071727281102 0.0 0.13890813199597926 0.0 0.0 
0.1644437421583023 0.14702933479352942 0.0 0.0 0.0 
0.15869943044416968 0.14234088669616146 0.14325723282031325 0.0 0.0 
0.15180936260141364 0.162345846412176 0.15616719132765544 0.0 0.0 
0.0 0.15226302242017795 0.16258043355142446 0.0 0.0 
0.1391456069146921 0.0 0.13749175160496602 0.0 0.0 
0.15697546022129993 0.15819533890200718 0.0 0.0 0.0 
0.14544419950533702 0.151053012582962 0.13691718091940264 0.0 0.0 
0.14916214873172773 0.1549543296207226 0.14044510258218834 0.0 0.0 
