file_name
position_num 5
robot_num 12
position_x
32.0184431960474 50.78971984109157 58.03268212917146 88.95436622958047 64.67890146143054 
position_y
-78.66188458979266 -16.149005632471642 -36.61317667310264 92.97571498717679 -51.61729344017616 
distance
0.0 84.92863352201292 53.29527206473545 68.61717642982174 128.67541664468413 82.75086269246196 
84.92863352201292 0.0 65.27036741445117 49.445267364357306 180.83463418334583 42.40419135598212 
53.29527206473545 65.27036741445117 0.0 21.708127489185888 115.60598982870535 38.090796868704686 
68.61717642982174 49.445267364357306 21.708127489185888 0.0 133.22699196988998 16.41023312974167 
128.67541664468413 180.83463418334583 115.60598982870535 133.22699196988998 0.0 146.6166302838196 
82.75086269246196 42.40419135598212 38.090796868704686 16.41023312974167 146.6166302838196 0.0 
lay
0 
1 2 3 4 
0 1 2 
3 4 
0 1 
2 3 
4 
0 1 
2 
3 4 
0 
1 2 3 
4 
edge
0 2 0 1 0 3 0 4 
1 4 0 3 2 4 
1 3 3 4 2 4 0 2 
0 2 2 3 2 4 1 2 
0 2 0 1 0 3 2 4 3 4 1 4 
demand 
0.09567145318297515 0.0 0.09404453860687975 0.0 0.0 0.10559971741814106 0.0 0.09172035561794836 0.0 0.0 0.0 0.0 0.0 0.09884988221288984 0.0 0.10100798395635313 0.10461710413949173 0.0 0.0 0.0 0.0 0.10357557971423204 0.09316460922275155 0.0 0.0 
0.0 0.0 0.0 0.10248013751682786 0.09655875340693744 0.09204385029646979 0.0 0.0951155527861645 0.0 0.0 0.09243401882451696 0.10656198889814408 0.0 0.0 0.0 0.09433413448711647 0.10879619931651885 0.10949967506531744 0.0 0.0 0.0 0.10692526386478628 0.09197906989513668 0.0 0.0 
0.09560455112613508 0.09386641624321115 0.10946488808738082 0.0 0.0 0.0 0.0 0.0 0.10993112804188487 0.10545447552198373 0.0 0.0 0.0 0.105182346708782 0.09412986571960819 0.10051196646932754 0.09974128143532901 0.09594607471948295 0.0 0.0 0.0 0.0 0.0 0.10366088733732254 0.09464864797329112 
0.0 0.0 0.0 0.0 0.09846635731907388 0.0 0.105159801881414 0.09903834204987504 0.0 0.0 0.0 0.0 0.0 0.10893474885048732 0.0 0.0 0.0 0.0 0.0 0.09105056735453793 0.0 0.0 0.0 0.09833342433431436 0.0 
0.0 0.0 0.0 0.09636231746154963 0.10260729960830135 0.0 0.0 0.0 0.1079209728785354 0.09020639984840761 0.10091227005952141 0.1022135529608468 0.0 0.0 0.0 0.106151752073096 0.10911804600351137 0.10222571169678281 0.0 0.0 0.0 0.0 0.0 0.0 0.10121379829844664 
rate 
0.10476398012673965 0.0 0.09388617318498164 0.0 0.0 0.09246633985466966 0.0 0.1024048428285342 0.0 0.0 0.0 0.0 0.0 0.09808689152302545 0.0 0.10153343722096271 0.0982955163631988 0.0 0.0 0.0 0.0 0.10726041222627909 0.10871327035357535 0.0 0.0 
0.0 0.0 0.0 0.09365002331449561 0.09317441775786522 0.10378709768616734 0.0 0.10782195556067159 0.0 0.0 0.10846518331586699 0.10504684062306086 0.0 0.0 0.0 0.10842433008563053 0.10840985023899706 0.10647684510864663 0.0 0.0 0.0 0.09998242195130598 0.10336446730562757 0.0 0.0 
0.1000930865694839 0.0997832893365882 0.10299303160271507 0.0 0.0 0.0 0.0 0.0 0.10104993423678828 0.09960764443396906 0.0 0.0 0.0 0.09138472871905019 0.10521130811370605 0.10156889889030699 0.09905438707680043 0.09665619592357501 0.0 0.0 0.0 0.0 0.0 0.09687966880491246 0.10528167624683321 
0.0 0.0 0.0 0.0 0.09425050614995094 0.0 0.09429115556073736 0.10557733066708784 0.0 0.0 0.0 0.0 0.0 0.10374777344060443 0.0 0.0 0.0 0.0 0.0 0.10112292515033752 0.0 0.0 0.0 0.09610223952941038 0.0 
0.0 0.0 0.0 0.09964517124255107 0.10406194186360687 0.0 0.0 0.0 0.10702649560752589 0.10015635540165319 0.10894971689889764 0.09818503527339369 0.0 0.0 0.0 0.10925007629892461 0.10082825728484397 0.09100131088503732 0.0 0.0 0.0 0.0 0.0 0.0 0.1018863000762757 
ability 
0.0 0.0 0.0 0.14397795392859308 0.14507115040130197 
0.0 0.0 0.0 0.14900022713904768 0.14131657688995417 
0.0 0.0 0.0 0.14020570744561575 0.1632691555118672 
0.0 0.0 0.0 0.0 0.1430028185128379 
0.0 0.0 0.0 0.1455323781353586 0.0 
0.0 0.0 0.0 0.15190698149055576 0.16093720892740704 
0.15288235715433493 0.0 0.13852745837871247 0.0 0.0 
0.15658994989090386 0.15138481251818417 0.0 0.0 0.0 
0.1481578950849438 0.15783541448147015 0.15294940348903105 0.0 0.0 
0.1518717163476239 0.1610966061301716 0.16493729369304588 0.0 0.0 
0.0 0.1581273284850097 0.15098423909654393 0.0 0.0 
0.15968514756610597 0.0 0.1462241176201982 0.0 0.0 
