file_name
position_num 5
robot_num 50
position_x
23.877159058008175 81.06682971661573 -29.077005187399735 42.347026169893724 50.40704949785254 
position_y
-23.735221134574076 -5.43047044397828 -6.697724069998841 -48.43856304706355 -26.817573955854115 
distance
0.0 33.66718650241736 81.24851315283064 29.838427210325833 64.33945147029165 57.096873048851464 
33.66718650241736 0.0 60.047667131078995 55.62750953579575 30.844628264514242 26.70835048566269 
81.24851315283064 60.047667131078995 0.0 110.15112482002023 57.86984720951235 37.38221929862584 
29.838427210325833 55.62750953579575 110.15112482002023 0.0 82.72659725769508 81.99099528995562 
64.33945147029165 30.844628264514242 57.86984720951235 82.72659725769508 0.0 23.074469556837876 
57.096873048851464 26.70835048566269 37.38221929862584 81.99099528995562 23.074469556837876 0.0 
lay
0 1 2 
3 
4 
0 1 
2 
3 
4 
0 1 
2 
3 4 
0 
1 2 
3 
4 
0 
1 2 3 4 
edge
2 3 3 4 
0 2 2 3 3 4 
1 2 2 4 2 3 0 2 
0 2 2 3 3 4 1 3 
0 1 0 2 0 3 0 4 
demand 
0.0 0.0 0.0 0.10155352695507898 0.09274697755740396 0.0 0.09107794196896363 0.10472882432526759 0.0 0.0 0.0 0.0 0.0 0.09469234881955528 0.0 0.10346934977889477 0.10326516197912645 0.10965621765430783 0.0 0.0 0.0 0.0 0.0 0.10109283461542068 0.09242115410223936 
0.1073567804183434 0.0 0.09127439878541888 0.0 0.0 0.1057779270632555 0.10273059261163796 0.0 0.0 0.0 0.0 0.0 0.0 0.0968697037762042 0.0 0.10712736797186151 0.10832725112136787 0.09820750945048792 0.0 0.0 0.0 0.09027710452292916 0.10005315720784028 0.0 0.0 
0.0 0.0 0.0 0.09565798062837837 0.10675671824018954 0.0 0.0 0.0 0.10896455504977479 0.10710544187982095 0.09953192926974999 0.09944655860912305 0.0 0.0 0.0 0.0 0.0 0.0 0.09885049557024946 0.09498269181264424 0.0 0.0 0.0 0.0 0.09712374624520158 
0.0 0.0 0.0 0.0 0.09264022339540379 0.10411202895399685 0.10646616359521154 0.09655723034283796 0.0 0.0 0.0906583638581685 0.10357636121476013 0.0 0.0 0.0 0.10379482574936956 0.0 0.09450376792140704 0.0 0.0 0.0 0.0 0.0 0.09932037831330559 0.09379930124229954 
0.0 0.10279490137095589 0.10005623886768117 0.0 0.0 0.10637114668845618 0.0 0.10313480653065697 0.0 0.0 0.0 0.0 0.0 0.09175179285365187 0.0 0.09101122407698478 0.10446201123513821 0.09473065543130793 0.0 0.0 0.0 0.0 0.0 0.0 0.09069465070339894 
rate 
0.0 0.0 0.0 0.09948637364618268 0.10644827258233769 0.0 0.10544655525289284 0.102189677151667 0.0 0.0 0.0 0.0 0.0 0.10855618813745718 0.0 0.0993419200949113 0.10693348400578194 0.09097990976503631 0.0 0.0 0.0 0.0 0.0 0.096776330028846 0.09130819428929073 
0.10270136926536844 0.0 0.10221690814391736 0.0 0.0 0.09650916952636626 0.09389687604430755 0.0 0.0 0.0 0.0 0.0 0.0 0.10928242561142723 0.0 0.09803540320587426 0.09756708282314182 0.09449740780733322 0.0 0.0 0.0 0.1066489330668625 0.09268611421338456 0.0 0.0 
0.0 0.0 0.0 0.10529722104475908 0.09144557648109494 0.0 0.0 0.0 0.10664119903596665 0.10020106823523625 0.09482984345121381 0.09876791309317141 0.0 0.0 0.0 0.0 0.0 0.0 0.09166823309982808 0.09799556532704316 0.0 0.0 0.0 0.0 0.10138922536021998 
0.0 0.0 0.0 0.0 0.0934166732394162 0.10812281951268372 0.09344677209837984 0.1083590882182512 0.0 0.0 0.10883331871757221 0.09846306071857834 0.0 0.0 0.0 0.09350199391370734 0.0 0.09082969469095924 0.0 0.0 0.0 0.0 0.0 0.09937462084733695 0.10574889352332106 
0.0 0.09501542731309637 0.0939221804943755 0.0 0.0 0.09773659709546945 0.0 0.10910701017650815 0.0 0.0 0.0 0.0 0.0 0.0913040614935085 0.0 0.09791401199158747 0.0993965572608592 0.09456084469948474 0.0 0.0 0.0 0.0 0.0 0.0 0.1047170269620988 
ability 
0.0 0.0 0.0 0.15966098828322278 0.14473105193293473 
0.0 0.0 0.0 0.1379816340710543 0.15616135807745182 
0.0 0.0 0.0 0.14667187868176504 0.1397500368004878 
0.0 0.0 0.0 0.0 0.1580726005835553 
0.0 0.0 0.0 0.1404213204437229 0.0 
0.0 0.0 0.0 0.13998075723574596 0.1605478205675043 
0.0 0.0 0.0 0.1393575104911014 0.15341402910439952 
0.0 0.0 0.0 0.15512339984855325 0.1534139633968154 
0.0 0.0 0.0 0.0 0.1474807279720856 
0.0 0.0 0.0 0.1590752746152266 0.0 
0.0 0.0 0.0 0.1600252763339806 0.13869049439980333 
0.0 0.0 0.0 0.13743003388341105 0.14563282553297244 
0.0 0.0 0.0 0.13714076762134927 0.14871554252256067 
0.0 0.0 0.0 0.0 0.15836289541774073 
0.0 0.0 0.0 0.1376672470098122 0.0 
0.0 0.0 0.0 0.14113697411950857 0.13958455299969152 
0.0 0.0 0.0 0.1448286644088668 0.1358375696719261 
0.0 0.0 0.0 0.15730852709703672 0.13987230843788132 
0.0 0.0 0.0 0.0 0.15790688702860056 
0.0 0.0 0.0 0.15713943460601 0.0 
0.0 0.0 0.0 0.1515278661673691 0.13746139660450785 
0.0 0.0 0.0 0.15900278246748822 0.14821310585137695 
0.0 0.0 0.0 0.13840603427056689 0.14051995124990882 
0.0 0.0 0.0 0.0 0.1403001613146698 
0.0 0.0 0.0 0.1528175271329184 0.0 
0.0 0.1600680563706559 0.13822752524585344 0.0 0.0 
0.1571790873603114 0.0 0.1499378374592004 0.0 0.0 
0.16412397959153624 0.14844316456883078 0.0 0.0 0.0 
0.15438930786391505 0.14107894284870778 0.14623881356118992 0.0 0.0 
0.16413275054456428 0.15313479019100382 0.15601579898457227 0.0 0.0 
0.0 0.15305104044651954 0.14058008372307365 0.0 0.0 
0.15887770571660922 0.0 0.13821203661886128 0.0 0.0 
0.1465393789293653 0.1369065050021788 0.0 0.0 0.0 
0.14104229280978248 0.15514592128021584 0.1619891087987861 0.0 0.0 
0.15992426293680154 0.1525611814866498 0.14352540846420195 0.0 0.0 
0.0 0.15166015959362486 0.15259440712464592 0.0 0.0 
0.15754435203405825 0.0 0.1491612197089519 0.0 0.0 
0.1587775812415242 0.13784741168496284 0.0 0.0 0.0 
0.14084153446360292 0.16141069378591186 0.13796058093468633 0.0 0.0 
0.14485979987176809 0.14353550864891615 0.14851223151323129 0.0 0.0 
0.0 0.14996346381449377 0.14554642944305815 0.0 0.0 
0.15046121107085267 0.0 0.1548058548244109 0.0 0.0 
0.1603706833856932 0.14639249723254308 0.0 0.0 0.0 
0.13832942799861744 0.15339810453994493 0.14087244890032544 0.0 0.0 
0.14029069190897941 0.1385329332594221 0.1500475418675526 0.0 0.0 
0.0 0.15173457511816985 0.16310004929042046 0.0 0.0 
0.14385872713419695 0.0 0.15699245171809004 0.0 0.0 
0.13835597311935952 0.14970300120265964 0.0 0.0 0.0 
0.1471960784619507 0.14014340317300242 0.1640226089794791 0.0 0.0 
0.1485103620749884 0.1424956723477006 0.14412869752531532 0.0 0.0 
