file_name
position_num 5
robot_num 50
position_x
-53.44291650209616 90.77653347193319 76.25612591160453 48.6182362834941 -39.02235007225594 
position_y
17.85166610267285 42.52701371329354 98.43320308899303 -84.8646917879876 0.8003423998156052 
distance
0.0 56.34560592354421 100.24433113424251 124.51542960374601 97.80464616564896 39.030556659092575 
56.34560592354421 0.0 146.31514798720096 152.6932405383703 144.80030761792545 22.331600394442315 
100.24433113424251 146.31514798720096 0.0 57.7610963039105 134.18632066031878 136.3409889513091 
124.51542960374601 152.6932405383703 57.7610963039105 0.0 185.36982281220494 151.06721190090792 
97.80464616564896 144.80030761792545 134.18632066031878 185.36982281220494 0.0 122.55354119394988 
39.030556659092575 22.331600394442315 136.3409889513091 151.06721190090792 122.55354119394988 0.0 
lay
0 
1 2 3 4 
0 1 2 3 
4 
0 1 
2 
3 4 
0 1 2 
3 
4 
0 1 2 
3 4 
edge
0 1 0 2 0 3 0 4 
1 4 
0 2 2 4 2 3 
0 3 3 4 2 3 
1 4 0 3 2 4 
demand 
0.09179519485094678 0.10477684052291934 0.09575281526231977 0.0 0.0 0.09593750986787764 0.0 0.09694611036418033 0.0 0.0 0.10684270725718813 0.09869481524050842 0.09212734713923708 0.0 0.0 0.0 0.10844276210905934 0.0986337600518994 0.0 0.0 0.1099664214788188 0.09678115442220617 0.10401860405321882 0.0 0.0 
0.10630166029191074 0.10303035277344355 0.0 0.0 0.0 0.0900210351958133 0.0 0.10961216763127796 0.0 0.0 0.0 0.0 0.0 0.0 0.10322585858215896 0.0 0.0 0.0 0.09699581075994465 0.0 0.0 0.0 0.0 0.09552714415995064 0.0 
0.09946546961593881 0.10832569025215828 0.0 0.0 0.0 0.0 0.0945839208824709 0.10660400492050981 0.0 0.0 0.0 0.0 0.0 0.10876559332610665 0.10958457152085255 0.0 0.0 0.0 0.10521013947199309 0.10483953046380248 0.0 0.0 0.0 0.09722377629686255 0.09561163428427377 
0.0 0.0 0.0 0.0 0.09175205222192664 0.0 0.0 0.0 0.09955186552170174 0.10814303692711187 0.0 0.0 0.0 0.10172170384477736 0.0 0.0 0.0 0.0 0.09821420516901097 0.09368642924342098 0.093604002726629 0.09181599919571559 0.0 0.0 0.0 
0.0 0.0 0.0 0.0 0.09856648149454379 0.0 0.09788627900927623 0.09312814309765176 0.0 0.0 0.0 0.0 0.0 0.09100922119192295 0.09734568702035871 0.10938956578005195 0.0 0.10844670634949805 0.0 0.0 0.09784494762282536 0.09094772852469817 0.10111038123913188 0.0 0.0 
rate 
0.0918104328927785 0.10030713713375737 0.09684372216332893 0.0 0.0 0.09731241215465468 0.0 0.1043349541141059 0.0 0.0 0.09570412562991686 0.10786658952946314 0.10451640534933182 0.0 0.0 0.0 0.09492230862289447 0.09173479454590881 0.0 0.0 0.09432544908896687 0.10903570442404886 0.09916343050180987 0.0 0.0 
0.1087882960970741 0.09767814782048082 0.0 0.0 0.0 0.09765186283176443 0.0 0.0913594934416076 0.0 0.0 0.0 0.0 0.0 0.0 0.10063423538295352 0.0 0.0 0.0 0.10026967247517665 0.0 0.0 0.0 0.0 0.10820731517604061 0.0 
0.09396455898629305 0.09297298468612962 0.0 0.0 0.0 0.0 0.10006369083465388 0.0925210416685659 0.0 0.0 0.0 0.0 0.0 0.10215655454431763 0.09017096466341874 0.0 0.0 0.0 0.09116511078858178 0.10596447596011005 0.0 0.0 0.0 0.10037227536232443 0.10277605583385388 
0.0 0.0 0.0 0.0 0.09955775269750014 0.0 0.0 0.0 0.09624048691990028 0.09731751468320118 0.0 0.0 0.0 0.10931798160735735 0.0 0.0 0.0 0.0 0.10804433602605822 0.09042585716813448 0.09913927840623861 0.09820344640067474 0.0 0.0 0.0 
0.0 0.0 0.0 0.0 0.09900176799164793 0.0 0.09365921904172736 0.09017241959069748 0.0 0.0 0.0 0.0 0.0 0.09714576017350174 0.1022890867670173 0.10571584214077667 0.0 0.09061598320625275 0.0 0.0 0.10725417969797482 0.09023496359227834 0.09358830317368133 0.0 0.0 
ability 
0.0 0.0 0.0 0.13701826951681093 0.14546861112366624 
0.0 0.0 0.0 0.16255449325008928 0.15440278116377396 
0.0 0.0 0.0 0.15329536830787227 0.155442174387926 
0.0 0.0 0.0 0.0 0.15035018335078063 
0.0 0.0 0.0 0.1475184390017032 0.0 
0.0 0.0 0.0 0.14160621300670131 0.13823348766553803 
0.0 0.0 0.0 0.14334392553014044 0.1473985947374555 
0.0 0.0 0.0 0.14027757446404016 0.15241291032846188 
0.0 0.0 0.0 0.0 0.15798579666823317 
0.0 0.0 0.0 0.13936201526246422 0.0 
0.0 0.13858059157386513 0.15654166346958948 0.0 0.0 
0.14903752905910603 0.0 0.16269645620493534 0.0 0.0 
0.16450916325568182 0.15436281269366917 0.0 0.0 0.0 
0.15958572107529911 0.15187147010680974 0.15004656716443435 0.0 0.0 
0.16251853668619712 0.14090262085315622 0.14625228047386568 0.0 0.0 
0.0 0.1470593371396191 0.14853509215457425 0.0 0.0 
0.1623147291066087 0.0 0.1363060999157455 0.0 0.0 
0.14243510575355167 0.16229476378709182 0.0 0.0 0.0 
0.16200384218672523 0.15363785145506267 0.14887223961886487 0.0 0.0 
0.15201801485735114 0.1386999159765627 0.15885521435908104 0.0 0.0 
0.0 0.14141239991357377 0.147967679977606 0.0 0.0 
0.15900691474661802 0.0 0.15294324509594195 0.0 0.0 
0.15431364793487662 0.16315767316358254 0.0 0.0 0.0 
0.14968912789056651 0.15843668307586437 0.14554325020766062 0.0 0.0 
0.13828388016769602 0.14155995885838826 0.13592438734170995 0.0 0.0 
0.0 0.15579652331914481 0.16031266636355104 0.0 0.0 
0.1567440641275731 0.0 0.16026645416603444 0.0 0.0 
0.16310673856019878 0.1641513041899426 0.0 0.0 0.0 
0.15344409725874206 0.15038399568593866 0.15083376967710777 0.0 0.0 
0.16063195775578046 0.1454165146089155 0.15241662233446293 0.0 0.0 
0.0 0.15412131429731465 0.15980617610553577 0.0 0.0 
0.140212081578076 0.0 0.1474899523456722 0.0 0.0 
0.137303025895806 0.14867589425874272 0.0 0.0 0.0 
0.15551423176436158 0.14162013289145628 0.14542670178061162 0.0 0.0 
0.15084779996158107 0.14489326207357228 0.1352715715940449 0.0 0.0 
0.0 0.14304743764706154 0.15708284694858293 0.0 0.0 
0.1361948967356287 0.0 0.14181179264799093 0.0 0.0 
0.1576365894540596 0.15185477676675174 0.0 0.0 0.0 
0.14396208491190532 0.15479420014484566 0.1633323381873741 0.0 0.0 
0.14391172023355592 0.16021790493316584 0.1401817027412933 0.0 0.0 
0.0 0.14917507440737984 0.15445510315103095 0.0 0.0 
0.14151644118492537 0.0 0.1549969097249703 0.0 0.0 
0.16128483607511696 0.15503528677533165 0.0 0.0 0.0 
0.1567726150984863 0.14834811253007427 0.14228446658310848 0.0 0.0 
0.14243918103086986 0.1583781133249402 0.1557771771818788 0.0 0.0 
0.0 0.13691096013096551 0.13690612610035255 0.0 0.0 
0.1571184523794385 0.0 0.1404593491585849 0.0 0.0 
0.14085131992470018 0.14312116493001295 0.0 0.0 0.0 
0.15438852425346153 0.14471984499093482 0.15397777029117898 0.0 0.0 
0.14332670549510926 0.14717769040628415 0.14861127632439858 0.0 0.0 
