file_name
position_num 10
robot_num 100
position_x
-72.95998239398176 -22.76222025242798 9.531823292745472 -7.040981155157127 -55.196435331630035 -60.86591712424345 -77.03662433288818 5.1351837981414405 -81.4676622547545 78.44261118733749 
position_y
-82.63523612196259 66.18000291760285 70.35432974546057 -28.01723711364737 87.34282660500295 79.35145578094881 -69.12458672527953 0.7219038517304313 -28.230300566585484 58.69074377441393 
distance
0.0 110.23493674812282 69.98508024567782 70.99709408994937 28.888423132971752 103.32190393459864 100.00656679404182 103.50289840650468 5.185678143872562 86.22024045045634 97.96860035073335 
110.23493674812282 0.0 157.05346444578356 173.81227019333062 85.60631133273111 170.9037314181543 162.43754113011386 14.112287433940082 114.2246373037323 55.06612052249672 207.1129593647417 
69.98508024567782 157.05346444578356 0.0 32.56271261678504 95.50014339391605 38.727811895689655 40.31598796793333 145.78423411575707 71.15495686231772 111.17389227991015 101.48155945424361 
70.99709408994937 173.81227019333062 32.56271261678504 0.0 99.75782181655914 66.92052368362583 70.97034685498032 164.1598740988911 69.77109125340762 134.16346635232875 69.89088585758121 
28.888423132971752 85.60631133273111 95.50014339391605 99.75782181655914 0.0 125.00756804335265 120.10478735658438 81.17391364198971 31.212132519227083 74.42698607048483 121.76090714782889 
103.32190393459864 170.9037314181543 38.727811895689655 66.92052368362583 125.00756804335265 0.0 9.798215727586266 157.98431975952593 105.56082855608993 118.52141194006445 136.67602790917542 
100.00656679404182 162.43754113011386 40.31598796793333 70.97034685498032 120.10478735658438 9.798215727586266 0.0 149.3540323189804 102.65842274044778 109.53659754275175 140.83227996789486 
103.50289840650468 14.112287433940082 145.78423411575707 164.1598740988911 81.17391364198971 157.98431975952593 149.3540323189804 0.0 107.84590069839041 41.133644835999796 201.27233140374676 
5.185678143872562 114.2246373037323 71.15495686231772 69.77109125340762 31.212132519227083 105.56082855608993 102.65842274044778 107.84590069839041 0.0 91.31419980014908 93.45782638390406 
86.22024045045634 55.06612052249672 111.17389227991015 134.16346635232875 74.42698607048483 118.52141194006445 109.53659754275175 41.133644835999796 91.31419980014908 0.0 182.00704245071017 
97.96860035073335 207.1129593647417 101.48155945424361 69.89088585758121 121.76090714782889 136.67602790917542 140.83227996789486 201.27233140374676 93.45782638390406 182.00704245071017 0.0 
lay
0 1 2 
3 
4 
0 1 2 3 4 
0 1 
2 
3 4 
0 1 
2 
3 
4 
0 1 2 
3 
4 
0 1 2 
3 4 
0 1 2 3 
4 
0 1 
2 3 4 
0 1 2 3 4 
0 1 2 3 4 
edge
0 3 3 4 

0 2 2 4 2 3 
1 2 2 3 3 4 0 2 
0 3 3 4 1 3 
0 4 2 3 
3 4 0 4 
1 4 0 2 0 3 


demand 
0.0 0.09870052814529742 0.09027541347482104 0.0 0.0 0.0 0.0 0.0 0.09720461948944528 0.10457502071401048 0.0 0.0 0.0 0.0 0.09188454754918658 0.1041192780446715 0.0 0.09963111465468227 0.0 0.0 0.0 0.0 0.0 0.0 0.09952026940487751 
0.10950913264436109 0.09510111669403859 0.0 0.0 0.0 0.0 0.0 0.0 0.10149369504452516 0.1081256172380749 0.10393153582326989 0.0 0.10327000798200281 0.0 0.0 0.0 0.0 0.0 0.10984973024181213 0.10024477349876937 0.103656351065722 0.09352779587811698 0.10553730023065132 0.0 0.0 
0.0 0.0 0.0 0.09048210576467519 0.0 0.09867467246875687 0.10189032964937023 0.09719706665738828 0.0 0.0 0.09712164656968203 0.0 0.09254831029989208 0.0 0.0 0.09123434294351886 0.09345744217674515 0.10916761150784537 0.0 0.0 0.09797195898111469 0.10011872560023866 0.10556260638564717 0.0 0.0 
0.0 0.0 0.0 0.0 0.09710260647930742 0.09641562742324163 0.10935965965671367 0.09178682645785272 0.0 0.0 0.10465543881156017 0.0 0.10151740021508973 0.0 0.0 0.09531172178559216 0.0 0.10409859172934122 0.0 0.0 0.0 0.0 0.0 0.09780611383146319 0.0 
0.0 0.0 0.0 0.0 0.09954714303320307 0.0 0.0 0.0 0.09610020812771491 0.09541646549736299 0.0 0.0 0.0 0.10268687372043489 0.09443331752826313 0.09690788532519866 0.10192027336411408 0.0 0.0 0.0 0.0 0.0 0.0 0.10881314991623661 0.0 
0.10210770811035215 0.09093042277763341 0.09979472080653162 0.0 0.0 0.0 0.0 0.0 0.09279174772208781 0.10587461346077642 0.0 0.09894497367578861 0.1027397633347063 0.0 0.0 0.10506020957884053 0.09343215088805383 0.09637922445792303 0.0 0.0 0.09113736606129938 0.10885339764873603 0.10803796456445165 0.0 0.0 
0.0 0.0 0.0 0.09510003449334604 0.10073061474980552 0.09386541033195743 0.10747817149167152 0.0996308857630012 0.0 0.0 0.0 0.0 0.0 0.10991484829909914 0.10336879579549299 0.0 0.0 0.0 0.10613092342042939 0.09370970607206851 0.0 0.0 0.0 0.10002461262514904 0.0 
0.0 0.0 0.0 0.09719612314305354 0.09170214541176905 0.0 0.0 0.0 0.10994676876896481 0.09662703444245989 0.0 0.0 0.0 0.09405228434449965 0.09502310926084354 0.10256779991721157 0.0931512924880426 0.0 0.0 0.0 0.10885426968700099 0.10921290697639033 0.0 0.0 0.0 
0.0 0.0 0.0 0.09189273053475455 0.09038756708687964 0.09944622246203758 0.09788912832597566 0.10563401386617875 0.0 0.0 0.0 0.0 0.0 0.0 0.10699435126742114 0.0 0.102503428394441 0.10149514513370582 0.0 0.0 0.0 0.0 0.0 0.09351430513511344 0.09798876419598912 
0.0 0.09216374420065862 0.10738472054458309 0.0 0.0 0.0 0.0 0.0 0.09380242209951842 0.10086542649998123 0.0 0.09926435627245012 0.0959943251447805 0.0 0.0 0.09658942267916971 0.105935717014349 0.0 0.0 0.0 0.0 0.0 0.0 0.10960380693218835 0.0 
rate 
0.0 0.10184715431529795 0.09674430854724024 0.0 0.0 0.0 0.0 0.0 0.10704415928807838 0.09413378346103578 0.0 0.0 0.0 0.0 0.09477136762075435 0.10462161744560708 0.0 0.0977102733351505 0.0 0.0 0.0 0.0 0.0 0.0 0.10733348876770298 
0.10065084348868691 0.10165488625738271 0.0 0.0 0.0 0.0 0.0 0.0 0.10108480663592051 0.09844115173799638 0.09886276458258975 0.0 0.09155934138498366 0.0 0.0 0.0 0.0 0.0 0.10911561001891155 0.0914413834840019 0.09778760967846678 0.10332826341777478 0.09611181927581823 0.0 0.0 
0.0 0.0 0.0 0.10492257241858148 0.0 0.10139407239216446 0.09310241427505196 0.10945710078065037 0.0 0.0 0.1042814109631764 0.0 0.10732235938303891 0.0 0.0 0.10936434896212276 0.10897176095439731 0.09055108338364207 0.0 0.0 0.09014931142696471 0.09285039893598276 0.106654770726424 0.0 0.0 
0.0 0.0 0.0 0.0 0.10896476412627419 0.10796044705870766 0.10805286852240144 0.10297066161756946 0.0 0.0 0.09560472021846174 0.0 0.09502218607572478 0.0 0.0 0.10111400406183707 0.0 0.10155315479993102 0.0 0.0 0.0 0.0 0.0 0.10305623993654428 0.0 
0.0 0.0 0.0 0.0 0.09581060584046316 0.0 0.0 0.0 0.09518372019189661 0.10107488154297256 0.0 0.0 0.0 0.09302812795332639 0.10626337337544572 0.1079134148516417 0.0985521509214363 0.0 0.0 0.0 0.0 0.0 0.0 0.10808076693916946 0.0 
0.0947138340434031 0.10565628781923966 0.09059985358927254 0.0 0.0 0.0 0.0 0.0 0.09434051674232175 0.10211180752030086 0.0 0.09305636834718765 0.09364451820635197 0.0 0.0 0.09453436236457817 0.10766955225875155 0.1003302500807847 0.0 0.0 0.0968129728140945 0.10433011767110636 0.10001533026018279 0.0 0.0 
0.0 0.0 0.0 0.09892951375681808 0.10228130794641786 0.09534844496349486 0.09606078582147631 0.09611737372418586 0.0 0.0 0.0 0.0 0.0 0.10034352604536355 0.10430927358559745 0.0 0.0 0.0 0.09238114315444582 0.09423395428004681 0.0 0.0 0.0 0.10722987471764078 0.0 
0.0 0.0 0.0 0.09656174599783242 0.10727161955748817 0.0 0.0 0.0 0.10585703157651914 0.10470597793777013 0.0 0.0 0.0 0.10858523379673919 0.10243589816340432 0.10199546661860315 0.09109843218356937 0.0 0.0 0.0 0.10477313388438719 0.09423431472925692 0.0 0.0 0.0 
0.0 0.0 0.0 0.10001894542348506 0.10158018888807059 0.10828736628356797 0.10440380054768772 0.10022048112193421 0.0 0.0 0.0 0.0 0.0 0.0 0.09229730301715695 0.0 0.0935500925463798 0.09554394758981483 0.0 0.0 0.0 0.0 0.0 0.10381541176386339 0.09092384983474999 
0.0 0.10817137734596034 0.10026940505579872 0.0 0.0 0.0 0.0 0.0 0.09665377122286184 0.09545701852243466 0.0 0.09840425072436225 0.09385763637425355 0.0 0.0 0.10517555586227717 0.09280614571753096 0.0 0.0 0.0 0.0 0.0 0.0 0.10169079606356064 0.0 
ability 
0.0 0.0 0.0 0.15750993756789403 0.1448430730904298 
0.0 0.0 0.0 0.14546717255244865 0.13637898004829557 
0.0 0.0 0.0 0.15174923226801879 0.1369341986671513 
0.0 0.0 0.0 0.0 0.14595794968753292 
0.0 0.0 0.0 0.16184531263306412 0.0 
0.0 0.0 0.0 0.13740809763138687 0.16366931435312287 
0.0 0.0 0.0 0.16045158895508338 0.13996390377586954 
0.0 0.0 0.0 0.15934972405375844 0.14152261901702676 
0.0 0.0 0.0 0.0 0.15280611107520742 
0.0 0.0 0.0 0.13813224535710378 0.0 
0.0 0.0 0.0 0.13581558300592717 0.14454686093818458 
0.0 0.0 0.0 0.13714373211324007 0.15262657923944312 
0.0 0.0 0.0 0.14066920487275575 0.15221600473876984 
0.0 0.0 0.0 0.0 0.1426004903328234 
0.0 0.0 0.0 0.14466438371558396 0.0 
0.0 0.0 0.0 0.1648635051454973 0.14173248260642868 
0.0 0.0 0.0 0.14789656911123153 0.1359256800395992 
0.0 0.0 0.0 0.1647237064140569 0.14133844165969178 
0.0 0.0 0.0 0.0 0.13739335101078887 
0.0 0.0 0.0 0.1421140551534392 0.0 
0.0 0.0 0.0 0.13960963716293676 0.1423891657671923 
0.0 0.0 0.0 0.1649298209238258 0.16333620035771565 
0.0 0.0 0.0 0.13989910577441692 0.1416712422073493 
0.0 0.0 0.0 0.0 0.15767499825185885 
0.0 0.0 0.0 0.14191223053191318 0.0 
0.0 0.0 0.0 0.14027163374661406 0.14266507758458552 
0.0 0.0 0.0 0.15365928451785485 0.16314653791167222 
0.0 0.0 0.0 0.16024221556814439 0.16193164125695325 
0.0 0.0 0.0 0.0 0.15338142878355146 
0.0 0.0 0.0 0.14448051218606342 0.0 
0.0 0.0 0.0 0.15068105508066282 0.1535977412516005 
0.0 0.0 0.0 0.1505842943611285 0.1384808261792282 
0.0 0.0 0.0 0.14282741557932832 0.15867741299947177 
0.0 0.0 0.0 0.0 0.1404495003385205 
0.0 0.0 0.0 0.13609940493836795 0.0 
0.0 0.0 0.0 0.14841766503411793 0.14880901726135887 
0.0 0.0 0.0 0.15753797620982826 0.15450136408539286 
0.0 0.0 0.0 0.14062651345314275 0.16196229288834527 
0.0 0.0 0.0 0.0 0.1591906178192584 
0.0 0.0 0.0 0.14888731188890517 0.0 
0.0 0.0 0.0 0.15697342436188352 0.16434831319868193 
0.0 0.0 0.0 0.14171842217368813 0.1500986146207089 
0.0 0.0 0.0 0.1429883191689435 0.14606861291622483 
0.0 0.0 0.0 0.0 0.15481566305043978 
0.0 0.0 0.0 0.1557114603172833 0.0 
0.0 0.0 0.0 0.1577880266762914 0.1447109576707593 
0.0 0.0 0.0 0.1422172717483331 0.15683100467782224 
0.0 0.0 0.0 0.16086545531241303 0.1613604617255429 
0.0 0.0 0.0 0.0 0.14168762063940946 
0.0 0.0 0.0 0.14726439967860086 0.0 
0.0 0.1375189864879651 0.15080827657253854 0.0 0.0 
0.1422114741379664 0.0 0.14769310117333959 0.0 0.0 
0.15088360686300115 0.13824514904848617 0.0 0.0 0.0 
0.15673268989948258 0.15251877050653104 0.14318450512599556 0.0 0.0 
0.14687664240367784 0.1494734334729363 0.15898698580717696 0.0 0.0 
0.0 0.164985037291898 0.14156197368166365 0.0 0.0 
0.14067774460302404 0.0 0.14862584763460399 0.0 0.0 
0.1355284015877104 0.15112868226039983 0.0 0.0 0.0 
0.15212865699522854 0.15454418335569978 0.148516105653122 0.0 0.0 
0.15769289519422583 0.15916390677134476 0.14421709916014755 0.0 0.0 
0.0 0.14050134519882324 0.15576329761988345 0.0 0.0 
0.16278776333860173 0.0 0.15494211573507133 0.0 0.0 
0.16197838346367513 0.15326448384973126 0.0 0.0 0.0 
0.14726153527024596 0.15276049247729764 0.1594149312562794 0.0 0.0 
0.13592032706979545 0.15085469908707333 0.14569396102147247 0.0 0.0 
0.0 0.149428529678211 0.14141700489189266 0.0 0.0 
0.1474457482892676 0.0 0.15882444035490725 0.0 0.0 
0.1614276497036054 0.14821454657763544 0.0 0.0 0.0 
0.1525051506412649 0.15803655475879283 0.13542343811698487 0.0 0.0 
0.14718534860253496 0.15996506208564476 0.16346764260655233 0.0 0.0 
0.0 0.1450467812143015 0.14135784674290222 0.0 0.0 
0.15767318400368455 0.0 0.16102824444403016 0.0 0.0 
0.16447759519262303 0.13587537462310934 0.0 0.0 0.0 
0.1464878749727178 0.1554801495182815 0.1414640618772549 0.0 0.0 
0.15010349461680303 0.16025479529198186 0.15691572898629716 0.0 0.0 
0.0 0.13986116606968998 0.13534304161174915 0.0 0.0 
0.15743994237356998 0.0 0.14415618420152013 0.0 0.0 
0.1505274091995183 0.15724252066161695 0.0 0.0 0.0 
0.13648053657208542 0.15434516382225613 0.14101651877760163 0.0 0.0 
0.1438111208367115 0.15743726551384774 0.162801874919376 0.0 0.0 
0.0 0.1494991043477799 0.1464679488348485 0.0 0.0 
0.15338972221412592 0.0 0.15651324391031535 0.0 0.0 
0.15588369544081737 0.14170357783825194 0.0 0.0 0.0 
0.15346934939151619 0.1566183116779637 0.16259383959441157 0.0 0.0 
0.1623856679536443 0.14916014082952803 0.16309977165337428 0.0 0.0 
0.0 0.14931901575590775 0.15868909732898917 0.0 0.0 
0.154855761014308 0.0 0.13602334222000578 0.0 0.0 
0.15968647997836968 0.16090077496564192 0.0 0.0 0.0 
0.15327959218122073 0.14033956977388426 0.1575533754216732 0.0 0.0 
0.163011596392525 0.14808681961703385 0.14861668755282986 0.0 0.0 
0.0 0.14583005622642756 0.13608548061560755 0.0 0.0 
0.13876039968137607 0.0 0.1392176086174681 0.0 0.0 
0.14353000598214005 0.15956209287430215 0.0 0.0 0.0 
0.13712495546104445 0.1351204672092512 0.13939912895163023 0.0 0.0 
0.1366642415171882 0.15386083174536402 0.15942054592508811 0.0 0.0 
0.0 0.14915400912292162 0.14401534740724095 0.0 0.0 
0.15613764122358473 0.0 0.14556103121555058 0.0 0.0 
0.13873550515046704 0.16483865015984261 0.0 0.0 0.0 
0.16034648751445696 0.15402307771753063 0.13564732769725604 0.0 0.0 
0.15225212601762209 0.1382139025882863 0.1445635016179833 0.0 0.0 
