file_name
position_num 10
robot_num 50
position_x
40.165399684204885 87.42481843414691 -65.37869618578358 56.069085939827744 -61.85012722819745 -73.021273642426 -28.26629528917657 -15.794886215949717 81.08705004314274 -17.760567461446357 
position_y
-72.49252272987337 -25.77868184947225 -35.18688551478202 -76.7587659270824 -81.29407929666179 5.915707243444885 -35.49909207454492 66.16017334131138 71.17460913157433 -70.67986553275823 
distance
0.0 82.87596264015961 91.14625234281365 74.24615025160139 95.05603897057995 102.14776339615149 73.26050775521695 45.378067251613345 68.01946020902524 107.89316322052811 72.87716479310492 
82.87596264015961 0.0 66.45024898660506 111.94314066095039 16.465966948072612 102.39450731955041 137.69195163951383 77.79081429436586 149.51964327751514 149.3814789235726 57.95432163241427 
91.14625234281365 66.45024898660506 0.0 153.09287500210866 59.85107294623466 159.2638337985598 163.54657673769066 116.09875179986503 138.22829132216407 97.16021788897707 114.36818483374238 
74.24615025160139 111.94314066095039 153.09287500210866 0.0 128.36582498564235 46.24201679564002 41.807082194640486 37.1137140858529 112.82632915195396 181.01100066516162 59.39055323672282 
95.05603897057995 16.465966948072612 59.85107294623466 128.36582498564235 0.0 118.00639771438857 153.29510576368642 93.8872579930805 159.96953989934832 150.03393610820174 74.07948941074297 
102.14776339615149 102.39450731955041 159.2638337985598 46.24201679564002 118.00639771438857 0.0 87.92235995797145 56.78956437922593 154.47926024460193 208.99219506317715 45.34920963205154 
73.26050775521695 137.69195163951383 163.54657673769066 41.807082194640486 153.29510576368642 87.92235995797145 0.0 60.97699311993986 83.09184745389976 167.35620605409449 94.44907313751251 
45.378067251613345 77.79081429436586 116.09875179986503 37.1137140858529 93.8872579930805 56.78956437922593 60.97699311993986 0.0 102.42139566107895 152.76594078649168 36.71589762362444 
68.01946020902524 149.51964327751514 138.22829132216407 112.82632915195396 159.96953989934832 154.47926024460193 83.09184745389976 102.42139566107895 0.0 97.0116185804851 136.85415646525237 
107.89316322052811 149.3814789235726 97.16021788897707 181.01100066516162 150.03393610820174 208.99219506317715 167.35620605409449 152.76594078649168 97.0116185804851 0.0 172.89749410742573 
72.87716479310492 57.95432163241427 114.36818483374238 59.39055323672282 74.07948941074297 45.34920963205154 94.44907313751251 36.71589762362444 136.85415646525237 172.89749410742573 0.0 
lay
0 1 2 3 
4 
0 1 2 
3 4 
0 1 2 
3 
4 
0 1 2 3 4 
0 1 2 3 4 
0 1 2 3 
4 
0 
1 2 
3 4 
0 1 2 
3 
4 
0 1 2 3 
4 
0 1 2 
3 4 
edge
2 4 
1 3 2 4 
0 3 3 4 1 3 


1 4 3 4 
0 2 2 3 2 4 1 3 
1 3 3 4 0 3 
1 4 2 4 
0 3 2 3 2 4 
demand 
0.0 0.0 0.0 0.0 0.10345079914384991 0.0 0.0 0.0 0.09021031121556528 0.0 0.0 0.0 0.0 0.09811179635591283 0.10242926713580987 0.09372999730517803 0.09693381558898699 0.1015218841154389 0.0 0.0 0.10119058482951189 0.10808902494876915 0.10524905007688737 0.0 0.0 
0.0 0.10312738973008058 0.10662489402178349 0.0 0.0 0.09133771928411866 0.0958868607583912 0.0 0.0 0.0 0.09870190380985565 0.09680180426932178 0.09871886057547516 0.0 0.0 0.0 0.09608249235511615 0.10195703811350534 0.0 0.0 0.10670062570571114 0.0 0.10520812249836371 0.0 0.0 
0.0 0.0 0.0 0.0 0.10512285873888796 0.0 0.0 0.0 0.10932936244591729 0.0 0.10265582966553838 0.09475181683670375 0.0 0.0 0.0 0.10322261919286005 0.09099007474377235 0.0 0.0 0.0 0.09098332215884641 0.0 0.09659035769521974 0.0 0.0 
0.09643507234354937 0.09713412064851834 0.10338237598871501 0.0 0.0 0.09436491957559885 0.09454911034214344 0.0964101823346166 0.0 0.0 0.0 0.0 0.0 0.10021623305783921 0.09034132246784479 0.0 0.0 0.0 0.09354476518652856 0.10433558722288616 0.0 0.0 0.0 0.10526303669768633 0.09063685773457905 
0.0 0.0 0.0 0.0 0.09026377792344703 0.09200885116182284 0.10136609519004224 0.10358973816360162 0.0 0.0 0.0 0.09583182593369438 0.0974951113528028 0.0 0.0 0.09625491685677093 0.0 0.10728972693671023 0.0 0.0 0.09352367768915401 0.10884804821929356 0.10465602496299285 0.0 0.0 
0.0 0.0 0.0 0.10339819114420386 0.09755213294348558 0.0 0.0 0.0 0.09552044226913775 0.10179193884072069 0.0 0.0 0.0 0.10888673414821193 0.0 0.0 0.09026795001037774 0.10667724806592656 0.0 0.0 0.0 0.0 0.0 0.0983681342567984 0.10054155086826533 
0.10623214613671071 0.10112158330038273 0.09370301451611276 0.0 0.0 0.0 0.0 0.0 0.09649772991887394 0.0957337079208666 0.09305277632020609 0.0 0.09853657680608058 0.0 0.0 0.0 0.0 0.0 0.09089150135650848 0.10345054387108686 0.0 0.0 0.0 0.0 0.09356869669996157 
0.0 0.0 0.0 0.09313658992722285 0.10491576387569346 0.09601435824345386 0.0 0.10448186563722128 0.0 0.0 0.0 0.0 0.0 0.09098999007783434 0.0920014342641025 0.0 0.0 0.0 0.09874191534288074 0.0 0.09799029386136775 0.09120012282190258 0.0 0.0 0.0 
0.09855909707656428 0.09384609966917228 0.0 0.0 0.0 0.0 0.0 0.0 0.10799524490440988 0.107273332153301 0.0 0.0 0.0 0.09099137593826888 0.09973809376488071 0.0 0.09480229072606693 0.10772431867544736 0.0 0.0 0.0 0.0 0.0 0.1044822608463097 0.09768626933219843 
0.0 0.0 0.0 0.0 0.09823597878617524 0.0 0.0 0.0 0.09762379303989038 0.1084254749098528 0.09282654639079314 0.10766992157163824 0.0920831615560955 0.0 0.0 0.0 0.0 0.0 0.10026688461806382 0.0 0.10808634607262367 0.0985094157402514 0.09279385443568965 0.0 0.0 
rate 
0.0 0.0 0.0 0.0 0.10987842792314335 0.0 0.0 0.0 0.10371257869313899 0.0 0.0 0.0 0.0 0.10097406510293297 0.09912263743695666 0.10713861675099708 0.1007666560436546 0.09872556895497175 0.0 0.0 0.09939206862796296 0.09777301102952464 0.096452058919217 0.0 0.0 
0.0 0.1046348598020495 0.09317696359285126 0.0 0.0 0.10809815697773013 0.10687537319971019 0.0 0.0 0.0 0.09351240535980221 0.09418396906954742 0.09518121657943311 0.0 0.0 0.0 0.10704381722360874 0.09798115619843378 0.0 0.0 0.09621331529680222 0.0 0.10707682477908216 0.0 0.0 
0.0 0.0 0.0 0.0 0.10872107116291968 0.0 0.0 0.0 0.09134896105047254 0.0 0.10289312452065479 0.10602008621231543 0.0 0.0 0.0 0.09911058038094435 0.10010652739542997 0.0 0.0 0.0 0.09483073055840463 0.0 0.1084630578510276 0.0 0.0 
0.10916891762063768 0.09978544032798634 0.09005301688036307 0.0 0.0 0.10943062509325896 0.09417027046267476 0.1095368254406548 0.0 0.0 0.0 0.0 0.0 0.10658376366935374 0.10192487317882366 0.0 0.0 0.0 0.09194595459904002 0.09350488884029841 0.0 0.0 0.0 0.09325865270090312 0.0978804633433536 
0.0 0.0 0.0 0.0 0.0987240786927955 0.10035678834325445 0.1066320300545449 0.09470521399650224 0.0 0.0 0.0 0.09099180585494125 0.10480831089084836 0.0 0.0 0.09012490625813918 0.0 0.09810542160019203 0.0 0.0 0.09304057606170889 0.09190902003057122 0.10958712908084463 0.0 0.0 
0.0 0.0 0.0 0.10795205441568029 0.0901431648340259 0.0 0.0 0.0 0.10149349939586053 0.10428918466508366 0.0 0.0 0.0 0.10770619102628945 0.0 0.0 0.10618323338589453 0.10896841482432373 0.0 0.0 0.0 0.0 0.0 0.1070680825713464 0.10349869584815659 
0.09189552290647086 0.10408242177919734 0.09423160766748241 0.0 0.0 0.0 0.0 0.0 0.1069859052513506 0.09636756487147005 0.09918042990567887 0.0 0.10753180624339334 0.0 0.0 0.0 0.0 0.0 0.10639541799378681 0.10560766235705182 0.0 0.0 0.0 0.0 0.09326698187319989 
0.0 0.0 0.0 0.0931360916070093 0.09277063179918431 0.1097758993968069 0.0 0.10585682041276008 0.0 0.0 0.0 0.0 0.0 0.10214036816137924 0.09498323816614132 0.0 0.0 0.0 0.1019818551941246 0.0 0.10372215077832002 0.09503463784615476 0.0 0.0 0.0 
0.09784820469761868 0.10658189431065118 0.0 0.0 0.0 0.0 0.0 0.0 0.09192402991469956 0.1006477886845739 0.0 0.0 0.0 0.1088488241676827 0.10474598445599702 0.0 0.09268536926499438 0.10231939875311179 0.0 0.0 0.0 0.0 0.0 0.09463278526403374 0.10420996507330854 
0.0 0.0 0.0 0.0 0.0900861535690524 0.0 0.0 0.0 0.10602382759439609 0.0963015080780567 0.09022907806140917 0.10423995830341955 0.09636004188152458 0.0 0.0 0.0 0.0 0.0 0.10227489687352552 0.0 0.10934590330575802 0.10662618516188949 0.10019970876882289 0.0 0.0 
ability 
0.0 0.0 0.0 0.14790857545902225 0.16432578129145772 
0.0 0.0 0.0 0.14369601150245093 0.1401660035608549 
0.0 0.0 0.0 0.15852563931059083 0.14980424889105723 
0.0 0.0 0.0 0.0 0.14150187723241564 
0.0 0.0 0.0 0.14207805783500843 0.0 
0.0 0.0 0.0 0.1602721535530697 0.13943214986961391 
0.0 0.0 0.0 0.14484482197981083 0.16415682446766885 
0.0 0.0 0.0 0.14613724059198316 0.16072374095394817 
0.0 0.0 0.0 0.0 0.1355966819386463 
0.0 0.0 0.0 0.14609673613028784 0.0 
0.0 0.15223721810124413 0.1481358355383971 0.0 0.0 
0.163830168496259 0.0 0.14481556498624631 0.0 0.0 
0.16314893144436227 0.16158824506075217 0.0 0.0 0.0 
0.1520987897734414 0.14112706257670402 0.16358836415949293 0.0 0.0 
0.14809404674486903 0.1500321199414631 0.15703841544407474 0.0 0.0 
0.0 0.14793552124714138 0.14679969600074963 0.0 0.0 
0.15128406178580556 0.0 0.148608085807087 0.0 0.0 
0.14302150975204891 0.1545073922939912 0.0 0.0 0.0 
0.15395892225670263 0.14465788562969206 0.1369886498166958 0.0 0.0 
0.16209883412226697 0.14006166393662767 0.15938780835205557 0.0 0.0 
0.0 0.14642535647550292 0.149839588028956 0.0 0.0 
0.13697650986934062 0.0 0.14579761025727994 0.0 0.0 
0.15852468760400548 0.14906107828465304 0.0 0.0 0.0 
0.1397353594236921 0.14329028993959944 0.14561667518766405 0.0 0.0 
0.13639553090878828 0.16226625218503785 0.14560483684063874 0.0 0.0 
0.0 0.15943487790749658 0.14832745942018868 0.0 0.0 
0.14770213753799805 0.0 0.13603696347399086 0.0 0.0 
0.16471826556179794 0.16113921207740203 0.0 0.0 0.0 
0.14483340224007976 0.16185473428301078 0.15502301023856102 0.0 0.0 
0.1595670431518447 0.16099973311719254 0.15878757436878696 0.0 0.0 
0.0 0.15253505488676697 0.15812132422644534 0.0 0.0 
0.13576752916742854 0.0 0.1604125203667823 0.0 0.0 
0.159383149037672 0.15825131305048096 0.0 0.0 0.0 
0.13983822125842169 0.15284620814170652 0.1391798995007453 0.0 0.0 
0.13987376707429744 0.164085938594181 0.14864562779648335 0.0 0.0 
0.0 0.14702111050072023 0.1380125947685508 0.0 0.0 
0.15021665307909637 0.0 0.1643408001646813 0.0 0.0 
0.14425565781503946 0.1597328365278907 0.0 0.0 0.0 
0.1495064806407057 0.14483948362809745 0.13564202406422046 0.0 0.0 
0.15340445133315747 0.16475819603670563 0.150643521737443 0.0 0.0 
0.0 0.1504121999678297 0.1372234355535213 0.0 0.0 
0.1474309897398767 0.0 0.1615047517465421 0.0 0.0 
0.1588026389857081 0.1630520100861835 0.0 0.0 0.0 
0.1386380642425844 0.1629565442951587 0.15056819793398132 0.0 0.0 
0.1580448437664834 0.14874515984141923 0.14976432022169214 0.0 0.0 
0.0 0.16351474848737177 0.137029161025973 0.0 0.0 
0.15294223144310717 0.0 0.14378664646048606 0.0 0.0 
0.14385974129311985 0.1636732744228358 0.0 0.0 0.0 
0.14879285357027563 0.16175850931645988 0.13574030421371758 0.0 0.0 
0.16286383378651567 0.13872898509555623 0.1356345283157123 0.0 0.0 
