file_name
position_num 10
robot_num 25
position_x
-61.881134295693215 -66.27612863451003 47.52646972387603 33.08043190431178 25.377465053250376 51.30743588374219 -84.06414687778425 -49.176949445597586 -11.636749470474356 20.175420020385076 
position_y
92.98854657848042 -79.79599450753628 23.78821492373484 47.84761371496705 32.178085176370246 41.77880895894012 25.512844382450297 -11.322891088374504 -28.66154718374345 -70.03697894330976 
distance
0.0 111.69666322903224 103.73006298188042 53.14738463623875 58.16965801165167 40.981030955146586 66.16586623775079 87.85036151759883 50.46365245772497 30.933771596825004 72.88501898541682 
111.69666322903224 0.0 172.84042818028317 129.45543526028425 105.14467592296889 106.35777064360174 124.23401163259253 71.02856069261543 105.08221705327482 131.61779332150553 182.5119176324751 
103.73006298188042 172.84042818028317 0.0 153.8854113833458 161.75480469576317 144.70167848694402 169.13405181314124 106.80058586627793 70.57583028761164 74.83444032356358 87.00062442081959 
53.14738463623875 129.45543526028425 153.8854113833458 0.0 28.063190817863653 23.684770016942398 18.383611691983074 131.6019176318302 102.88022669327911 79.06493565778585 97.73048103878 
58.16965801165167 105.14467592296889 161.75480469576317 28.063190817863653 0.0 17.460521840152737 19.210779922557727 119.25474522706186 101.32830515323289 88.61872269182338 118.58885494822918 
40.981030955146586 106.35777064360174 144.70167848694402 23.684770016942398 17.460521840152737 0.0 27.650267348063 109.64438816877093 86.31741224835183 71.21455569279435 102.3473527039867 
66.16586623775079 124.23401163259253 169.13405181314124 18.383611691983074 19.210779922557727 27.650267348063 0.0 136.3453227029238 113.65255053420582 94.4659422406513 116.0688280113022 
87.85036151759883 71.02856069261543 106.80058586627793 131.6019176318302 119.25474522706186 109.64438816877093 136.3453227029238 0.0 50.73448484363424 90.44662844331836 141.40599720203483 
50.46365245772497 105.08221705327482 70.57583028761164 102.88022669327911 101.32830515323289 86.31741224835183 113.65255053420582 50.73448484363424 0.0 41.350884021574636 90.86856036706656 
30.933771596825004 131.61779332150553 74.83444032356358 79.06493565778585 88.61872269182338 71.21455569279435 94.4659422406513 90.44662844331836 41.350884021574636 0.0 52.191383206480516 
72.88501898541682 182.5119176324751 87.00062442081959 97.73048103878 118.58885494822918 102.3473527039867 116.0688280113022 141.40599720203483 90.86856036706656 52.191383206480516 0.0 
lay
0 1 2 3 4 
0 1 2 
3 
4 
0 1 
2 
3 4 
0 1 
2 3 4 
0 1 
2 3 4 
0 1 2 3 4 
0 1 
2 
3 4 
0 1 2 3 4 
0 1 2 
3 4 
0 1 2 
3 
4 
edge

2 3 3 4 
0 2 2 3 2 4 1 2 
1 4 1 2 0 3 0 4 
1 2 1 3 1 4 

0 2 2 4 2 3 

2 4 1 3 0 4 
0 3 3 4 1 3 
demand 
0.0 0.0 0.0 0.0949743006290536 0.10877374453300231 0.0 0.0 0.0 0.0958912298937804 0.10436362659688377 0.10913603761420831 0.09350565049254139 0.0 0.0 0.0 0.0 0.10394958213188753 0.10648472907161198 0.0 0.0 0.0 0.0 0.0 0.10118211879219266 0.0 
0.10430879777060119 0.0 0.10364653242002096 0.0 0.0 0.0 0.0 0.0 0.1081073724736875 0.0 0.0 0.0 0.0 0.0 0.10418867844650588 0.10680695598749708 0.0922443880668102 0.0 0.0 0.0 0.0 0.0 0.0 0.0 0.09128060789824467 
0.10186954508023549 0.10179516294911894 0.10785936252486278 0.0 0.0 0.0 0.0992492067878819 0.10663952421350942 0.0 0.0 0.0 0.0 0.0 0.09076247926156399 0.09822754538679784 0.0 0.0 0.0 0.0945266409992732 0.09842398753311332 0.10223510680047213 0.10041226132801125 0.09595774296673011 0.0 0.0 
0.10688464770996715 0.0 0.09250281998261156 0.0 0.0 0.0 0.0 0.0 0.1096133528599212 0.10828428225592653 0.0 0.0 0.0 0.09569377777512889 0.0940388079622768 0.10236832280417066 0.10787157243451805 0.10133064243271826 0.0 0.0 0.0 0.09996640730707118 0.09440721104471883 0.0 0.0 
0.0 0.0 0.0 0.10250759884813157 0.09082195352992643 0.0 0.0 0.0 0.0 0.09953750942987095 0.10666281197693923 0.10184007007546236 0.09069575731120386 0.0 0.0 0.09153245502821847 0.10728151008413452 0.1042503135010236 0.0 0.0 0.0 0.0 0.0 0.099104340959574 0.0 
0.0 0.0 0.0 0.09797303500280238 0.10867794524791528 0.09545176214687827 0.10276985077553956 0.1070492025042775 0.0 0.0 0.10260235569226211 0.10670290299792602 0.1068401872897413 0.0 0.0 0.0 0.0 0.0 0.1001951358606136 0.10669014086859169 0.0 0.0 0.0 0.10899986422843327 0.09923462693986679 
0.0 0.0 0.0 0.0 0.09967007189959515 0.0 0.09732031639522824 0.09456173443836254 0.0 0.0 0.10843431967727775 0.10925221177380612 0.09402592354218196 0.0 0.0 0.09806351006577609 0.09363475352921659 0.0 0.0 0.0 0.09637524950272819 0.09366388415109383 0.09794479969413208 0.0 0.0 
0.0 0.0 0.0 0.09103423604881522 0.09670782627742927 0.0 0.0 0.0 0.10828669083867376 0.10853315732271158 0.0 0.09479507533738636 0.09740053202416649 0.0 0.0 0.10451185763312434 0.0 0.09616610794031026 0.0 0.0 0.10857979163617137 0.0 0.10796934272297679 0.0 0.0 
0.09689097556953376 0.09467416701361235 0.0 0.0 0.0 0.0 0.0 0.0 0.09414411444352505 0.10218846374743087 0.10196175983409045 0.10078222243828834 0.0 0.0 0.0 0.0 0.0 0.0 0.10626360684855628 0.10117396886886461 0.0 0.0 0.0 0.09372131649217925 0.0 
0.0 0.0 0.0 0.10601189359640739 0.10912264831446211 0.10289520529211237 0.0 0.10616742543991552 0.0 0.0 0.0 0.0 0.0 0.09557743856067373 0.0 0.0 0.0 0.0 0.0 0.10432142372756226 0.09354176716555125 0.09914232785607721 0.10724797580509414 0.0 0.0 
rate 
0.0 0.0 0.0 0.10936988342877857 0.10848745336603838 0.0 0.0 0.0 0.09752489451523912 0.09735435283639532 0.09648051812076304 0.09688032666869734 0.0 0.0 0.0 0.0 0.09341641356895894 0.09389082937851909 0.0 0.0 0.0 0.0 0.0 0.09361996385067778 0.0 
0.10907629088245854 0.0 0.09512274968664843 0.0 0.0 0.0 0.0 0.0 0.09478376310431685 0.0 0.0 0.0 0.0 0.0 0.09367576384321295 0.09730550347660652 0.10003213862810954 0.0 0.0 0.0 0.0 0.0 0.0 0.0 0.09790647438855866 
0.09748649080361259 0.09352863471084565 0.09256238521377472 0.0 0.0 0.0 0.10396382348838312 0.10080838661885938 0.0 0.0 0.0 0.0 0.0 0.09901729265391354 0.10067469072288196 0.0 0.0 0.0 0.0998080579959222 0.09065565188804439 0.09466725553671167 0.10994638875325845 0.09250938180546486 0.0 0.0 
0.10888267589528769 0.0 0.09144933407732708 0.0 0.0 0.0 0.0 0.0 0.0966848799036696 0.0971192605429616 0.0 0.0 0.0 0.09719078474826942 0.09858751452241499 0.10007405336427816 0.10250476250579076 0.10263138351167007 0.0 0.0 0.0 0.10083068417068933 0.09380933712614997 0.0 0.0 
0.0 0.0 0.0 0.09106086864833231 0.0975596456123174 0.0 0.0 0.0 0.0 0.09086933829811462 0.09994447826060696 0.10511402355097538 0.10090435241105629 0.0 0.0 0.09042173347198715 0.09296787849919635 0.09969711719182761 0.0 0.0 0.0 0.0 0.0 0.10408202980476054 0.0 
0.0 0.0 0.0 0.09415999420979097 0.10200970419428 0.093429333355296 0.09319356829120141 0.10203064019719124 0.0 0.0 0.09334018432822974 0.10562150611788433 0.09632123897701356 0.0 0.0 0.0 0.0 0.0 0.09156550516071386 0.09111943796904987 0.0 0.0 0.0 0.09308898849756247 0.09090119960267451 
0.0 0.0 0.0 0.0 0.1094235719980437 0.0 0.09288551640096115 0.09485196703129467 0.0 0.0 0.09772357096954598 0.09401525043025133 0.09352353490320796 0.0 0.0 0.09783787415224254 0.09866501238263016 0.0 0.0 0.0 0.09658034551017519 0.09256518801043338 0.10495692024275814 0.0 0.0 
0.0 0.0 0.0 0.10546397507380734 0.1051706805678691 0.0 0.0 0.0 0.10781222523346444 0.10555927282588194 0.0 0.10556179649337807 0.09383247371344577 0.0 0.0 0.10548605798560702 0.0 0.09140522663063667 0.0 0.0 0.09361410716801999 0.0 0.1095901810107933 0.0 0.0 
0.09428142979426238 0.10661813395300074 0.0 0.0 0.0 0.0 0.0 0.0 0.10620617079474903 0.10385021457670247 0.1017405205205715 0.09685392146275601 0.0 0.0 0.0 0.0 0.0 0.0 0.10590838209964022 0.10907651049837702 0.0 0.0 0.0 0.09503428328018211 0.0 
0.0 0.0 0.0 0.0953498475264963 0.0977729985075293 0.09907505477022205 0.0 0.0970406871197142 0.0 0.0 0.0 0.0 0.0 0.09006337640362039 0.0 0.0 0.0 0.0 0.0 0.09639654567538355 0.09716137785094092 0.10050533688939356 0.09273422197313436 0.0 0.0 
ability 
0.0 0.0 0.0 0.14914980859231172 0.13948159846068886 
0.0 0.0 0.0 0.1594007320989344 0.16126984604792968 
0.0 0.0 0.0 0.15416380326364024 0.14772981187321138 
0.0 0.0 0.0 0.0 0.1362342713604897 
0.0 0.0 0.0 0.13825401042892335 0.0 
0.0 0.0 0.0 0.14975145658500097 0.1452960298537509 
0.0 0.0 0.0 0.16092056260079335 0.13987758543905393 
0.0 0.0 0.0 0.15111826539493137 0.13716456835208424 
0.0 0.0 0.0 0.0 0.1472949894164308 
0.0 0.0 0.0 0.1459717565005478 0.0 
0.0 0.0 0.0 0.13804614087464254 0.16470052998094478 
0.0 0.0 0.0 0.14488005246241645 0.14725840835723633 
0.1589337150052806 0.15973029193102561 0.0 0.0 0.0 
0.16437593863206193 0.14749331823417383 0.15913694199520753 0.0 0.0 
0.15077243372887011 0.14363653153267253 0.1645335320958014 0.0 0.0 
0.0 0.1523327134335785 0.14923277324534748 0.0 0.0 
0.13775251877087566 0.0 0.1361901452521666 0.0 0.0 
0.14717065252092165 0.1422256084846966 0.0 0.0 0.0 
0.1631331871692557 0.13581378278689185 0.1583322199581234 0.0 0.0 
0.15994486502867364 0.13652799403877255 0.15718376336312131 0.0 0.0 
0.0 0.15357863134829514 0.15111494091256666 0.0 0.0 
0.1436991009749913 0.0 0.15924919153839534 0.0 0.0 
0.15508227983248393 0.15587162767552762 0.0 0.0 0.0 
0.15094517601642415 0.1381334238758933 0.15305164436801696 0.0 0.0 
0.1619771975413464 0.1457824638243935 0.15044534949813954 0.0 0.0 
