file_name
position_num 5
robot_num 25
position_x
95.41182948600283 21.083948933619027 54.80010498947237 -16.476201211234937 -69.61311191709436 
position_y
75.24455358318005 37.700147827505106 77.20644438082661 22.82235009722318 -18.422873979995003 
distance
0.0 121.51197492345408 43.195301235796386 94.67780394995899 28.14826584913043 72.00963571956659 
121.51197492345408 0.0 83.2719414386154 40.659084865303875 123.5597783731789 189.75462648219755 
43.195301235796386 83.2719414386154 0.0 51.937718919313724 40.39942752326022 106.65716302135145 
94.67780394995899 40.659084865303875 51.937718919313724 0.0 89.65456785164298 156.91913545261392 
28.14826584913043 123.5597783731789 40.39942752326022 89.65456785164298 0.0 67.26588874416524 
72.00963571956659 189.75462648219755 106.65716302135145 156.91913545261392 67.26588874416524 0.0 
lay
0 
1 2 3 
4 
0 
1 2 3 
4 
0 
1 
2 3 
4 
0 1 2 3 
4 
0 1 
2 
3 
4 
edge
0 3 1 4 2 4 
0 3 2 4 1 4 
0 1 1 2 1 3 2 4 
1 4 
1 2 2 3 3 4 
demand 
0.09002989595312183 0.09902840683083824 0.09312743017657064 0.0 0.0 0.0 0.0 0.0 0.09021769511812282 0.10546254288966402 0.0 0.10859730665559308 0.09719487651987825 0.0 0.0 0.09559166029168886 0.0 0.09455310305474506 0.0 0.0 0.0 0.0 0.0 0.09023259066072135 0.1030338518591292 
0.0 0.0 0.0 0.09014010309640584 0.09784595772737109 0.0 0.0 0.0 0.0 0.09004361123390792 0.0 0.0 0.0 0.10808154186663628 0.0 0.0 0.0 0.0 0.10994840203029832 0.09997034702100677 0.0 0.10414378281700294 0.10112457031492628 0.0 0.0 
0.09724496580686401 0.10655341130040115 0.0 0.0 0.0 0.0 0.0 0.0 0.0 0.10258542100449562 0.09821358793724883 0.0 0.10298964259864707 0.0 0.0 0.09638552406997161 0.10203604782598173 0.10514804640639529 0.0 0.0 0.0 0.0 0.0 0.09442212522538451 0.1088108527753085 
0.10271284006178305 0.09597155848943498 0.09915030810290493 0.0 0.0 0.0 0.0 0.0 0.0 0.1079333853796455 0.0 0.0 0.0 0.10807636318452106 0.0 0.10685463821816017 0.1005606958961933 0.0 0.0 0.0 0.0 0.10187583627393976 0.10838973313080909 0.0 0.0 
0.0 0.0 0.0 0.10156390104481866 0.0 0.0 0.0 0.0 0.10070609692949864 0.09375320240283679 0.1023879582121468 0.0 0.1076969403012823 0.0 0.0 0.10853269746508326 0.09754181930681301 0.10696209325912394 0.0 0.0 0.1040578790762788 0.09382265740148796 0.0 0.0 0.0 
rate 
0.0971795002622254 0.09430007237233332 0.10872692606640642 0.0 0.0 0.0 0.0 0.0 0.0979968673226356 0.09028365256492211 0.0 0.09962224707037336 0.10208043912292342 0.0 0.0 0.09826605137526112 0.0 0.09569468820012489 0.0 0.0 0.0 0.0 0.0 0.10717007493733224 0.10062138860721459 
0.0 0.0 0.0 0.0900240778346412 0.09753819788759344 0.0 0.0 0.0 0.0 0.10038117396610935 0.0 0.0 0.0 0.10923335842628153 0.0 0.0 0.0 0.0 0.09992291352208649 0.09777299769435306 0.0 0.10314560703933873 0.10782681298599 0.0 0.0 
0.09258586394636265 0.09324451723343241 0.0 0.0 0.0 0.0 0.0 0.0 0.0 0.10719637937153673 0.09415990310139447 0.0 0.10105177113688674 0.0 0.0 0.09255732470384637 0.09803131263469572 0.09440705200680503 0.0 0.0 0.0 0.0 0.0 0.09403743598852464 0.0998197192867772 
0.10370919665075132 0.10313794023155586 0.10818051463596348 0.0 0.0 0.0 0.0 0.0 0.0 0.09724115604257821 0.0 0.0 0.0 0.0957596801060406 0.0 0.09275724733411536 0.09738486648493827 0.0 0.0 0.0 0.0 0.09730123387207301 0.10253942185164927 0.0 0.0 
0.0 0.0 0.0 0.09565564808004895 0.0 0.0 0.0 0.0 0.09654694376680192 0.10378962038440918 0.09559813619244371 0.0 0.1004418248836696 0.0 0.0 0.1003220466889277 0.1012173181630204 0.10045748157769503 0.0 0.0 0.09068353546826217 0.10564356216573954 0.0 0.0 0.0 
ability 
0.0 0.0 0.0 0.14378232218417777 0.15181632012639787 
0.0 0.0 0.0 0.14043147900700428 0.14328280086711814 
0.0 0.0 0.0 0.1436674052445642 0.14062473844869094 
0.0 0.0 0.0 0.0 0.1487276996528686 
0.0 0.0 0.0 0.15656295653529959 0.0 
0.0 0.1532338925079336 0.1583236473822623 0.0 0.0 
0.15512885843055688 0.0 0.14835007147722135 0.0 0.0 
0.14956132355593435 0.14821550041828815 0.0 0.0 0.0 
0.13607028523238518 0.14709154332243868 0.1481357240231221 0.0 0.0 
0.1368673791289593 0.14254245015747402 0.1417069904103811 0.0 0.0 
0.0 0.14183571573908352 0.139476929985739 0.0 0.0 
0.15756702614041204 0.0 0.1571404427575359 0.0 0.0 
0.15617758320504735 0.142459044904113 0.0 0.0 0.0 
0.13941144061678942 0.15364883888311018 0.15306117683949172 0.0 0.0 
0.13673352003852113 0.1426077890231316 0.14780118195172082 0.0 0.0 
0.0 0.15255849983373154 0.13799655807458985 0.0 0.0 
0.14010559275600507 0.0 0.15856063209079183 0.0 0.0 
0.15105328430217757 0.1453070438018474 0.0 0.0 0.0 
0.1523541821003826 0.1559414874822315 0.14553845299040885 0.0 0.0 
0.13705046868276755 0.14511317162176227 0.16138143525268786 0.0 0.0 
0.0 0.16455173156426137 0.1633295594248471 0.0 0.0 
0.15929699019604993 0.0 0.15876167049749465 0.0 0.0 
0.13779320382682514 0.1360969551394968 0.0 0.0 0.0 
0.1358436410788704 0.1578975000629221 0.15435594990157447 0.0 0.0 
0.14492266310058083 0.15065285497077593 0.1558273641182703 0.0 0.0 
