file_name
position_num 10
robot_num 100
position_x
15.129004634779243 -25.697865802302964 -29.332019364725536 -14.327666636950468 19.574157841448603 -24.182848888606543 14.576522947585843 -26.749932718473083 8.087243060424356 1.3898136227361455 
position_y
-8.956733935557587 24.546206287571493 -15.423904532870251 8.142982929974693 -26.776084166158792 -27.33095540184344 -16.179156728249108 -4.857602594472027 24.13827747680736 -20.042371560881335 
distance
0.0 17.58152052672182 35.53725580155545 33.14006926745521 16.47999400052812 33.16785097764345 36.49371594599177 21.777055211362832 27.18740891311009 25.457021425644584 20.09050123044141 
17.58152052672182 0.0 52.81363794779581 44.92890996473523 34.060179084850915 18.365419398194806 43.39393784777154 7.243523107651003 42.07907165788122 33.83587129740606 17.653802174755423 
35.53725580155545 52.81363794779581 0.0 40.13498263502381 19.95863636571877 68.43634723023618 51.899279197292195 57.27636145869899 29.422624314765688 33.787571483919756 52.17167479754915 
33.14006926745521 44.92890996473523 40.13498263502381 0.0 27.937945262060513 50.206435357911616 12.972733597374559 43.91503721814048 10.877219686213628 54.455187501367526 31.067044593882986 
16.47999400052812 34.060179084850915 19.95863636571877 27.937945262060513 0.0 48.66903481504899 36.81745398561656 37.77590042729571 17.98132138021566 27.53684122010734 32.27155703539661 
33.16785097764345 18.365419398194806 68.43634723023618 50.206435357911616 48.66903481504899 0.0 43.76052467763934 11.716280367790699 51.24784093610381 52.194074689539775 19.391061345761702 
36.49371594599177 43.39393784777154 51.899279197292195 12.972733597374559 36.81745398561656 43.76052467763934 0.0 40.33176810893125 22.619493933201753 60.74899807828683 26.591060947727634 
21.777055211362832 7.243523107651003 57.27636145869899 43.91503721814048 37.77590042729571 11.716280367790699 40.33176810893125 0.0 42.84919516073527 40.8363349767456 13.74095090090739 
27.18740891311009 42.07907165788122 29.422624314765688 10.877219686213628 17.98132138021566 51.24784093610381 22.619493933201753 42.84919516073527 0.0 45.32537785124152 31.975342573783717 
25.457021425644584 33.83587129740606 33.787571483919756 54.455187501367526 27.53684122010734 52.194074689539775 60.74899807828683 40.8363349767456 45.32537785124152 0.0 44.685403774210606 
20.09050123044141 17.653802174755423 52.17167479754915 31.067044593882986 32.27155703539661 19.391061345761702 26.591060947727634 13.74095090090739 31.975342573783717 44.685403774210606 0.0 
lay
0 1 2 3 4 
0 1 2 3 
4 
0 1 
2 3 
4 
0 1 2 
3 4 
0 1 
2 3 4 
0 1 2 3 
4 
0 
1 2 
3 
4 
0 
1 2 3 
4 
0 1 
2 3 4 
0 1 2 
3 4 
edge

1 4 3 4 
1 2 1 3 2 4 0 2 3 4 
0 4 2 3 1 4 
1 3 1 2 1 4 0 3 
1 4 2 4 
0 1 1 3 3 4 2 3 
0 3 2 4 1 4 
0 3 0 2 0 4 
2 3 1 3 0 4 
demand 
0.0 0.0 0.0 0.10895118636664301 0.0 0.0 0.0 0.0 0.09138482573809403 0.10117581266534213 0.0 0.0 0.0 0.10207264286122893 0.09645173662891351 0.09729063741773024 0.09646307995304423 0.10793289601942165 0.0 0.0 0.10457171494989728 0.10645318293585387 0.09862872373552342 0.0 0.0 
0.0 0.0 0.0 0.0 0.10441333689560511 0.0 0.0 0.0 0.09667237103232348 0.10761081203615781 0.0 0.0 0.0 0.10410734715361872 0.10426149458683368 0.0 0.10853678126650979 0.09333208485965364 0.0 0.0 0.0 0.10911845239549384 0.10093248185515653 0.0 0.0 
0.0 0.0 0.0 0.0955159778331763 0.10180113593871375 0.09525980516154359 0.0 0.09743003430589009 0.0 0.0 0.0 0.0 0.0 0.09958510104801749 0.09739291946834218 0.0 0.0 0.0 0.10024203584281516 0.0 0.0 0.1070726183163403 0.10769136646185185 0.0 0.0 
0.10246416940943351 0.09117842304115821 0.09707680605132753 0.0 0.0 0.0 0.0 0.0 0.0 0.10555879172016212 0.0 0.0 0.0 0.10141072749617366 0.10609085734520657 0.09057477531270608 0.0 0.09724353612927124 0.0 0.0 0.0 0.0 0.0 0.09585329951838388 0.09919545897213361 
0.10127248061142076 0.0947487128876467 0.10612379821375667 0.0 0.0 0.09623362364895295 0.0 0.09776900398455067 0.0 0.0 0.10376585670355543 0.10448222427190326 0.0 0.0 0.0 0.0 0.09690368567960882 0.10322186261619304 0.0 0.0 0.0 0.0 0.0 0.09369788196044448 0.0 
0.0 0.0 0.0 0.10817651786044619 0.10231456193324254 0.10187228854976074 0.1040455705168819 0.0 0.0 0.0 0.10251757912513998 0.10139989215833052 0.09670053376005679 0.0 0.0 0.0 0.0 0.0 0.09577624223529368 0.10720381849097987 0.0 0.0 0.0 0.0 0.10363610055918274 
0.09260392577227361 0.1033922976658392 0.10751017473418208 0.0 0.0 0.09916339240514482 0.10195031068119145 0.0 0.0 0.0 0.09096786986894015 0.09124977699779549 0.0 0.0 0.0 0.10214053854976635 0.09324919782484899 0.10300924350074037 0.0 0.0 0.0 0.0 0.0 0.0913079565863574 0.10277342286849699 
0.09238973247935488 0.09222480518996945 0.0 0.0 0.0 0.0 0.0 0.0 0.09199683517752713 0.0 0.0 0.0 0.0 0.09387634181604197 0.09899673977557992 0.0 0.0 0.0 0.09441212371439231 0.10748581424798156 0.10482211343408401 0.0 0.10724161503031233 0.0 0.0 
0.0 0.0 0.0 0.0 0.09359507755043321 0.10915019251681429 0.0 0.0968665879714829 0.0 0.0 0.0 0.0 0.0 0.09042533249745033 0.0 0.101742182153054 0.09469574853441605 0.09535941944126043 0.0 0.0 0.10821818934468937 0.10823423581851684 0.10992032868993623 0.0 0.0 
0.0 0.09089267344061205 0.09826561445145678 0.0 0.0 0.10556482022415503 0.10433857248289265 0.09969306200917356 0.0 0.0 0.0 0.0 0.0 0.09096628735166579 0.10754320464699814 0.0 0.0 0.0 0.0 0.1019523235383389 0.0 0.0 0.0 0.09952870993892356 0.10462375992185967 
rate 
0.0 0.0 0.0 0.09825089370701248 0.0 0.0 0.0 0.0 0.09265222677263832 0.10890161860226866 0.0 0.0 0.0 0.09575194897923683 0.10487689167722972 0.09347607259093985 0.10532772567923565 0.09498189961858057 0.0 0.0 0.10397697134111311 0.09705388150390717 0.09697652958838417 0.0 0.0 
0.0 0.0 0.0 0.0 0.09169520495888012 0.0 0.0 0.0 0.09866632622908199 0.09710190019518412 0.0 0.0 0.0 0.09274201441152428 0.10841044682502676 0.0 0.09415421473229796 0.09825701599462937 0.0 0.0 0.0 0.09729708322414309 0.10405069695314445 0.0 0.0 
0.0 0.0 0.0 0.09238615837414921 0.1052641397943037 0.09301958324584486 0.0 0.09262571780327658 0.0 0.0 0.0 0.0 0.0 0.09242029042312805 0.0930167622143416 0.0 0.0 0.0 0.1061273283937043 0.0 0.0 0.097067022353871 0.09053443052041865 0.0 0.0 
0.10965728425207255 0.09461815128153253 0.10788776986777991 0.0 0.0 0.0 0.0 0.0 0.0 0.09123829829972516 0.0 0.0 0.0 0.09575221771389864 0.0939498327006333 0.09765692611214548 0.0 0.10096812218133099 0.0 0.0 0.0 0.0 0.0 0.09557883759443757 0.10386895995305366 
0.09144545784253083 0.09889599480498637 0.09320795969486792 0.0 0.0 0.09652860109728983 0.0 0.1085511598342863 0.0 0.0 0.09774691225258769 0.10001818650486621 0.0 0.0 0.0 0.0 0.09510373517153448 0.09195123256823093 0.0 0.0 0.0 0.0 0.0 0.10660284077472477 0.0 
0.0 0.0 0.0 0.10517051092102653 0.10395569669318339 0.10204458207401497 0.09202583589204033 0.0 0.0 0.0 0.09624485313048495 0.09670032420107441 0.10491112063557512 0.0 0.0 0.0 0.0 0.0 0.1008082522519497 0.09063730975401185 0.0 0.0 0.0 0.0 0.10525776281244348 
0.10679645117534818 0.10640810624899531 0.10190175129988162 0.0 0.0 0.09115490586307923 0.09140262773901081 0.0 0.0 0.0 0.09969798984666263 0.10562543538470504 0.0 0.0 0.0 0.09844773557968017 0.09585677821063386 0.09818711552060927 0.0 0.0 0.0 0.0 0.0 0.1028501381170325 0.09536672673943986 
0.10387934718294632 0.10296435416213814 0.0 0.0 0.0 0.0 0.0 0.0 0.09248857306687057 0.0 0.0 0.0 0.0 0.10726159929472923 0.10166929139748389 0.0 0.0 0.0 0.10289061882885758 0.09205044597899174 0.0979704764173353 0.0 0.10764193937031968 0.0 0.0 
0.0 0.0 0.0 0.0 0.10942264594210736 0.09812983231706135 0.0 0.10131303464771187 0.0 0.0 0.0 0.0 0.0 0.09963862962717634 0.0 0.10632281991354896 0.09141970716644486 0.10699900393817668 0.0 0.0 0.10019661157195402 0.09139536421121303 0.09050593872325735 0.0 0.0 
0.0 0.09096275642607234 0.09366239369941616 0.0 0.0 0.09909255643279208 0.10526376644636673 0.09152917323707481 0.0 0.0 0.0 0.0 0.0 0.09651567326944174 0.09826688803290648 0.0 0.0 0.0 0.0 0.10450423938723588 0.0 0.0 0.0 0.10644288940450282 0.10539751861352534 
ability 
0.0 0.0 0.0 0.15326068040069946 0.13851206480202005 
0.0 0.0 0.0 0.1398641231758732 0.1502454538335562 
0.0 0.0 0.0 0.151417187346311 0.14197178829480897 
0.0 0.0 0.0 0.0 0.1537852209988026 
0.0 0.0 0.0 0.14484715768391998 0.0 
0.0 0.0 0.0 0.14143807759710003 0.1594645366800721 
0.0 0.0 0.0 0.14008348923061564 0.15297689500365416 
0.0 0.0 0.0 0.16419108799127996 0.15725409631064383 
0.0 0.0 0.0 0.0 0.14717430328266684 
0.0 0.0 0.0 0.14866954581960012 0.0 
0.0 0.0 0.0 0.14051694848857726 0.1590874721307511 
0.0 0.0 0.0 0.13521353008488105 0.1467326381339483 
0.0 0.0 0.0 0.15014718365087995 0.163386450538824 
0.0 0.0 0.0 0.0 0.14850152696180788 
0.0 0.0 0.0 0.15296901692177417 0.0 
0.0 0.0 0.0 0.15315616168962223 0.15129253106983648 
0.0 0.0 0.0 0.14737574643355703 0.1545387917363633 
0.0 0.0 0.0 0.144423998379611 0.15167099052269886 
0.0 0.0 0.0 0.0 0.1542991297866964 
0.0 0.0 0.0 0.15617726673467727 0.0 
0.0 0.0 0.0 0.15218998312954196 0.138268128362637 
0.0 0.0 0.0 0.15074144445060703 0.1380175535939488 
0.0 0.0 0.0 0.1359807482931028 0.13522477222115079 
0.0 0.0 0.0 0.0 0.15062751301584348 
0.0 0.0 0.0 0.1589124279554912 0.0 
0.0 0.0 0.0 0.16454762900138933 0.16170419241263226 
0.0 0.0 0.0 0.16352388061486162 0.152533874987479 
0.0 0.0 0.0 0.14798455161377833 0.14284786841403616 
0.0 0.0 0.0 0.0 0.14368802186455815 
0.0 0.0 0.0 0.15559422009075116 0.0 
0.0 0.0 0.0 0.13543874192594832 0.16299836222445355 
0.0 0.0 0.0 0.15893059864797174 0.14491380596099807 
0.0 0.0 0.0 0.1351580536853087 0.15785225812686868 
0.0 0.0 0.0 0.0 0.15790149018560848 
0.0 0.0 0.0 0.16227799479064495 0.0 
0.0 0.0 0.0 0.16287362996751123 0.14213478617698108 
0.0 0.0 0.0 0.14604357588140096 0.15373044420698817 
0.0 0.0 0.0 0.16107666088277098 0.15048970989691443 
0.0 0.0 0.0 0.0 0.15609959852800187 
0.0 0.0 0.0 0.14687404008841232 0.0 
0.0 0.0 0.0 0.1562655355880758 0.1648991295688544 
0.0 0.0 0.0 0.13729342668432482 0.14669600362046856 
0.0 0.0 0.0 0.1474330089460448 0.1430581244312354 
0.0 0.0 0.0 0.0 0.15695583698312154 
0.0 0.0 0.0 0.1515461531266476 0.0 
0.0 0.0 0.0 0.13721396315324977 0.1350798283151936 
0.0 0.0 0.0 0.1428040364248046 0.15091260384408797 
0.0 0.0 0.0 0.15944871205458633 0.15139642765381778 
0.0 0.0 0.0 0.0 0.14682782998658178 
0.0 0.0 0.0 0.14078577233068712 0.0 
0.0 0.15935804085478128 0.13989790917316475 0.0 0.0 
0.13804250441635416 0.0 0.141186184668475 0.0 0.0 
0.1395272820368739 0.14770222633294583 0.0 0.0 0.0 
0.14962271183610437 0.1536111299557575 0.1645589607469415 0.0 0.0 
0.15566673029409517 0.15361978634313436 0.15756078775203572 0.0 0.0 
0.0 0.14964539376302988 0.16000431413264268 0.0 0.0 
0.15292707428449948 0.0 0.13510513013838152 0.0 0.0 
0.15564627592501812 0.16076125690696494 0.0 0.0 0.0 
0.13773038760725148 0.16251939658340606 0.16007780817146894 0.0 0.0 
0.15729041421930837 0.15022618364740112 0.15352935988991492 0.0 0.0 
0.0 0.15073913933170832 0.14052754003986687 0.0 0.0 
0.14209573742387238 0.0 0.1580265583352105 0.0 0.0 
0.1415078506776931 0.1405992372791596 0.0 0.0 0.0 
0.14953470318417356 0.1526413275111981 0.15559510476247237 0.0 0.0 
0.15825732219847427 0.14423689288602506 0.15752054976968943 0.0 0.0 
0.0 0.15682223580615892 0.13533345758273232 0.0 0.0 
0.13711557831362148 0.0 0.14820900700265255 0.0 0.0 
0.14517111046585748 0.14654085751188076 0.0 0.0 0.0 
0.15695193764996282 0.1530046659423335 0.1611094850784346 0.0 0.0 
0.14136978069822764 0.13549374830193633 0.15650973670028182 0.0 0.0 
0.0 0.15212034303055766 0.15247786760716148 0.0 0.0 
0.14458350313421706 0.0 0.13888637076181035 0.0 0.0 
0.15947033973397604 0.15123702670259664 0.0 0.0 0.0 
0.15967574951994107 0.13956564101370153 0.1633659813862061 0.0 0.0 
0.1428509035541909 0.13704635052356676 0.15959401545816662 0.0 0.0 
0.0 0.14540068352115038 0.13704729310681313 0.0 0.0 
0.14425833849924374 0.0 0.1382066771376959 0.0 0.0 
0.1566659297176415 0.14523706135029407 0.0 0.0 0.0 
0.139271800411474 0.14085566354376708 0.14152173047191444 0.0 0.0 
0.14390389433073242 0.14455095881127902 0.15595763487630757 0.0 0.0 
0.0 0.15605983528200126 0.14836549322854298 0.0 0.0 
0.1394128347307063 0.0 0.15531255705873523 0.0 0.0 
0.1353933370850626 0.15237791292981326 0.0 0.0 0.0 
0.15720386819378188 0.15799349324111642 0.1570200057359528 0.0 0.0 
0.15545869132132908 0.15768822320150927 0.16027801926572008 0.0 0.0 
0.0 0.1369792641365045 0.1442444455726378 0.0 0.0 
0.1402890348497824 0.0 0.1594417426849865 0.0 0.0 
0.1352918366068169 0.13567660603717613 0.0 0.0 0.0 
0.14333196537859816 0.14709351688880162 0.14429249500929706 0.0 0.0 
0.15799863372262368 0.14707688724517767 0.13937052614228995 0.0 0.0 
0.0 0.14032138863011973 0.14405714488236568 0.0 0.0 
0.14236815176621467 0.0 0.13766262240006444 0.0 0.0 
0.14164869316187506 0.14814312222339307 0.0 0.0 0.0 
0.14907573334431218 0.14843607871769163 0.14931668956380986 0.0 0.0 
0.1550505181965555 0.14617588982462165 0.14540933658424493 0.0 0.0 
0.0 0.14112248773432945 0.14697339896400732 0.0 0.0 
0.1408315540950957 0.0 0.13779820344947324 0.0 0.0 
0.1402074138535013 0.15090111441491758 0.0 0.0 0.0 
0.15547208559179163 0.14435464934071107 0.15524046734820018 0.0 0.0 
0.1532735642005532 0.16331585847297628 0.15511575036122485 0.0 0.0 
