file_name
position_num 10
robot_num 50
position_x
-26.154263166615536 -11.43136807106584 -7.003008882711594 8.095957350001548 -20.765915516317783 21.54484081727312 -15.567388922223737 26.3012892313303 8.660905761293087 17.729524650540696 
position_y
-26.01595978561808 5.477909283534061 21.918458868360155 -6.895287322451505 21.259569016697093 -17.882985256989443 -24.77965533493303 -1.506533453673363 6.134996803253053 2.0354024775245776 
distance
0.0 36.890048053038356 12.676106109322854 23.010018960777355 10.634355301202069 29.718555180333965 27.99966656128854 29.263884164168115 26.34440089045732 10.613645668757034 17.8459773500821 
36.890048053038356 0.0 34.765319341830576 51.61859192521243 39.22598272676663 47.58161319185175 48.387496272788745 10.658815832978357 57.89902379569681 47.38966128870611 52.08325794340494 
12.676106109322854 34.765319341830576 0.0 17.026509793619095 23.117362140837724 18.33560906926735 40.412395949520565 30.5389404715017 38.37363505649938 20.103015489300745 29.363387363014958 
23.010018960777355 51.61859192521243 17.026509793619095 0.0 32.530151411346445 13.778669559938862 48.98096239312008 47.476967843418635 40.71739846989618 22.23681399695872 31.733801323109663 
10.634355301202069 39.22598272676663 23.117362140837724 32.530151411346445 0.0 40.320015387269834 17.366691464320425 29.661499894730717 18.986120645555705 13.04252548795704 13.136317567621985 
29.718555180333965 47.58161319185175 18.33560906926735 13.778669559938862 40.320015387269834 0.0 57.63974025435055 46.331791004117626 52.284005053634075 33.08610728302946 43.028682210428215 
27.99966656128854 48.387496272788745 40.412395949520565 48.98096239312008 17.366691464320425 57.63974025435055 0.0 37.747604618057515 17.053210113697702 27.255444314353813 20.28050313465049 
29.263884164168115 10.658815832978357 30.5389404715017 47.476967843418635 29.661499894730717 46.331791004117626 37.747604618057515 0.0 47.90223807324519 39.277550586771355 42.751979825004454 
26.34440089045732 57.89902379569681 38.37363505649938 40.71739846989618 18.986120645555705 52.284005053634075 17.053210113697702 47.90223807324519 0.0 19.224362502758943 9.274721460463931 
10.613645668757034 47.38966128870611 20.103015489300745 22.23681399695872 13.04252548795704 33.08610728302946 27.255444314353813 39.277550586771355 19.224362502758943 0.0 9.952211924691095 
17.8459773500821 52.08325794340494 29.363387363014958 31.733801323109663 13.136317567621985 43.028682210428215 20.28050313465049 42.751979825004454 9.274721460463931 9.952211924691095 0.0 
lay
0 1 2 3 
4 
0 1 
2 
3 4 
0 1 2 
3 4 
0 1 2 3 4 
0 1 
2 3 
4 
0 1 
2 3 4 
0 1 
2 3 4 
0 1 2 3 4 
0 1 
2 
3 
4 
0 1 
2 3 4 
edge
2 4 1 4 
0 2 2 3 2 4 
1 3 1 4 2 3 

0 2 0 3 2 4 1 2 3 4 
0 2 1 2 1 3 1 4 
1 2 1 4 0 2 0 3 

1 2 2 3 3 4 
1 3 0 2 0 3 0 4 
demand 
0.09886101835992883 0.10074616358011104 0.10313703261010072 0.0 0.0 0.1053682192096491 0.0 0.10783671177953401 0.0 0.0 0.10762355205866712 0.1041893944008985 0.0 0.0 0.0 0.0 0.0 0.0 0.09262876518735468 0.09057594717094455 0.0 0.0 0.0 0.09819637070422675 0.09205293132056054 
0.0 0.10827965691830105 0.10075344550645011 0.0 0.0 0.10910053996838781 0.09795200390681269 0.0 0.0 0.0 0.09289874196938865 0.09051840384931892 0.0 0.0 0.0 0.0 0.0 0.0 0.10797325659175133 0.10456236341858105 0.0 0.0 0.0 0.10492039572678716 0.10383802779496704 
0.0 0.0 0.0 0.0 0.09382174773132483 0.1085823731449223 0.09853500921443042 0.09697922659022534 0.0 0.0 0.0 0.0 0.0 0.09362710946201293 0.0 0.0 0.0 0.0 0.10515155520908569 0.10557155104189977 0.1020988500932746 0.0 0.1045859942982642 0.0 0.0 
0.0 0.0 0.0 0.09274839349310579 0.0 0.09803709424266197 0.10224429488529851 0.10940801665921934 0.0 0.0 0.0 0.0 0.0 0.09907115474386323 0.09501502424433807 0.0 0.09152883420348258 0.09118524361187433 0.0 0.0 0.10894578086657059 0.0970123660211078 0.10848549960891907 0.0 0.0 
0.0 0.0 0.0 0.097777955963127 0.10579206061544465 0.09780792402632457 0.09822371462008345 0.09833959761855604 0.0 0.0 0.0 0.0 0.0 0.0 0.09024091413296138 0.0908940087509205 0.09581309105834453 0.09481642107073471 0.0 0.0 0.0 0.0 0.0 0.09734508957520815 0.10300152549186228 
0.0 0.0 0.0 0.0952587628689314 0.10777114294271334 0.0 0.0 0.0 0.10005835621680928 0.0 0.0 0.0 0.0 0.0 0.09154755652199663 0.10987486404993008 0.0 0.0924559435397984 0.0 0.0 0.0 0.0 0.0 0.0 0.10912800437723824 
0.10456117205327436 0.1091076197792875 0.0 0.0 0.0 0.10447320684502522 0.0 0.09603113210790663 0.0 0.0 0.0 0.0 0.0 0.10148227859142762 0.0 0.0 0.0 0.0 0.09552737880991757 0.1028247098211783 0.10929295955154261 0.09514955927604718 0.09287236345954174 0.0 0.0 
0.0 0.09146221195365827 0.09728889140178121 0.0 0.0 0.09966888348562164 0.0912328552674917 0.0 0.0 0.0 0.10096524091434736 0.10261426430039777 0.09780140835690682 0.0 0.0 0.10706686487221125 0.10809920659267927 0.09294596783339461 0.0 0.0 0.10130886868789418 0.09069197339783241 0.09967023641246647 0.0 0.0 
0.0 0.0 0.0 0.0 0.1039916818426081 0.0 0.09400443605370942 0.09655802036421693 0.0 0.0 0.0 0.0 0.0 0.1056712019100643 0.09927321788861353 0.0 0.0 0.0 0.09112124163487277 0.09117076880911255 0.0 0.0 0.0 0.09251992510466368 0.0926967034419186 
0.0 0.0 0.0 0.09895090551811248 0.09928889864867287 0.0 0.0 0.0 0.10909420158241222 0.09781819786729694 0.10929299027485938 0.0 0.09258535307034364 0.0 0.0 0.0 0.0 0.0 0.0929486822572882 0.0 0.0 0.10072407602063954 0.09498359179173632 0.0 0.0 
rate 
0.10824147810925927 0.10102262654403565 0.10573663099040674 0.0 0.0 0.09111781419166537 0.0 0.109756396710717 0.0 0.0 0.09421633715340072 0.09321966302796769 0.0 0.0 0.0 0.0 0.0 0.0 0.09916941044689964 0.09029490955987002 0.0 0.0 0.0 0.10886499864162325 0.10687761958793734 
0.0 0.09278695680066416 0.1076969459017114 0.0 0.0 0.10015663547892036 0.0979136739601324 0.0 0.0 0.0 0.10627254408728595 0.09051540486410271 0.0 0.0 0.0 0.0 0.0 0.0 0.0901319102631511 0.09855702700636203 0.0 0.0 0.0 0.09727883236134864 0.09874004695403192 
0.0 0.0 0.0 0.0 0.10172764327926848 0.09062055397871267 0.10343181051296682 0.09291219360389269 0.0 0.0 0.0 0.0 0.0 0.09201820968657959 0.0 0.0 0.0 0.0 0.09076214064998228 0.09388804539350525 0.09443497457829239 0.0 0.1003405647521227 0.0 0.0 
0.0 0.0 0.0 0.10601926407026517 0.0 0.0952785762128571 0.09834483932647155 0.10726783903304021 0.0 0.0 0.0 0.0 0.0 0.10727112448387616 0.09629774655788188 0.0 0.10941780137782914 0.0907672280478948 0.0 0.0 0.10319129173589299 0.09394994480311425 0.09587263441931285 0.0 0.0 
0.0 0.0 0.0 0.10897837249278569 0.09162154326896252 0.09288133960452044 0.10114115982686847 0.0996345863422413 0.0 0.0 0.0 0.0 0.0 0.0 0.10314106508976317 0.10882027655360785 0.09992933454751929 0.10478526198554577 0.0 0.0 0.0 0.0 0.0 0.09376226497193982 0.09934912287163716 
0.0 0.0 0.0 0.09023566263180942 0.10483233633566934 0.0 0.0 0.0 0.09300842728265533 0.0 0.0 0.0 0.0 0.0 0.09695283510363546 0.09680602363017722 0.0 0.09999378363265338 0.0 0.0 0.0 0.0 0.0 0.0 0.09918186700279305 
0.10409750478287157 0.1079764125044138 0.0 0.0 0.0 0.10972790069844192 0.0 0.09223237965559804 0.0 0.0 0.0 0.0 0.0 0.09205602310737504 0.0 0.0 0.0 0.0 0.10221722938294248 0.09565340017372205 0.09360815111083488 0.10846209381091915 0.10748546901979908 0.0 0.0 
0.0 0.10106577920560389 0.09277669777342483 0.0 0.0 0.09762720356466156 0.09223985697130532 0.0 0.0 0.0 0.09461393200486978 0.09546016627978048 0.10716432151866184 0.0 0.0 0.10283821301278695 0.10316814176713152 0.10380103710755906 0.0 0.0 0.10262602276381971 0.10952111085253494 0.09763384204752287 0.0 0.0 
0.0 0.0 0.0 0.0 0.10566442973480278 0.0 0.09517966216082809 0.09788029952785149 0.0 0.0 0.0 0.0 0.0 0.10267614416748115 0.09607644703360659 0.0 0.0 0.0 0.09423631732954157 0.10836951349152663 0.0 0.0 0.0 0.0983302711047061 0.10830544146569816 
0.0 0.0 0.0 0.10650392555612159 0.09238692352110223 0.0 0.0 0.0 0.0965575070486322 0.10889252933871202 0.09853811402098676 0.0 0.10978765035401993 0.0 0.0 0.0 0.0 0.0 0.0941209882607425 0.0 0.0 0.10087257692259165 0.10983174843006041 0.0 0.0 
ability 
0.0 0.0 0.0 0.14063040459811754 0.13921198807296353 
0.0 0.0 0.0 0.1421608667537165 0.16377203141585345 
0.0 0.0 0.0 0.14920217610839645 0.14728360937077242 
0.0 0.0 0.0 0.0 0.1456564283698467 
0.0 0.0 0.0 0.14753729639007013 0.0 
0.0 0.0 0.0 0.1487936675943809 0.14204093216546043 
0.0 0.0 0.0 0.16132528936999288 0.15852344303562743 
0.0 0.0 0.0 0.16382606771520034 0.14165540113615055 
0.0 0.0 0.0 0.0 0.15459548614877403 
0.0 0.0 0.0 0.1581238877752133 0.0 
0.0 0.0 0.0 0.1592182809379457 0.16239046320684675 
0.0 0.0 0.0 0.13784030372591707 0.15835822899819446 
0.0 0.0 0.0 0.15235464593037132 0.1636263674500106 
0.0 0.0 0.0 0.0 0.1535993283222605 
0.0 0.0 0.0 0.13971267691127348 0.0 
0.0 0.0 0.0 0.14887849079637325 0.13636332536796678 
0.0 0.0 0.0 0.14017955338824775 0.15534118185635315 
0.0 0.0 0.0 0.14369621837706825 0.14894473071541747 
0.0 0.0 0.0 0.0 0.15811776238188593 
0.0 0.0 0.0 0.1455959861301791 0.0 
0.0 0.0 0.0 0.14764104715191087 0.15959536629797116 
0.0 0.0 0.0 0.1446726679934047 0.16025734071344203 
0.0 0.0 0.0 0.15113004260340848 0.14184421405547512 
0.0 0.0 0.0 0.0 0.14723218417253253 
0.0 0.0 0.0 0.15755298431178982 0.0 
0.0 0.1590125532537264 0.149005184579349 0.0 0.0 
0.146551559899584 0.0 0.15741994251213415 0.0 0.0 
0.16430325360508977 0.15500920191648412 0.0 0.0 0.0 
0.1594407555046481 0.15029985355774708 0.14374245661540397 0.0 0.0 
0.16292309009370934 0.15341413980452273 0.15629586395585202 0.0 0.0 
0.0 0.16407324518901206 0.15103769278686704 0.0 0.0 
0.14167980181728185 0.0 0.14567238850779668 0.0 0.0 
0.1393809315466443 0.14130345229072475 0.0 0.0 0.0 
0.1395214772051667 0.1554383452351181 0.13610893551644648 0.0 0.0 
0.14877855434276688 0.15805665130207888 0.161938332333165 0.0 0.0 
0.0 0.14093178973329779 0.15677198297198766 0.0 0.0 
0.16095310075884378 0.0 0.14751136834719944 0.0 0.0 
0.13566886077787768 0.1519880018465887 0.0 0.0 0.0 
0.15287664557114397 0.14731555579536756 0.14809417322674753 0.0 0.0 
0.1427897332990496 0.15792298412316186 0.141376582284094 0.0 0.0 
0.0 0.13544576922843005 0.15138160729802766 0.0 0.0 
0.16219108759906128 0.0 0.15595184800184453 0.0 0.0 
0.14780963792854482 0.158211864948154 0.0 0.0 0.0 
0.15757291526681208 0.15260795888237103 0.15769985463016967 0.0 0.0 
0.15180006186783393 0.13548152117089124 0.15166097180058857 0.0 0.0 
0.0 0.14168060096529853 0.1602164835744503 0.0 0.0 
0.1373244275166214 0.0 0.14611354954981032 0.0 0.0 
0.16241215561900088 0.15959929579198184 0.0 0.0 0.0 
0.15423342908653356 0.14568577158229387 0.16471042737445446 0.0 0.0 
0.1403517584041723 0.13696832837860806 0.14176556228793885 0.0 0.0 
