file_name
position_num 5
robot_num 12
position_x
-29.31236461425609 14.767605434582094 -4.222191071233549 -11.362377745004057 5.38507129172212 
position_y
10.721828071823417 18.86178313972271 -24.75962600602213 25.07460154222416 7.9607115992900646 
distance
0.0 31.211733634657868 23.955146283866156 25.117045554764037 27.528880662342115 9.611031265374237 
31.211733634657868 0.0 44.82524543171951 43.45630439760439 22.982692072491414 34.80712315926671 
23.955146283866156 44.82524543171951 0.0 47.57562093333895 26.858427606021838 14.382812926252074 
25.117045554764037 43.45630439760439 47.57562093333895 0.0 50.34314750854061 34.101612617532794 
27.528880662342115 22.982692072491414 26.858427606021838 50.34314750854061 0.0 23.944984406271832 
9.611031265374237 34.80712315926671 14.382812926252074 34.101612617532794 23.944984406271832 0.0 
lay
0 1 2 
3 4 
0 1 
2 
3 4 
0 1 
2 
3 4 
0 1 
2 3 4 
0 1 2 3 4 
edge
0 3 2 3 2 4 
0 2 2 3 2 4 1 2 
0 2 2 4 2 3 
1 2 1 3 0 4 

demand 
0.0 0.09321552767917946 0.10124709708827424 0.0 0.0 0.09765867632891106 0.0 0.09694340352826739 0.0 0.0 0.0 0.0 0.0 0.09237430618676773 0.0 0.09613524068861898 0.09214065125746707 0.0 0.0 0.0 0.10524035263549761 0.09233710440846868 0.0915993185408606 0.0 0.0 
0.0 0.0 0.0 0.10245465685996161 0.10914297224601235 0.09824499922724476 0.10173188390805739 0.0 0.0 0.0 0.0 0.0 0.0 0.09593782752126082 0.09855261282504822 0.09976879580164054 0.10011774898955848 0.0956272755118512 0.0 0.0 0.10665436428044256 0.0 0.0960399315800179 0.0 0.0 
0.10377512371245667 0.10428495366826607 0.10388108900175015 0.0 0.0 0.0 0.0 0.0 0.10817287651070379 0.09055773095954689 0.0 0.10028698824407285 0.10203179969477559 0.0 0.0 0.09973458949771685 0.09263416589206466 0.10444130941373841 0.0 0.0 0.09337578701243683 0.0 0.10651858833770281 0.0 0.0 
0.0 0.0 0.0 0.09346261231014782 0.0 0.0 0.0 0.0 0.10887556252124445 0.09556608206143484 0.0 0.0 0.0 0.10240344977665533 0.1090470731077434 0.09430769811494442 0.09523272716613934 0.0 0.0 0.0 0.0 0.09061640005912014 0.09102773021324652 0.0 0.0 
0.0 0.0 0.0 0.09868960699130867 0.0 0.0 0.0 0.0 0.0 0.09524172422823199 0.0 0.0 0.0 0.0 0.1034772585361238 0.0 0.0 0.0 0.0 0.09258445751640099 0.0 0.0 0.0 0.10272012603325578 0.10924448786435464 
rate 
0.0 0.09737195695658957 0.10033368954914462 0.0 0.0 0.10445179494452417 0.0 0.10979605233910746 0.0 0.0 0.0 0.0 0.0 0.09338447923451117 0.0 0.10666711688184445 0.10741709113141017 0.0 0.0 0.0 0.10181314240784665 0.0955895959200481 0.09800505777747331 0.0 0.0 
0.0 0.0 0.0 0.09926441196999496 0.0934441787833364 0.10286590336332463 0.10445106737553733 0.0 0.0 0.0 0.0 0.0 0.0 0.09455529171731333 0.0969629395030797 0.09178189090328191 0.09057710535622039 0.1078722617776285 0.0 0.0 0.10023012277666894 0.0 0.10987709952121719 0.0 0.0 
0.10465316915012038 0.10690875007774765 0.10455601701752047 0.0 0.0 0.0 0.0 0.0 0.0917104970464829 0.0980018768769314 0.0 0.09248335138107076 0.10499654479801704 0.0 0.0 0.10349161463092545 0.09123372074804022 0.09228900658880027 0.0 0.0 0.09070030052216049 0.0 0.10106065928587793 0.0 0.0 
0.0 0.0 0.0 0.10279594628985012 0.0 0.0 0.0 0.0 0.10565202963211813 0.09168712721955152 0.0 0.0 0.0 0.10425155486152658 0.09270965409876374 0.10326990774854822 0.10854287200776541 0.0 0.0 0.0 0.0 0.09020740978070436 0.10720683147502981 0.0 0.0 
0.0 0.0 0.0 0.10643473455794848 0.0 0.0 0.0 0.0 0.0 0.10903061437390943 0.0 0.0 0.0 0.0 0.1027640591589544 0.0 0.0 0.0 0.0 0.10244881325690258 0.0 0.0 0.0 0.09920269046557055 0.10861140849430309 
ability 
0.0 0.0 0.0 0.15736825515899294 0.13736641594745636 
0.0 0.0 0.0 0.15336589525283975 0.1458054678301703 
0.14232406630985897 0.14635470793284822 0.0 0.0 0.0 
0.14804092965126325 0.14846973413916054 0.15307089065284463 0.0 0.0 
0.14080186203119605 0.14692892027528462 0.15237911312842956 0.0 0.0 
0.0 0.14109639772583013 0.14068807214534507 0.0 0.0 
0.15205661748702015 0.0 0.14250868380509454 0.0 0.0 
0.1598752452581542 0.13551480921745795 0.0 0.0 0.0 
0.14765371562371604 0.148094934989048 0.1397279105954239 0.0 0.0 
0.13986876280508181 0.15665472102952308 0.14768426007845467 0.0 0.0 
0.0 0.15723611369969512 0.14607632087303712 0.0 0.0 
0.14877104879447664 0.0 0.14552897913789803 0.0 0.0 
