file_name
position_num 5
robot_num 12
position_x
1.2894871020192902 4.678642517393328 -14.944575980652825 3.4308714321852705 -8.683675298604804 
position_y
-0.18840692911255985 -4.267394292355775 20.758280970923188 -29.291568448985895 14.24856729107448 
distance
0.0 1.3031784824849328 6.332483703255084 25.578244273391736 29.491810066284692 16.686158531545743 
1.3031784824849328 0.0 5.303254881585176 26.501104470449558 29.181835742483997 17.546800075898947 
6.332483703255084 5.303254881585176 0.0 31.80181011523013 25.055263417143237 22.83401784125619 
25.578244273391736 26.501104470449558 31.80181011523013 0.0 53.31645613295722 9.031901767849272 
29.491810066284692 29.181835742483997 25.055263417143237 53.31645613295722 0.0 45.194088803242614 
16.686158531545743 17.546800075898947 22.83401784125619 9.031901767849272 45.194088803242614 0.0 
lay
0 
1 2 3 4 
0 1 2 
3 
4 
0 1 2 3 4 
0 1 2 3 4 
0 1 2 
3 4 
edge
0 3 0 1 0 2 0 4 
2 3 3 4 


1 4 1 3 
demand 
0.0 0.09044347328047715 0.10143169917811534 0.0 0.0 0.10224941191266733 0.0 0.10206951815288334 0.0 0.0 0.0 0.0 0.0 0.0 0.09087297394368861 0.10576124134160299 0.10204471209302968 0.0 0.0 0.0 0.10365351642994401 0.10536400595380915 0.09013806092169607 0.0 0.0 
0.09365872600859146 0.0 0.10792612586215647 0.0 0.0 0.0 0.0 0.0 0.10423184112220703 0.0 0.0 0.0 0.0 0.10911137988365456 0.09983340308411101 0.09934229030069648 0.0 0.0969440777168887 0.0 0.0 0.10553083119607387 0.10057635123655846 0.0 0.0 0.0 
0.10537757788514682 0.09107324370386735 0.0 0.0 0.0 0.0 0.0 0.0 0.10068975293023207 0.09873951092950262 0.09366602900721846 0.10832124280096125 0.10701949026033696 0.0 0.0 0.09309454149892084 0.0977949197786832 0.10770223000915535 0.0 0.0 0.0 0.0 0.0 0.0917809127351804 0.0 
0.0 0.0 0.0 0.10916243159110757 0.0 0.10804696783748065 0.10963048139696491 0.1082950707177059 0.0 0.0 0.0 0.09124237463314094 0.10620266486713177 0.0 0.0 0.0 0.0 0.0 0.0 0.10692374674101553 0.0 0.0 0.0 0.10110428784226899 0.10854242922085172 
0.0 0.0 0.0 0.0 0.09039209570037643 0.0 0.0 0.0 0.10502312227380457 0.1040848435011216 0.0 0.0 0.0 0.10323014271859582 0.10481011173057526 0.0 0.09301211297049779 0.09153075683797535 0.0 0.0 0.0 0.0 0.0 0.09437774432715713 0.09839800015243574 
rate 
0.0 0.09443780038104271 0.10601601461576814 0.0 0.0 0.10417016122117487 0.0 0.10970562930583544 0.0 0.0 0.0 0.0 0.0 0.0 0.09061866206674794 0.1042806719823321 0.09467878949631114 0.0 0.0 0.0 0.09981524697747995 0.10798863617216936 0.10715845798675545 0.0 0.0 
0.10629898634744167 0.0 0.09916909746205944 0.0 0.0 0.0 0.0 0.0 0.10758400127238994 0.0 0.0 0.0 0.0 0.10105272399952164 0.10069047987932925 0.10282022219772308 0.0 0.0973478021928332 0.0 0.0 0.10469709585661682 0.1066845113207342 0.0 0.0 0.0 
0.0941475757969232 0.09255842477698764 0.0 0.0 0.0 0.0 0.0 0.0 0.10619969913437849 0.10512384932300084 0.10703360322151736 0.0963164250171212 0.10082411036750252 0.0 0.0 0.10872427286979335 0.0973481559734774 0.1021146834659849 0.0 0.0 0.0 0.0 0.0 0.10525738576246767 0.0 
0.0 0.0 0.0 0.10605712951203793 0.0 0.104315319601815 0.10279276982302753 0.10167507509690395 0.0 0.0 0.0 0.0988934372907075 0.09505744447062266 0.0 0.0 0.0 0.0 0.0 0.0 0.09678487682238862 0.0 0.0 0.0 0.09437440516155504 0.10503138476968753 
0.0 0.0 0.0 0.0 0.09133214940761607 0.0 0.0 0.0 0.10143918256467287 0.10920668099923114 0.0 0.0 0.0 0.09575507132909504 0.10569324914109034 0.0 0.10276062180968307 0.1068416280103407 0.0 0.0 0.0 0.0 0.0 0.10556418889463082 0.09482420700889627 
ability 
0.0 0.0 0.0 0.15252966065561843 0.1481580155844076 
0.0 0.0 0.0 0.15531862389250145 0.1623745892136322 
0.0 0.0 0.0 0.15289009326906325 0.15631272054833661 
0.0 0.0 0.0 0.0 0.1558445528803635 
0.0 0.0 0.0 0.1517702058019377 0.0 
0.0 0.0 0.0 0.14050094155637308 0.15517496109981754 
0.1640318718698948 0.0 0.15434073541589047 0.0 0.0 
0.13983056927716986 0.13930127357713337 0.0 0.0 0.0 
0.15408108987175378 0.14375842750289444 0.15823678526396812 0.0 0.0 
0.13875063248694275 0.14206391375590574 0.1377774094119739 0.0 0.0 
0.0 0.14800131619443055 0.14376601691986898 0.0 0.0 
0.1500702285694936 0.0 0.14670445083507136 0.0 0.0 
