file_name
position_num 10
robot_num 25
position_x
-21.284680091638478 23.003291471458944 11.381488468787154 8.972808469640377 3.566739916648011 8.244284452074481 13.153207779548524 26.38590330341249 20.02497583788964 -12.83064471562518 
position_y
24.324258926651282 12.672384239004678 11.463075541174454 -16.47328630107193 -18.528673489017994 28.89176368438708 -8.290283806921103 -13.223797390089633 23.825456212874343 20.197342716332628 
distance
0.0 32.321930309530806 26.262915695365393 16.153649142772878 18.758476840882743 18.86884667635117 30.045003493446046 15.547851314290153 29.5141442456185 31.123174983597938 23.928186237565 
32.321930309530806 0.0 45.795093720947285 35.10681709430528 50.793260484478076 49.53753014685109 29.88012461044626 47.4307549881769 60.68229605403586 41.3126672724392 9.40755821379146 
26.262915695365393 45.795093720947285 0.0 11.684551020880471 32.34694057395551 36.75983595842379 21.92935379329571 23.161554359354152 26.11616904855522 11.543889226230485 36.61551560125197 
16.153649142772878 35.10681709430528 11.684551020880471 0.0 28.040008065605285 30.99314932082912 17.708789327219367 19.8326547605488 28.888997207482028 15.084373695047907 25.739363170575267 
18.758476840882743 50.793260484478076 32.34694057395551 28.040008065605285 0.0 5.783614241287691 45.37089934558676 9.188975362332798 17.71369667439685 41.78682868729254 42.66293008378796 
18.86884667635117 49.53753014685109 36.75983595842379 30.99314932082912 5.783614241287691 0.0 47.65057486114681 14.025868578055778 23.427674406496987 45.43947438564807 42.054471271385495 
30.045003493446046 29.88012461044626 21.92935379329571 17.708789327219367 45.37089934558676 47.65057486114681 0.0 37.50469549111039 45.85672054525052 12.823890241409792 22.7979296295366 
15.547851314290153 47.4307549881769 23.161554359354152 19.8326547605488 9.188975362332798 14.025868578055778 37.50469549111039 0.0 14.122456836634264 32.842684927799795 38.55781964037041 
29.5141442456185 60.68229605403586 26.11616904855522 28.888997207482028 17.71369667439685 23.427674406496987 45.85672054525052 14.122456836634264 0.0 37.5913366450088 51.52582114379735 
31.123174983597938 41.3126672724392 11.543889226230485 15.084373695047907 41.78682868729254 45.43947438564807 12.823890241409792 32.842684927799795 37.5913366450088 0.0 33.05533254257676 
23.928186237565 9.40755821379146 36.61551560125197 25.739363170575267 42.66293008378796 42.054471271385495 22.7979296295366 38.55781964037041 51.52582114379735 33.05533254257676 0.0 
lay
0 1 2 
3 4 
0 1 
2 3 4 
0 1 
2 3 4 
0 1 2 3 4 
0 1 
2 
3 4 
0 1 
2 
3 4 
0 1 2 
3 
4 
0 1 2 
3 4 
0 1 2 3 
4 
0 1 2 3 4 
edge
0 3 1 3 1 4 
1 4 1 2 0 3 0 4 
0 4 0 2 0 3 1 4 

0 2 2 4 2 3 
1 2 2 3 2 4 
1 3 3 4 2 3 
2 4 2 3 
0 4 

demand 
0.10571472606518317 0.10913502362432517 0.10763106668753841 0.0 0.0 0.0 0.0 0.0 0.10151621629268728 0.09158025387799104 0.0 0.1099511617134576 0.10699194543384274 0.0 0.0 0.0 0.0 0.0 0.10098506399356587 0.0986741744880818 0.0 0.0 0.0 0.0 0.09623325082553782 
0.0 0.0 0.0 0.09109092410146409 0.09254624844525117 0.0 0.0 0.0 0.10520005120832801 0.09255767952737969 0.10351762767517775 0.10256353624480799 0.09942027422488826 0.0 0.0 0.0 0.0 0.0 0.10613855617804567 0.0 0.0 0.0 0.0 0.0 0.10563467935055729 
0.0 0.0 0.0 0.09982358012836531 0.09174685850290841 0.0 0.0 0.0 0.09591342342779668 0.101408337152868 0.0 0.09421126988127529 0.10803245118342486 0.0 0.0 0.09808804848370939 0.09224233349941163 0.0 0.0 0.0 0.0 0.0 0.0 0.09949759150418602 0.10630178958131938 
0.0 0.0 0.0 0.10237042544988131 0.09961218088402134 0.10419807491798978 0.09399475796938024 0.09349830007999427 0.0 0.0 0.09730797843639472 0.0 0.10087231306454003 0.0 0.0 0.09051120158166692 0.10513962448122922 0.0 0.0 0.0 0.10923075740696137 0.09199856847396559 0.10993236128493336 0.0 0.0 
0.10943580066396041 0.10222448753079455 0.0 0.0 0.0 0.0 0.0 0.0 0.0 0.10168995496071678 0.09596413321904985 0.0 0.09731892220310609 0.0 0.0 0.10358912121216368 0.0 0.10949029847202817 0.0 0.0 0.0 0.0 0.0 0.09781114623079444 0.10653352946640825 
0.0 0.0 0.0 0.09881569042450784 0.09028635026015785 0.10451411785476868 0.09850103988154255 0.10865797983811042 0.0 0.0 0.0 0.0 0.0 0.09244193121179439 0.0 0.10335762218618749 0.0986788712078771 0.10204705230759643 0.0 0.0 0.0 0.10696164878788149 0.10478308741735923 0.0 0.0 
0.0 0.09420083897858479 0.10475990675323273 0.0 0.0 0.0 0.0 0.0 0.10616879232647967 0.09128950139078856 0.0 0.0 0.0 0.10200826968296305 0.09828908498732473 0.10546692067937205 0.0 0.10895733563703676 0.0 0.0 0.0 0.0 0.0 0.10461489602242187 0.09911894085521183 
0.09021110041972312 0.0 0.09883656593768096 0.0 0.0 0.09911536486893047 0.09044815100317366 0.10861650570803434 0.0 0.0 0.0 0.0 0.0 0.10732711371056554 0.10761170275188725 0.0 0.0 0.0 0.0 0.09765048185175285 0.0 0.0 0.0 0.09665822246919459 0.0 
0.09435409700096885 0.09164294814989908 0.0 0.0 0.0 0.09527022207618613 0.09921776054772076 0.10876506839372202 0.0 0.0 0.0 0.0 0.0 0.10365738428740422 0.09585929304605167 0.10319938258760444 0.09519886957834395 0.09283964395744165 0.0 0.0 0.0 0.0 0.0 0.09937501914591745 0.0 
0.0 0.0 0.0 0.10462124131194012 0.0 0.10030527663364164 0.10955904230967005 0.0 0.0 0.0 0.10438358317996886 0.09958944916578429 0.1031604873126695 0.0 0.0 0.0 0.09334829849615472 0.09790913410262225 0.0 0.0 0.0 0.0 0.0 0.0 0.09226060637898163 
rate 
0.10028562533958757 0.0979496686280148 0.09573042071536686 0.0 0.0 0.0 0.0 0.0 0.1049258008802892 0.10668580912860721 0.0 0.0933669149054206 0.0912869170001193 0.0 0.0 0.0 0.0 0.0 0.09745093683806577 0.09935628944198736 0.0 0.0 0.0 0.0 0.10637626168240187 
0.0 0.0 0.0 0.0927150197741694 0.1046772748309089 0.0 0.0 0.0 0.10823495118066416 0.10464010284927683 0.10397925117612704 0.10684844841391361 0.09450882916132589 0.0 0.0 0.0 0.0 0.0 0.09542462358325964 0.0 0.0 0.0 0.0 0.0 0.10315941198860215 
0.0 0.0 0.0 0.09656650607850154 0.09331648253210514 0.0 0.0 0.0 0.0937601861247988 0.10558088135991249 0.0 0.09015174119556733 0.10984620139239668 0.0 0.0 0.09214146508529966 0.09335944783609806 0.0 0.0 0.0 0.0 0.0 0.0 0.0976465390369282 0.10540927070421696 
0.0 0.0 0.0 0.09806259803554421 0.10801005200008369 0.10828982928815459 0.09581119972800207 0.09075387157062781 0.0 0.0 0.09740760858946153 0.0 0.10549037824682457 0.0 0.0 0.09642525262234541 0.10832191459050824 0.0 0.0 0.0 0.1003984821236112 0.10779888970007528 0.09825906565143361 0.0 0.0 
0.10430015395647799 0.10068793152726781 0.0 0.0 0.0 0.0 0.0 0.0 0.0 0.10011055955376685 0.10456020480541287 0.0 0.09703716185618434 0.0 0.0 0.0925412289338882 0.0 0.10459675638619688 0.0 0.0 0.0 0.0 0.0 0.09034242634180252 0.10842027969995685 
0.0 0.0 0.0 0.09638059343198453 0.09372429704555514 0.10876336598772732 0.10016666234692567 0.09801017538564342 0.0 0.0 0.0 0.0 0.0 0.10614247486730616 0.0 0.09672876971685951 0.09868432634182653 0.09015402621048008 0.0 0.0 0.0 0.10851433293529299 0.09961312856631921 0.0 0.0 
0.0 0.09546726707549347 0.09783141885380793 0.0 0.0 0.0 0.0 0.0 0.10302554534424109 0.10350417625644684 0.0 0.0 0.0 0.09284950214717841 0.10560894891748457 0.10653329834219019 0.0 0.10415381442831713 0.0 0.0 0.0 0.0 0.0 0.1075779531746183 0.10838740619867104 
0.1082331754080505 0.0 0.09666557973516858 0.0 0.0 0.09053722140954293 0.09755123609264224 0.10898212660440228 0.0 0.0 0.0 0.0 0.0 0.1041415237671431 0.09946303275051456 0.0 0.0 0.0 0.0 0.09560948856769207 0.0 0.0 0.0 0.10240664062142651 0.0 
0.09783079950976405 0.10816319466913207 0.0 0.0 0.0 0.10631344224332369 0.1010441164968624 0.10723397958088328 0.0 0.0 0.0 0.0 0.0 0.09956608996912882 0.09283623721502889 0.10574301881538384 0.10484130806027059 0.09774421371423925 0.0 0.0 0.0 0.0 0.0 0.09958410733513043 0.0 
0.0 0.0 0.0 0.09309460636479364 0.0 0.0924739523632308 0.09124332529545523 0.0 0.0 0.0 0.10377995259102968 0.09916030456425716 0.10220872746720325 0.0 0.0 0.0 0.10374613365181112 0.10606870727673925 0.0 0.0 0.0 0.0 0.0 0.0 0.09697262082588594 
ability 
0.0 0.0 0.0 0.15983817839239564 0.14146687564898847 
0.0 0.0 0.0 0.1541242317493679 0.14056250115069888 
0.0 0.0 0.0 0.1565527262962212 0.15011508729662257 
0.0 0.0 0.0 0.0 0.1467386708562031 
0.0 0.0 0.0 0.15984559400056872 0.0 
0.0 0.16472090340355924 0.15868565638005525 0.0 0.0 
0.14199197441741412 0.0 0.13549829187198512 0.0 0.0 
0.1432290430700328 0.13504484872499245 0.0 0.0 0.0 
0.14205217557926222 0.1389920657757508 0.15424638842420524 0.0 0.0 
0.14582977902434 0.15871425327575872 0.1596748849149899 0.0 0.0 
0.0 0.15310629099346568 0.1375988124461134 0.0 0.0 
0.16455821903392562 0.0 0.14670381234679167 0.0 0.0 
0.15494053320964085 0.14972082395441347 0.0 0.0 0.0 
0.15468112162030212 0.15607612682765182 0.1472812042085777 0.0 0.0 
0.1606915658366639 0.13749189807348022 0.15078665430807695 0.0 0.0 
0.0 0.13581023186286892 0.16018885639991706 0.0 0.0 
0.1625355584969649 0.0 0.14724877460600488 0.0 0.0 
0.15260635915679105 0.1377657508131767 0.0 0.0 0.0 
0.15037317573317166 0.1603214387623131 0.15303634029945667 0.0 0.0 
0.14067476498948986 0.14802473131540042 0.15219350419863362 0.0 0.0 
0.0 0.15029155219459936 0.15761381762687746 0.0 0.0 
0.13680098426215992 0.0 0.15845940631549155 0.0 0.0 
0.14936544686064876 0.15502158668260044 0.0 0.0 0.0 
0.15886177244499167 0.1548299882757115 0.14519540052807564 0.0 0.0 
0.15889266750485775 0.15750318763183466 0.1487102943706643 0.0 0.0 
