file_name
position_num 5
robot_num 25
position_x
16.6776941849703 6.62055490925048 -0.08117456127505918 23.711892113675702 18.761517878526433 
position_y
18.616184048495782 16.542421716422417 -9.03846059499283 -11.293862186920041 -27.730044682935503 
distance
0.0 24.994155153852688 17.818065651196953 9.038825102668838 26.264141918359684 33.48059036552173 
24.994155153852688 0.0 10.268716600488716 32.33634258866505 30.72606070268227 46.393051622112246 
17.818065651196953 10.268716600488716 0.0 26.444181169523628 32.66454513662868 45.907017577965206 
9.038825102668838 32.33634258866505 26.444181169523628 0.0 23.899725064098966 26.540956540742535 
26.264141918359684 30.72606070268227 32.66454513662868 23.899725064098966 0.0 17.1654973743948 
33.48059036552173 46.393051622112246 45.907017577965206 26.540956540742535 17.1654973743948 0.0 
lay
0 1 2 3 4 
0 1 
2 
3 
4 
0 
1 2 
3 
4 
0 1 2 3 4 
0 1 2 
3 4 
edge

0 2 2 3 3 4 
0 1 1 3 3 4 2 3 

2 3 1 3 0 4 
demand 
0.10840432715142621 0.0 0.09107280182647685 0.0 0.0 0.0 0.0 0.0 0.09328778220282521 0.10010481808049182 0.0 0.0 0.0 0.09513367430569689 0.0 0.0 0.0 0.0 0.10578834951457156 0.0999253638468397 0.10843799546742516 0.10688719232174018 0.0 0.0 0.0 
0.0 0.0 0.0 0.0 0.0956573367702618 0.0 0.09635980555623164 0.09101795786898015 0.0 0.0 0.0 0.0 0.0 0.09156346718712288 0.09099120062410497 0.0 0.0 0.0 0.0 0.10533926850076453 0.09288425799933826 0.0 0.10698302008659717 0.0 0.0 
0.09466324330269454 0.0 0.091256807027411 0.0 0.0 0.09504412596495924 0.09016515192291169 0.0 0.0 0.0 0.0 0.0 0.0 0.1045796768362763 0.0916612356128964 0.0 0.0 0.0 0.10364707183475544 0.09043977980247404 0.0 0.0 0.0 0.0 0.10794832969851165 
0.1022603010908456 0.10296060698143857 0.09748552564881745 0.0 0.0 0.09306537663973369 0.09516190571599621 0.0 0.0 0.0 0.0978649191837421 0.10901242919849984 0.10457675828741667 0.0 0.0 0.09512440227763747 0.09109210986833698 0.09850749064628284 0.0 0.0 0.0 0.10647798859099754 0.09265736212960826 0.0 0.0 
0.0 0.0 0.0 0.0917907840362473 0.0 0.10261935605182754 0.09717392895685131 0.09758514015939618 0.0 0.0 0.0 0.0 0.0 0.10790545333750337 0.1070385859443786 0.0 0.0 0.0 0.10088363441725141 0.0 0.0 0.10507053684890887 0.09879620090380642 0.0 0.0 
rate 
0.0930586946557761 0.0 0.10767155583731476 0.0 0.0 0.0 0.0 0.0 0.10607577115323369 0.09610739689629952 0.0 0.0 0.0 0.09408042755518624 0.0 0.0 0.0 0.0 0.10247988580093557 0.10411684380500903 0.10798485345468059 0.09287072689092392 0.0 0.0 0.0 
0.0 0.0 0.0 0.0 0.09107072730956053 0.0 0.09850288728653535 0.10288674584170132 0.0 0.0 0.0 0.0 0.0 0.0923429081125537 0.10141019434932973 0.0 0.0 0.0 0.0 0.09295375433440767 0.10688232703189726 0.0 0.10443626097051979 0.0 0.0 
0.10813822798117066 0.0 0.09901120954656348 0.0 0.0 0.09705806528978098 0.09558066654313 0.0 0.0 0.0 0.0 0.0 0.0 0.09114806789096774 0.09418609854296076 0.0 0.0 0.0 0.0915322557839987 0.0998431250390559 0.0 0.0 0.0 0.0 0.10130454372880693 
0.09528562380282532 0.0969375552761757 0.1097932363144089 0.0 0.0 0.10101778969978899 0.09453070851485534 0.0 0.0 0.0 0.10302325417664865 0.09629371821097232 0.09190915294897808 0.0 0.0 0.10278557002117777 0.1034350065530671 0.09917218047388175 0.0 0.0 0.0 0.09350232605832268 0.10697158478079755 0.0 0.0 
0.0 0.0 0.0 0.10528027228572956 0.0 0.10373990792561277 0.10492543173633405 0.1015388696187499 0.0 0.0 0.0 0.0 0.0 0.10898464896646809 0.09906148604178983 0.0 0.0 0.0 0.09406864724685148 0.0 0.0 0.09824663167492993 0.10843382644114528 0.0 0.0 
ability 
0.0 0.0 0.0 0.1435752173393595 0.15301955361473743 
0.0 0.0 0.0 0.15855526528333475 0.14250395665257337 
0.0 0.0 0.0 0.14116907253591976 0.15362494809542748 
0.0 0.0 0.0 0.0 0.13707767180500036 
0.0 0.0 0.0 0.1511364792167084 0.0 
0.0 0.0 0.0 0.13871838249737417 0.1551912394130018 
0.0 0.0 0.0 0.1583982875210153 0.13793790565220562 
0.0 0.0 0.0 0.15366652364044764 0.1491010153437134 
0.0 0.0 0.0 0.0 0.16104493013366167 
0.0 0.0 0.0 0.15710103181585694 0.0 
0.0 0.0 0.0 0.14831618191037052 0.15783119052420627 
0.0 0.0 0.0 0.16216052191630484 0.1371046794151314 
0.13843541799898915 0.1578335184750117 0.0 0.0 0.0 
0.13773367186150554 0.1487255567451933 0.15370106174470707 0.0 0.0 
0.16407663081069576 0.15755981497651034 0.14524399527526755 0.0 0.0 
0.0 0.1435565568073933 0.15331725019355041 0.0 0.0 
0.14990444841299905 0.0 0.13521530842712692 0.0 0.0 
0.1434151543616045 0.16159772762715183 0.0 0.0 0.0 
0.1431757905997863 0.1366959242045011 0.15110742036498348 0.0 0.0 
0.1614070803549986 0.13876507183039824 0.15983901079135618 0.0 0.0 
0.0 0.1421367251323903 0.14626166875141103 0.0 0.0 
0.15886389135208853 0.0 0.1448690190888239 0.0 0.0 
0.156788922416537 0.1498620350463682 0.0 0.0 0.0 
0.14912803213056738 0.1409385098445808 0.15414224204253016 0.0 0.0 
0.14474260990552035 0.14536995219483392 0.1578517330097031 0.0 0.0 
