file_name
position_num 10
robot_num 100
position_x
-11.062950382371294 -17.423801148057933 -0.2761093455926975 9.708659172522495 23.627262188996447 -11.912853141627497 26.041739036502314 23.09181572483923 11.624769723049653 24.395754364150207 
position_y
17.013147964263297 -1.9761787688548544 -27.342328946819578 -25.328610314022697 15.289185612850176 8.802001387165909 -23.723719444322068 0.9324225473631103 -8.06315477497472 -10.6113045156468 
distance
0.0 20.293744721384606 17.535510513627415 27.34372302022553 27.125570286499457 28.142613866728265 14.811863434208902 35.2276459094018 23.110633164774246 14.147428601662195 26.60362032731147 
20.293744721384606 0.0 20.02635643946377 45.648266906448235 47.16231819575619 34.733023111093715 8.255014404031616 55.10218092903162 37.7509970434159 33.816469399566806 44.94919484391014 
17.535510513627415 20.02635643946377 0.0 30.618375348855352 35.798134897220855 44.5340612153877 12.105358954001296 48.60255866687188 40.61988641303782 29.679466749805986 42.7017636626588 
27.34372302022553 45.648266906448235 30.618375348855352 0.0 10.18580704178209 48.875527663360735 37.97138951193145 26.565456483834534 36.681350767864416 22.656510749777414 29.809864767030213 
27.125570286499457 47.16231819575619 35.798134897220855 10.18580704178209 0.0 42.936381495036215 40.40282725067953 16.41173886420301 29.474577626330856 17.371454591158564 20.79206231067141 
28.142613866728265 34.733023111093715 44.5340612153877 48.875527663360735 42.936381495036215 0.0 36.12732147408687 39.08754864975646 14.366744538499738 26.256268336988548 25.91188856721258 
14.811863434208902 8.255014404031616 12.105358954001296 37.97138951193145 40.40282725067953 36.12732147408687 0.0 49.98473349950006 35.878365536446296 28.956056059020927 41.17270242630182 
35.2276459094018 55.10218092903162 48.60255866687188 26.565456483834534 16.41173886420301 39.08754864975646 49.98473349950006 0.0 24.83198311570855 21.286199518651657 13.215320306498972 
23.110633164774246 37.7509970434159 40.61988641303782 36.681350767864416 29.474577626330856 14.366744538499738 35.878365536446296 24.83198311570855 0.0 14.574414409138946 11.617137792087842 
14.147428601662195 33.816469399566806 29.679466749805986 22.656510749777414 17.371454591158564 26.256268336988548 28.956056059020927 21.286199518651657 14.574414409138946 0.0 13.022715377528353 
26.60362032731147 44.94919484391014 42.7017636626588 29.809864767030213 20.79206231067141 25.91188856721258 41.17270242630182 13.215320306498972 11.617137792087842 13.022715377528353 0.0 
lay
0 1 2 
3 4 
0 1 
2 
3 
4 
0 1 
2 
3 
4 
0 1 2 
3 4 
0 1 2 3 4 
0 1 2 3 
4 
0 1 2 3 4 
0 1 2 
3 
4 
0 1 2 
3 4 
0 1 
2 3 
4 
edge
2 4 2 3 0 4 
1 2 2 3 3 4 0 2 
1 2 2 3 3 4 
0 4 1 3 

1 4 0 4 

0 3 3 4 
2 4 0 3 1 4 
1 3 1 2 3 4 
demand 
0.0 0.0 0.0 0.10744119911767769 0.10932496673065246 0.0 0.0 0.0 0.09576910381104409 0.09816992756823349 0.0 0.0 0.0 0.09140586859141056 0.0 0.0 0.0 0.0 0.09730104743078838 0.10039632846803291 0.0 0.0 0.0 0.0 0.09081403940550213 
0.0 0.0 0.0 0.09070554028124579 0.0920655465961924 0.0 0.0 0.0 0.10261275007486921 0.10143820986834076 0.0 0.0 0.0 0.10657170919705311 0.10729607459503517 0.09025958992394023 0.0915800100157707 0.10690332750927417 0.0 0.0 0.09721908932230428 0.10349436266912654 0.09862920462120295 0.0 0.0 
0.0 0.0 0.0 0.09432723946249588 0.09666301098377322 0.09233435279711173 0.0 0.10366468310011219 0.0 0.0 0.10789262882225521 0.0 0.1020237883234677 0.0 0.0 0.0 0.10338880919119153 0.10753380358701758 0.0 0.0 0.09206538598546785 0.10884222955053771 0.0 0.0 0.0 
0.0 0.10927604040823911 0.09103164076027524 0.0 0.0 0.0 0.09773366970101585 0.09879956227274714 0.0 0.0 0.10291350001613986 0.0 0.10321063443177231 0.0 0.0 0.0 0.0 0.0 0.10451504087195629 0.10054808263339035 0.09282808046568403 0.1081975953768303 0.09002901390043239 0.0 0.0 
0.0 0.0 0.0 0.0 0.10503086907219944 0.0 0.0 0.0 0.10614350444471075 0.104740552674472 0.09225697050973047 0.09028232711929735 0.10080609600619693 0.0 0.0 0.09090901703367324 0.09699625898592108 0.09779717363634187 0.0 0.0 0.09018283387211842 0.10188273330569607 0.09236789755355601 0.0 0.0 
0.0 0.0 0.0 0.10771176602407871 0.10126430134419168 0.10124195106423706 0.0 0.09285210499566532 0.0 0.0 0.0931159401096019 0.10230273170454965 0.10774248883977065 0.0 0.0 0.0 0.0 0.0 0.10112728671137622 0.10288647319627 0.0 0.0 0.0 0.0 0.10868248597275146 
0.10911735464408095 0.10979185617309549 0.0 0.0 0.0 0.0 0.09204006638738123 0.09813058913158082 0.0 0.0 0.0 0.0 0.0 0.10993456130080743 0.09280182097082784 0.0 0.0 0.0 0.10574448948455493 0.0 0.0 0.0 0.0 0.09312263148631321 0.0 
0.0 0.0 0.0 0.09912415916745555 0.0 0.0 0.0 0.0 0.0 0.10181751642921576 0.0 0.0 0.0 0.09119845066889126 0.0 0.09089376367113208 0.09950357705129009 0.10607296990751745 0.0 0.0 0.0 0.0 0.0 0.10777622855412661 0.09003917323064534 
0.0 0.0 0.0 0.09928302830993223 0.10955741409990304 0.0 0.0 0.0 0.10821465027599289 0.10671944515882353 0.10895558155939195 0.0921752108032138 0.0 0.0 0.0 0.09126885699911703 0.0939773300910961 0.10433381799193331 0.0 0.0 0.09219982589585704 0.0 0.09003337600040982 0.0 0.0 
0.10776631958652383 0.10376545163690885 0.0 0.0 0.0 0.0903262875058512 0.10716444735855864 0.10181540166370014 0.0 0.0 0.0 0.09430330900894372 0.09560310198700894 0.0 0.0 0.0927660126307048 0.10515044423776557 0.0 0.0 0.0 0.0 0.0 0.0 0.0 0.1016369665538073 
rate 
0.0 0.0 0.0 0.10249004881499389 0.10275311755213568 0.0 0.0 0.0 0.10336724811295844 0.09509132561570066 0.0 0.0 0.0 0.09166653836855633 0.0 0.0 0.0 0.0 0.10513368837673323 0.10468939958237403 0.0 0.0 0.0 0.0 0.10985870060087961 
0.0 0.0 0.0 0.09139589794540053 0.09305259693402204 0.0 0.0 0.0 0.09379239920302479 0.10431465325791772 0.0 0.0 0.0 0.10990066308601261 0.10992145509929352 0.107993782939592 0.10471442819825101 0.09675726654229502 0.0 0.0 0.09832355240996098 0.09661018686534441 0.1032965765650539 0.0 0.0 
0.0 0.0 0.0 0.10692195667324676 0.10002487566998677 0.09330400965627639 0.0 0.09594775936685884 0.0 0.0 0.09235747461144722 0.0 0.09959934138397948 0.0 0.0 0.0 0.0901996988677505 0.0915797971124162 0.0 0.0 0.10436567105584159 0.1034196080847709 0.0 0.0 0.0 
0.0 0.10955720951736524 0.09548743433991697 0.0 0.0 0.0 0.10764537513137712 0.09857045066244692 0.0 0.0 0.09190661610992135 0.0 0.10447180130092591 0.0 0.0 0.0 0.0 0.0 0.09134871162012266 0.10855104488914367 0.10393963777844294 0.10832958267474734 0.0954361657190673 0.0 0.0 
0.0 0.0 0.0 0.0 0.10670164583035441 0.0 0.0 0.0 0.09797047056399208 0.0945438358536414 0.09819649759555805 0.10833790181899593 0.09615521338473497 0.0 0.0 0.09005726392302948 0.10659597629960599 0.10589335536132549 0.0 0.0 0.09860279325903801 0.10977204564927623 0.10674054270641893 0.0 0.0 
0.0 0.0 0.0 0.09687525749816503 0.10082436557618704 0.10305239699107119 0.0 0.09339040824392791 0.0 0.0 0.09972948520110167 0.09232708014095259 0.09923689864526748 0.0 0.0 0.0 0.0 0.0 0.10658138412841195 0.10602978455161792 0.0 0.0 0.0 0.0 0.09163559400290247 
0.1048264071585313 0.10683405584657589 0.0 0.0 0.0 0.0 0.09898099166264826 0.09526656167379335 0.0 0.0 0.0 0.0 0.0 0.09663456968380026 0.10280615656530481 0.0 0.0 0.0 0.0969632436725239 0.0 0.0 0.0 0.0 0.09381563483267606 0.0 
0.0 0.0 0.0 0.09475438564084415 0.0 0.0 0.0 0.0 0.0 0.09708828384600923 0.0 0.0 0.0 0.09699987565175854 0.0 0.0993157795975756 0.10910956876710985 0.10090745736328194 0.0 0.0 0.0 0.0 0.0 0.09008752485152036 0.09947779069353208 
0.0 0.0 0.0 0.09454894931680598 0.09783339397576298 0.0 0.0 0.0 0.10006613716747065 0.09593938895709875 0.09273919005976912 0.10574788512627271 0.0 0.0 0.0 0.09574122545123592 0.10580309120816776 0.09952062746615635 0.0 0.0 0.09547110241885222 0.0 0.10658247237481942 0.0 0.0 
0.10203915726864399 0.09058036316823302 0.0 0.0 0.0 0.09270554383031739 0.10975891862861005 0.1061260329341764 0.0 0.0 0.0 0.1095324104168019 0.09134838389673515 0.0 0.0 0.1001541909733654 0.10008014751112089 0.0 0.0 0.0 0.0 0.0 0.0 0.0 0.09147927899216961 
ability 
0.0 0.0 0.0 0.14937805648828364 0.15095927697769587 
0.0 0.0 0.0 0.1354682335152604 0.16471085510471134 
0.0 0.0 0.0 0.14953255051989195 0.1529311790774441 
0.0 0.0 0.0 0.0 0.15883097656304213 
0.0 0.0 0.0 0.16031392743673398 0.0 
0.0 0.0 0.0 0.15649992629219675 0.16163607779057157 
0.0 0.0 0.0 0.1506401030566213 0.14981391258032925 
0.0 0.0 0.0 0.15989192378271094 0.15323032459236968 
0.0 0.0 0.0 0.0 0.15896888548235752 
0.0 0.0 0.0 0.15391660042449645 0.0 
0.0 0.0 0.0 0.15902025327330552 0.15030473453728324 
0.0 0.0 0.0 0.1632740850191508 0.1632463020902216 
0.0 0.0 0.0 0.15309167815115424 0.13575539645182427 
0.0 0.0 0.0 0.0 0.1541057894361878 
0.0 0.0 0.0 0.16410981409114572 0.0 
0.0 0.0 0.0 0.135600018746723 0.15587322834595724 
0.0 0.0 0.0 0.14410113145668843 0.14635236396790793 
0.0 0.0 0.0 0.15900375505659564 0.15307745705431336 
0.0 0.0 0.0 0.0 0.16451901539310818 
0.0 0.0 0.0 0.1449978295286177 0.0 
0.0 0.15374838683626402 0.13715050446405913 0.0 0.0 
0.1512729403539541 0.0 0.1640525129917213 0.0 0.0 
0.15133986795418364 0.14906491547919998 0.0 0.0 0.0 
0.15724761328118128 0.15519848566214894 0.13701928970133687 0.0 0.0 
0.1491783130261093 0.16177042154224272 0.15397838885075657 0.0 0.0 
0.0 0.16000715400659257 0.15500612296982866 0.0 0.0 
0.14222736680937045 0.0 0.15035082403366537 0.0 0.0 
0.15685694209375656 0.16484266740216166 0.0 0.0 0.0 
0.14544676830817074 0.15792076762321552 0.13568784633020284 0.0 0.0 
0.1573164777333821 0.15068879046556827 0.1575127842137072 0.0 0.0 
0.0 0.1481020508527367 0.14162469998772975 0.0 0.0 
0.1617922373251679 0.0 0.15161344572238453 0.0 0.0 
0.1600520470191374 0.1503682346897651 0.0 0.0 0.0 
0.15327417401736682 0.1417015872054212 0.13657486949677528 0.0 0.0 
0.15546276549353744 0.13727977917978046 0.14335405217282782 0.0 0.0 
0.0 0.14770323532838547 0.13922697023484876 0.0 0.0 
0.14086498909663536 0.0 0.14709073179753235 0.0 0.0 
0.13924022843410644 0.16435955022118917 0.0 0.0 0.0 
0.16468873767934444 0.15091589958579466 0.1433989509256925 0.0 0.0 
0.14780875862142623 0.14162866685011427 0.14893741863992088 0.0 0.0 
0.0 0.1527371563174612 0.15011739268990862 0.0 0.0 
0.16322118190733315 0.0 0.13632540386766048 0.0 0.0 
0.1387674521087111 0.13932507485548162 0.0 0.0 0.0 
0.13528341381644182 0.14908561331683928 0.1480110794521177 0.0 0.0 
0.1592641926737704 0.14472427564046686 0.16200601879150037 0.0 0.0 
0.0 0.13830000973583115 0.16394086211353928 0.0 0.0 
0.16182761062179443 0.0 0.13807692364917273 0.0 0.0 
0.15846993269204762 0.1567310797106432 0.0 0.0 0.0 
0.1540822910207786 0.14272582242905688 0.14544649002669235 0.0 0.0 
0.16362427638952293 0.15971426627936444 0.13730164924826163 0.0 0.0 
0.0 0.15356479327446257 0.1466388957220535 0.0 0.0 
0.1363935498617183 0.0 0.14180357503523425 0.0 0.0 
0.15652128300935406 0.13808932948208727 0.0 0.0 0.0 
0.15246181087033503 0.15407062011634867 0.16455385237021908 0.0 0.0 
0.15570279955700464 0.14833644763582948 0.14929242418177305 0.0 0.0 
0.0 0.1444647950413733 0.16238774355921087 0.0 0.0 
0.15960967397268372 0.0 0.15511447398233125 0.0 0.0 
0.15629659022927547 0.15653533076077775 0.0 0.0 0.0 
0.15682457829377083 0.13520932285423617 0.15398780827045075 0.0 0.0 
0.15230540473432014 0.153344855427397 0.15355942407979561 0.0 0.0 
0.0 0.13648366769612605 0.1513824481593799 0.0 0.0 
0.15493001926231756 0.0 0.15971964277372894 0.0 0.0 
0.15890415443704745 0.1576811200617738 0.0 0.0 0.0 
0.1452720797530728 0.14765452130360107 0.14476738438490183 0.0 0.0 
0.13675192187622245 0.13781799751564724 0.16417332843764354 0.0 0.0 
0.0 0.14853529620543274 0.13887767300414997 0.0 0.0 
0.1456307265626401 0.0 0.13845998428033016 0.0 0.0 
0.15036697274143387 0.13577402581463058 0.0 0.0 0.0 
0.15251809669877991 0.15777770390274534 0.16437807822590195 0.0 0.0 
0.13829287510520774 0.14214068857394216 0.14875646582523672 0.0 0.0 
0.0 0.15247735815615596 0.13860724666689248 0.0 0.0 
0.1414473831735366 0.0 0.14928891523599627 0.0 0.0 
0.1483504339259149 0.1395560107290162 0.0 0.0 0.0 
0.13976813621042344 0.1442034190216533 0.15421978448775112 0.0 0.0 
0.1523934978303319 0.14370085560604606 0.15647915648166552 0.0 0.0 
0.0 0.15665500150907288 0.15145866321105386 0.0 0.0 
0.14987144193164917 0.0 0.1498798738129024 0.0 0.0 
0.1504080083946516 0.14946024873683636 0.0 0.0 0.0 
0.15908449858270554 0.16232115119440252 0.1438113025663563 0.0 0.0 
0.15600780856933633 0.16372438196624334 0.13781087979826462 0.0 0.0 
0.0 0.1545683278500072 0.14669329206991594 0.0 0.0 
0.16204342518719625 0.0 0.14332292184256712 0.0 0.0 
0.14969100807430805 0.15375857615994568 0.0 0.0 0.0 
0.15870144879825637 0.15398099789530445 0.15224828188110978 0.0 0.0 
0.14150038428443762 0.1541941888464288 0.1574990007289482 0.0 0.0 
0.0 0.1471561784419226 0.14285732499551052 0.0 0.0 
0.15854626661274437 0.0 0.1459936966882654 0.0 0.0 
0.16231718676577125 0.14018554750337972 0.0 0.0 0.0 
0.13801935301072632 0.15987905878614686 0.15138786744933933 0.0 0.0 
0.14506143328612575 0.14799608646419296 0.16232975749115863 0.0 0.0 
0.0 0.16081711947911745 0.14108166056831478 0.0 0.0 
0.14661294192841687 0.0 0.1477099991776952 0.0 0.0 
0.15475735208881994 0.1487832013845144 0.0 0.0 0.0 
0.16037182752802917 0.14043605715506946 0.1452899658717108 0.0 0.0 
0.1460936705792134 0.15305544860567616 0.16460441283108562 0.0 0.0 
0.0 0.14031358500129462 0.14817016742933853 0.0 0.0 
0.14156797836703738 0.0 0.16111566379460493 0.0 0.0 
0.15593087548019724 0.15399956538740167 0.0 0.0 0.0 
0.1428632412083128 0.1409977787445552 0.1586570460043211 0.0 0.0 
0.1570518882444528 0.1506561399018882 0.15140297652967394 0.0 0.0 
