file_name
position_num 5
robot_num 25
position_x
23.622898485547275 13.421858756557214 3.7618643252642556 -27.54394397899514 3.2025566592098897 
position_y
13.519607943060386 -9.870284285917698 15.38483448034684 25.393818146421495 -1.8962220058596984 
distance
0.0 27.21802953544825 16.660396284776823 15.838079277152419 37.463513582838814 3.7218311421874297 
27.21802953544825 0.0 25.51760705935498 19.948427204953443 52.52658979740552 25.585897938483328 
16.660396284776823 25.51760705935498 0.0 27.039536170406812 54.05325072672965 12.962245353452124 
15.838079277152419 19.948427204953443 27.039536170406812 0.0 32.86690413791335 17.290105214971025 
37.463513582838814 52.52658979740552 54.05325072672965 32.86690413791335 0.0 41.11074790134889 
3.7218311421874297 25.585897938483328 12.962245353452124 17.290105214971025 41.11074790134889 0.0 
lay
0 1 2 3 4 
0 
1 2 3 4 
0 1 2 
3 
4 
0 1 2 3 
4 
0 1 
2 3 
4 
edge

0 4 0 1 0 2 0 3 
1 3 3 4 
0 4 2 4 
1 2 1 3 3 4 0 2 
demand 
0.09817037415632691 0.10685773060363842 0.09058965685084419 0.0 0.0 0.10268888681480759 0.1065241080351149 0.09300307696286106 0.0 0.0 0.09856128422723158 0.09078590285181794 0.10659447080924803 0.0 0.0 0.0 0.0 0.0 0.09777101864803478 0.0 0.0 0.0 0.0 0.10002037179707846 0.09032783835839178 
0.0 0.0 0.0 0.09996388489251998 0.10403153849376652 0.0 0.0 0.0 0.0 0.09045558491629233 0.10926673106680591 0.1080571266573658 0.0 0.0 0.0 0.10117187257621355 0.0 0.09268599962970615 0.0 0.0 0.0 0.0 0.0 0.0 0.10266888855577008 
0.0 0.0 0.0 0.10822969120791015 0.09278962850092487 0.10195627993907795 0.10856393749454592 0.0 0.0 0.0 0.0 0.10543287987686362 0.09744041853611447 0.0 0.0 0.0 0.0 0.0 0.09761364484663623 0.09847905342236792 0.09418618459585443 0.0 0.10553136295800968 0.0 0.0 
0.0 0.0 0.0 0.09612081489638179 0.0 0.0 0.09999209542302638 0.106131878211282 0.0 0.0 0.0 0.0 0.0 0.10582746640575191 0.09750059682317769 0.0 0.09806456157286023 0.09994762067741382 0.0 0.0 0.09585368575192461 0.09977479084115358 0.09010845797537291 0.0 0.0 
0.10154960888982636 0.1035126844895634 0.0 0.0 0.0 0.0 0.0 0.0 0.0 0.09075917863444499 0.1079160226879947 0.0 0.10389152940463947 0.0 0.0 0.0 0.0 0.0 0.09544933148197098 0.09152432885613268 0.0 0.0 0.0 0.10649757869355579 0.0 
rate 
0.10096194810782355 0.1009746516635992 0.09094912104413384 0.0 0.0 0.10816916723848635 0.09954228204221019 0.09775164161989874 0.0 0.0 0.09193164651938462 0.10682594699547972 0.10796458658975623 0.0 0.0 0.0 0.0 0.0 0.10499269606045461 0.0 0.0 0.0 0.0 0.0966758219645592 0.0917826135126023 
0.0 0.0 0.0 0.0966297980732464 0.09616676860358737 0.0 0.0 0.0 0.0 0.09391891324154625 0.10562779997001522 0.10139018160350342 0.0 0.0 0.0 0.1095059643150504 0.0 0.0915736838037434 0.0 0.0 0.0 0.0 0.0 0.0 0.09905326779626578 
0.0 0.0 0.0 0.09090844226138778 0.09589110787774925 0.10703737025864986 0.10375293190191442 0.0 0.0 0.0 0.0 0.09055431171898382 0.10274200119183957 0.0 0.0 0.0 0.0 0.0 0.10023736374108226 0.10744541678734826 0.09219003876515199 0.0 0.09424071174265858 0.0 0.0 
0.0 0.0 0.0 0.10767064932865048 0.0 0.0 0.09660543923943699 0.09805942690963938 0.0 0.0 0.0 0.0 0.0 0.10918674159457653 0.09030592350511804 0.0 0.09152543975716432 0.10504594874903161 0.0 0.0 0.10332216327482063 0.09787790966384591 0.10090121432909238 0.0 0.0 
0.10470728285700713 0.10848816269313231 0.0 0.0 0.0 0.0 0.0 0.0 0.0 0.09384490250887191 0.10417151186338414 0.0 0.09944531825770374 0.0 0.0 0.0 0.0 0.0 0.09725539802162601 0.10068464071228503 0.0 0.0 0.0 0.10399154967518434 0.0 
ability 
0.0 0.0 0.0 0.14375315990211743 0.1425116651533802 
0.0 0.0 0.0 0.14111399601349342 0.1517431126579999 
0.0 0.0 0.0 0.14079253737229383 0.14800605677456408 
0.0 0.0 0.0 0.0 0.15288584925227564 
0.0 0.0 0.0 0.15925160843234112 0.0 
0.0 0.14101330408801338 0.1590275943504974 0.0 0.0 
0.13919414060001736 0.0 0.15106155760816753 0.0 0.0 
0.16002206587458545 0.13881206838720053 0.0 0.0 0.0 
0.1622311122538072 0.14133892666901055 0.14784451344507357 0.0 0.0 
0.15630750667535098 0.14124353715599586 0.15477818936225607 0.0 0.0 
0.0 0.13787004535131758 0.15009070157506219 0.0 0.0 
0.16295359923566588 0.0 0.15445220334542326 0.0 0.0 
0.13701289539560427 0.15944752823401287 0.0 0.0 0.0 
0.14330652365978405 0.14307577825499132 0.15894209316618949 0.0 0.0 
0.14242552124079955 0.13501707621073972 0.1644279422939361 0.0 0.0 
0.0 0.14255108676591327 0.14394062622891488 0.0 0.0 
0.1440942544794291 0.0 0.16300729466442268 0.0 0.0 
0.15049193666027172 0.14342351439292125 0.0 0.0 0.0 
0.15934886144835353 0.1626196277456252 0.15729647207679678 0.0 0.0 
0.15444468862372077 0.14329902313011347 0.16015544727783518 0.0 0.0 
0.0 0.13902243866620917 0.1595495904222791 0.0 0.0 
0.1548818110650056 0.0 0.13891622757625482 0.0 0.0 
0.1412532663059266 0.14177235676907154 0.0 0.0 0.0 
0.15767236512570024 0.16378797570707196 0.15364019244713825 0.0 0.0 
0.13768806910432246 0.13921377308875088 0.13732635410981744 0.0 0.0 
