file_name
position_num 10
robot_num 50
position_x
-7.444950295064505 13.959005383053622 25.38719632345221 -24.084140355740814 17.21705996219704 -28.63020165404435 28.93827330276514 -3.3429001065086936 9.707032994107792 19.853486337506546 
position_y
27.967079757916963 -14.979979237722832 23.079274098297233 7.738939531314806 26.198613131461492 14.711862788051064 -7.476281780042587 -28.06213519440368 -13.149031928121698 -19.145336137053803 
distance
0.0 28.941057946828234 20.475683364584615 34.30980370200096 25.29697613835239 31.34955316673389 32.18893215758617 29.88843339822491 28.260545160896765 16.34391416385503 27.580877715445123 
28.941057946828234 0.0 47.98519766600749 33.19398282439137 26.19237108209926 24.725335672911715 24.99031116375661 50.79341331787201 56.17917535815902 44.55025444294175 54.44983355386122 
20.475683364584615 47.98519766600749 0.0 39.738020995836756 44.31061055477891 41.30728009864754 51.91768522317138 16.753624770386125 21.690982874103856 4.629431633245419 7.217693802123527 
34.30980370200096 33.19398282439137 39.738020995836756 0.0 51.79516403539065 8.745364724545567 54.66162142028065 30.761211659285355 58.65886280280592 39.47603930967214 42.58567430176334 
25.29697613835239 26.19237108209926 44.31061055477891 51.79516403539065 0.0 45.23879637132693 8.323961320925669 55.16229971391061 41.375306628384585 39.725945527447834 51.509992405823546 
31.34955316673389 24.725335672911715 41.30728009864754 8.745364724545567 45.23879637132693 0.0 47.26432937385149 35.656491547486205 58.02534590081867 40.057929012823024 45.42052927144417 
32.18893215758617 24.99031116375661 51.91768522317138 54.66162142028065 8.323961320925669 47.26432937385149 0.0 61.69637808030083 49.68966213367768 47.39169774183175 59.13525108018211 
29.88843339822491 50.79341331787201 16.753624770386125 30.761211659285355 55.16229971391061 35.656491547486205 61.69637808030083 0.0 38.28644038660646 20.050453811618798 14.788515266618719 
28.260545160896765 56.17917535815902 21.690982874103856 58.65886280280592 41.375306628384585 58.02534590081867 49.68966213367768 38.28644038660646 0.0 19.816695056475893 24.851190102070557 
16.34391416385503 44.55025444294175 4.629431633245419 39.47603930967214 39.725945527447834 40.057929012823024 47.39169774183175 20.050453811618798 19.816695056475893 0.0 11.785846580361746 
27.580877715445123 54.44983355386122 7.217693802123527 42.58567430176334 51.509992405823546 45.42052927144417 59.13525108018211 14.788515266618719 24.851190102070557 11.785846580361746 0.0 
lay
0 1 2 
3 
4 
0 1 2 
3 4 
0 1 
2 3 4 
0 1 2 3 
4 
0 
1 2 
3 
4 
0 1 2 
3 
4 
0 
1 2 
3 
4 
0 1 2 3 4 
0 1 
2 3 
4 
0 1 2 3 4 
edge
0 3 3 4 
1 3 2 4 
1 3 0 2 0 3 0 4 
0 4 1 4 
0 2 1 3 3 4 
0 3 3 4 
0 1 2 3 3 4 

1 2 2 4 3 4 0 2 

demand 
0.0 0.0 0.0 0.09476309104333991 0.09241111109220941 0.1031127831085297 0.09889936420876949 0.0 0.0 0.0 0.0 0.1043605382196947 0.09195269942318995 0.0 0.0 0.0 0.0 0.0 0.09425256104147615 0.10336252456635389 0.09077321077861696 0.10558075207530569 0.09772827367567055 0.0 0.0 
0.0 0.0 0.0 0.109568155946554 0.10931511557257044 0.0 0.10765434489742415 0.09576833341267044 0.0 0.0 0.09596169539303254 0.10361726008310723 0.0 0.0 0.0 0.0 0.0 0.0 0.0 0.09962928917631907 0.1058603515791953 0.0 0.09086367507182047 0.0 0.0 
0.0 0.0 0.0 0.09271480802182146 0.09011871730815024 0.10849467050433584 0.10764664712033277 0.09208993933699634 0.0 0.0 0.10777967829340332 0.0 0.09479146298964292 0.0 0.0 0.0 0.0 0.0 0.10370979443738595 0.0 0.0 0.0 0.0 0.09938396644663079 0.0 
0.0 0.10240550769722426 0.10499109118813586 0.0 0.0 0.0 0.0 0.0 0.0 0.09277399147829786 0.0 0.10134233705524745 0.09647094291690607 0.0 0.0 0.09202357607271358 0.09519675586368276 0.09154594282411771 0.0 0.0 0.0 0.0 0.0 0.10459014512857637 0.0 
0.0 0.0 0.0 0.09384152117975532 0.09680422659670403 0.10308017166678474 0.09298032826633658 0.09696701509026544 0.0 0.0 0.10586644230535813 0.10966893022273452 0.09861521276110574 0.0 0.0 0.10058986093784877 0.09939327070308585 0.0968626036950776 0.0 0.0 0.1024306666360646 0.1077485733378013 0.109714494012475 0.0 0.0 
0.10985273906139398 0.0933195469854119 0.0 0.0 0.0 0.10712330395747754 0.0 0.09704128858903255 0.0 0.0 0.0 0.0 0.0 0.10751559937726946 0.0 0.0 0.0 0.0 0.10860722109738277 0.10514612940832012 0.0 0.0 0.0 0.0 0.098871471712775 
0.0 0.0 0.0 0.1022781211535213 0.09463726395914258 0.0 0.0 0.0 0.10177404374710806 0.0 0.09452534145854663 0.10439039367111536 0.1027504430289668 0.0 0.0 0.09824703180712091 0.10502117316779623 0.09728334738640082 0.0 0.0 0.0 0.0 0.0 0.09902201740414812 0.10311629564353486 
0.0 0.0 0.0 0.0 0.09575534644059593 0.10262447905787618 0.09482522270486707 0.10302709625194098 0.0 0.0 0.09236014289602998 0.10587117188748024 0.0 0.0 0.0 0.0 0.09903538413638893 0.09278122688405979 0.0 0.0 0.10904497613828712 0.0967327045796729 0.0 0.0 0.0 
0.0 0.0 0.0 0.10883011156078048 0.1063425520093465 0.09471164436957034 0.0 0.09613534271172684 0.0 0.0 0.10345199569688929 0.0 0.10673808851379683 0.0 0.0 0.0 0.0 0.0 0.0 0.10861060806770306 0.0 0.0 0.0 0.09702197404179425 0.09732935493568245 
0.0 0.0 0.0 0.10084995654244344 0.0914915577628687 0.0 0.0 0.0 0.10986207148501295 0.09413726018124204 0.0 0.0 0.0 0.09730502929745415 0.09300267223481251 0.0 0.0 0.0 0.10996556044554028 0.10617415867928402 0.0 0.0 0.0 0.10945385508070281 0.10732881424194785 
rate 
0.0 0.0 0.0 0.10251220729898286 0.1094965237518492 0.09674986232123502 0.10496599305846983 0.0 0.0 0.0 0.0 0.10290668090580864 0.09529175572857476 0.0 0.0 0.0 0.0 0.0 0.09071742522802084 0.10309434070343848 0.10636068761073705 0.09350013105807412 0.10295667438755073 0.0 0.0 
0.0 0.0 0.0 0.0968248251256811 0.0931895320731147 0.0 0.09299727040920713 0.10806776497076719 0.0 0.0 0.10659772280730512 0.09056628301058017 0.0 0.0 0.0 0.0 0.0 0.0 0.0 0.09074377656261967 0.09226049462838147 0.0 0.09500093073075762 0.0 0.0 
0.0 0.0 0.0 0.10782812515891377 0.10395813732100126 0.10532017234063594 0.09859033528225945 0.09840674794115184 0.0 0.0 0.10807253901197107 0.0 0.10105544102805725 0.0 0.0 0.0 0.0 0.0 0.09825367139728794 0.0 0.0 0.0 0.0 0.10426575095523011 0.0 
0.0 0.09196839057157868 0.10735456770972295 0.0 0.0 0.0 0.0 0.0 0.0 0.10582218849022418 0.0 0.10448322791240648 0.0983860275768332 0.0 0.0 0.10548769948676494 0.09105421979835339 0.09056046757467079 0.0 0.0 0.0 0.0 0.0 0.0984647945216085 0.0 
0.0 0.0 0.0 0.10318615411477938 0.091363844226998 0.09011381032822635 0.10387506300404253 0.09198556818066199 0.0 0.0 0.09997428489536972 0.10540221223707008 0.09987221467932494 0.0 0.0 0.09561397336631915 0.10652996188784912 0.10795105817808458 0.0 0.0 0.10626592941863239 0.10682513746525407 0.09248856276494444 0.0 0.0 
0.10192528308140364 0.10684753721458867 0.0 0.0 0.0 0.10519886335869698 0.0 0.09081644853786537 0.0 0.0 0.0 0.0 0.0 0.09593035084788813 0.0 0.0 0.0 0.0 0.09626710507872216 0.09618512494783028 0.0 0.0 0.0 0.0 0.10280846399472139 
0.0 0.0 0.0 0.09542286999316943 0.09173604240367399 0.0 0.0 0.0 0.09351916215884302 0.0 0.10966939708440804 0.09957242563551089 0.09629809291524732 0.0 0.0 0.0964200715073587 0.09830762801679224 0.09154447514191609 0.0 0.0 0.0 0.0 0.0 0.09468671520599155 0.10392205613377442 
0.0 0.0 0.0 0.0 0.09556946961166786 0.09825143250529278 0.108350976426691 0.0924529543612792 0.0 0.0 0.1062003034374921 0.10965219513132762 0.0 0.0 0.0 0.0 0.09283261606128475 0.10697751117088213 0.0 0.0 0.10936829434571005 0.0933213703506355 0.0 0.0 0.0 
0.0 0.0 0.0 0.09721933298888957 0.1075805653909102 0.10246193852162261 0.0 0.09722600479469419 0.0 0.0 0.09077181530235431 0.0 0.09630974780233276 0.0 0.0 0.0 0.0 0.0 0.0 0.09875471158224455 0.0 0.0 0.0 0.09893248070824057 0.10570557202864357 
0.0 0.0 0.0 0.10581365999336323 0.10155592913704188 0.0 0.0 0.0 0.1002377686688464 0.09305122630737707 0.0 0.0 0.0 0.10555860488803931 0.09529413095108352 0.0 0.0 0.0 0.09008245811817892 0.09810381153424856 0.0 0.0 0.0 0.1023182772097568 0.10170432852184486 
ability 
0.0 0.0 0.0 0.16361696314264704 0.1503708537348138 
0.0 0.0 0.0 0.1582692881692878 0.13621900608114332 
0.0 0.0 0.0 0.16440140531747147 0.14356612177250413 
0.0 0.0 0.0 0.0 0.16231569807577648 
0.0 0.0 0.0 0.15028379338610784 0.0 
0.0 0.0 0.0 0.16013608466430665 0.14284935239811916 
0.0 0.0 0.0 0.14854346238621913 0.15214567853823593 
0.0 0.0 0.0 0.15434208862258178 0.1559922582188296 
0.0 0.0 0.0 0.0 0.13576049873095328 
0.0 0.0 0.0 0.16205379458385408 0.0 
0.0 0.15354299777677963 0.15025356162030767 0.0 0.0 
0.14208298882309775 0.0 0.14979834742639167 0.0 0.0 
0.15039737026154373 0.16319889472621374 0.0 0.0 0.0 
0.15148741585438716 0.15348147338102722 0.16080548674746664 0.0 0.0 
0.15388679291970195 0.1571013113478833 0.1603225993102432 0.0 0.0 
0.0 0.15977782803973753 0.14903177684656876 0.0 0.0 
0.16136942517734754 0.0 0.15257706525070838 0.0 0.0 
0.15817135692005788 0.14985666264179437 0.0 0.0 0.0 
0.15321671729258024 0.13725143513661187 0.14412620369671456 0.0 0.0 
0.1461816303295056 0.14890735189381357 0.14577052329557258 0.0 0.0 
0.0 0.1426962369224736 0.15976500802880175 0.0 0.0 
0.14445531927877464 0.0 0.1534893829683065 0.0 0.0 
0.1359335824991178 0.14107543800612538 0.0 0.0 0.0 
0.14872072246272533 0.139037470001105 0.13527590226285136 0.0 0.0 
0.13870538779493888 0.14045378630806177 0.1619621673213713 0.0 0.0 
0.0 0.14418375475951958 0.14425124086847324 0.0 0.0 
0.14691524914449755 0.0 0.15423923934219974 0.0 0.0 
0.1379604607575368 0.15606264044452878 0.0 0.0 0.0 
0.16306248834103088 0.16227023871199064 0.14143209000615992 0.0 0.0 
0.16390709595163275 0.14928486047299588 0.136029857935337 0.0 0.0 
0.0 0.1435880430200098 0.15647136392358582 0.0 0.0 
0.1470939741084655 0.0 0.14700974793773064 0.0 0.0 
0.13509342028922194 0.1613506176623797 0.0 0.0 0.0 
0.15390241716061878 0.1562241369646351 0.13626277862831915 0.0 0.0 
0.14058151754678383 0.14549413635550443 0.16426016211929753 0.0 0.0 
0.0 0.14891300616298514 0.15074621430605445 0.0 0.0 
0.1554826895661286 0.0 0.1556494011326012 0.0 0.0 
0.15186730430183445 0.13666435709724134 0.0 0.0 0.0 
0.16066795868146277 0.15245024804728963 0.14602201269014117 0.0 0.0 
0.1649192352134042 0.14684330734647644 0.1583883050747683 0.0 0.0 
0.0 0.14192369426962087 0.1522327619849367 0.0 0.0 
0.16056460593192473 0.0 0.14913153343457955 0.0 0.0 
0.14164714380154378 0.13804445770874024 0.0 0.0 0.0 
0.16014802540480313 0.14312671588518966 0.14889576375468758 0.0 0.0 
0.1621992810500178 0.1432307045686284 0.14868357742271351 0.0 0.0 
0.0 0.15756818123817187 0.14757865720156868 0.0 0.0 
0.13892312606428822 0.0 0.1643065266784842 0.0 0.0 
0.14214044231766831 0.15290527048107647 0.0 0.0 0.0 
0.142697502963136 0.1350011388587653 0.13579589434011521 0.0 0.0 
0.1399820993685217 0.13617384909446248 0.1552326156383055 0.0 0.0 
