file_name
position_num 5
robot_num 50
position_x
25.374081707533335 -28.995820260271948 25.987135193823036 22.099751801972083 -1.1758405206079594 
position_y
19.191813825478498 -5.022990931842454 -12.579229323235822 7.355762764105741 -17.490306093546362 
distance
0.0 31.814615201388268 29.42767456778345 28.871581285904515 23.291764114179347 17.529786312897503 
31.814615201388268 0.0 59.51842579759591 31.776957332861794 12.280608334194033 45.282185151271925 
29.42767456778345 59.51842579759591 0.0 55.49974891019382 52.5736723791759 30.485819983339255 
28.871581285904515 31.776957332861794 55.49974891019382 0.0 20.310481509742928 27.603367995711174 
23.291764114179347 12.280608334194033 52.5736723791759 20.310481509742928 0.0 34.04526891722456 
17.529786312897503 45.282185151271925 30.485819983339255 27.603367995711174 34.04526891722456 0.0 
lay
0 1 2 3 4 
0 1 2 3 
4 
0 1 2 3 
4 
0 1 2 3 
4 
0 1 2 
3 
4 
edge

1 4 2 4 
3 4 2 4 
1 4 3 4 
1 3 3 4 2 3 
demand 
0.09666875399671258 0.0 0.09292736078086242 0.0 0.0 0.0 0.0 0.0 0.09903831663306702 0.09624399912069126 0.10742621307759082 0.0 0.10636848972499305 0.0 0.0 0.10076403283443598 0.0 0.09462716092955996 0.0 0.0 0.0 0.10003852738211849 0.10362868638175858 0.0 0.0 
0.0 0.09287468244608826 0.10448748349773858 0.0 0.0 0.0 0.0 0.0 0.0 0.10585801431279757 0.0 0.0 0.0 0.0 0.10393124267736156 0.0 0.0 0.0 0.10904014530799465 0.10193916291762993 0.0 0.0 0.0 0.1000136045308189 0.09085769429310445 
0.0 0.0 0.0 0.0 0.0991080352102005 0.10093611874740663 0.10789565158366882 0.0922071688101695 0.0 0.0 0.092209541254589 0.09972991105361727 0.09628664473209304 0.0 0.0 0.0 0.0 0.0 0.09414031570723369 0.0 0.0 0.0 0.0 0.09529610437534188 0.0 
0.0987079674327617 0.10125585562643069 0.09280105279598305 0.0 0.0 0.10280735571575597 0.09906113424553337 0.0 0.0 0.0 0.0 0.0 0.0 0.10363420893905995 0.0900054745303383 0.0 0.0 0.0 0.10037203669378908 0.10513714925157949 0.0 0.0 0.0 0.0939143407026572 0.0 
0.0 0.0956412530644188 0.10845416540842022 0.0 0.0 0.09929863091375057 0.108339173418277 0.0 0.0 0.0 0.0928723272295636 0.09866123948092774 0.10038223435610245 0.0 0.0 0.0 0.0 0.0 0.10517982747615762 0.0909554982488656 0.10443703824701095 0.09749729254305727 0.0 0.0 0.0 
rate 
0.09256000420949412 0.0 0.10080897695671456 0.0 0.0 0.0 0.0 0.0 0.10881006797609785 0.10971140418643188 0.09588187076424179 0.0 0.10816263821697075 0.0 0.0 0.10918493051128673 0.0 0.09071564633397988 0.0 0.0 0.0 0.10886184476533987 0.09395263865475525 0.0 0.0 
0.0 0.09677916199171639 0.10453262314501793 0.0 0.0 0.0 0.0 0.0 0.0 0.09782920872166556 0.0 0.0 0.0 0.0 0.09688937895767577 0.0 0.0 0.0 0.10542666572436975 0.09275724406803969 0.0 0.0 0.0 0.10281843595253888 0.09506605430879095 
0.0 0.0 0.0 0.0 0.10684570788383119 0.10948214138985682 0.09788344854893477 0.09445418147373463 0.0 0.0 0.1055922301912947 0.09955857866389756 0.09268003398739831 0.0 0.0 0.0 0.0 0.0 0.095331643974643 0.0 0.0 0.0 0.0 0.10987545564783728 0.0 
0.09732451032793266 0.10237460158244611 0.09124975561558449 0.0 0.0 0.09868763263650353 0.09200500643779697 0.0 0.0 0.0 0.0 0.0 0.0 0.10072923551829056 0.1000873223400233 0.0 0.0 0.0 0.09923436858620402 0.09140440083135987 0.0 0.0 0.0 0.10810723703789614 0.0 
0.0 0.1091302321356116 0.09202995538094677 0.0 0.0 0.09145388881886439 0.09893690970374526 0.0 0.0 0.0 0.09037828507972352 0.10403481858839894 0.09967758722908437 0.0 0.0 0.0 0.0 0.0 0.09274280804940982 0.09638060704075035 0.10477372413120985 0.10574752440544288 0.0 0.0 0.0 
ability 
0.0 0.0 0.0 0.16409942434361965 0.14021504917523425 
0.0 0.0 0.0 0.14058409247708442 0.15647259751693834 
0.0 0.0 0.0 0.14601183458843137 0.14070078592174068 
0.0 0.0 0.0 0.0 0.13954237115102205 
0.0 0.0 0.0 0.14172883041689419 0.0 
0.0 0.0 0.0 0.15094051798893046 0.15814772201192645 
0.0 0.0 0.0 0.14675501590271992 0.16108866477213823 
0.0 0.0 0.0 0.15986185569293912 0.16417294446422 
0.0 0.0 0.0 0.0 0.14137117350594763 
0.0 0.0 0.0 0.15705889419217983 0.0 
0.0 0.0 0.0 0.15009895838040685 0.16485161407846952 
0.0 0.0 0.0 0.16449258050577895 0.15994686537373654 
0.0 0.0 0.0 0.16104727211832218 0.15640965906936316 
0.0 0.0 0.0 0.0 0.15123226862055095 
0.0 0.0 0.0 0.15640602532897618 0.0 
0.0 0.0 0.0 0.13842938051200518 0.15102274016061937 
0.0 0.0 0.0 0.1642561680506284 0.15833961098993202 
0.0 0.0 0.0 0.15574597157402417 0.1545724492020085 
0.0 0.0 0.0 0.0 0.15821530351608973 
0.0 0.0 0.0 0.13933920874353825 0.0 
0.0 0.0 0.0 0.15827191263797927 0.15051072563018067 
0.0 0.0 0.0 0.15128064869413652 0.1628687943996149 
0.0 0.0 0.0 0.16187190261394016 0.14926915999910115 
0.0 0.0 0.0 0.0 0.1611308355515586 
0.0 0.0 0.0 0.1494557689047624 0.0 
0.0 0.14625278966385852 0.1444344159389264 0.0 0.0 
0.16160549164017166 0.0 0.14025131156785994 0.0 0.0 
0.14170944894376186 0.1380293958296287 0.0 0.0 0.0 
0.15252768901557487 0.16248342513620292 0.1596213337001352 0.0 0.0 
0.15216090603778978 0.14202440401840744 0.151038995995683 0.0 0.0 
0.0 0.1424902766615274 0.14574006751106242 0.0 0.0 
0.1443759628478841 0.0 0.13893648412335494 0.0 0.0 
0.15386167217245159 0.15009921088369754 0.0 0.0 0.0 
0.14522548981665018 0.14115574235614717 0.15839358202689213 0.0 0.0 
0.13862642133874764 0.13890585443944317 0.1460947234467397 0.0 0.0 
0.0 0.14763985263688012 0.14656390585409623 0.0 0.0 
0.15574583796976904 0.0 0.1456947557272045 0.0 0.0 
0.15108406363289054 0.14762322250198856 0.0 0.0 0.0 
0.1452571448488356 0.15149320445510253 0.1369531823181917 0.0 0.0 
0.13999555012201037 0.15072232402791919 0.1628035120339286 0.0 0.0 
0.0 0.14141203566457894 0.1455915317385188 0.0 0.0 
0.1589106458015775 0.0 0.15957765951747016 0.0 0.0 
0.16242740795454236 0.1396882157996888 0.0 0.0 0.0 
0.15956417651672697 0.1479312485268725 0.15798998995096314 0.0 0.0 
0.14482116617453325 0.1610896284745256 0.15751153969214363 0.0 0.0 
0.0 0.13892532035836444 0.16136990865029818 0.0 0.0 
0.15565430907951297 0.0 0.1606274026076978 0.0 0.0 
0.1593901579977479 0.1418176970868088 0.0 0.0 0.0 
0.1360936970639601 0.14374101062145184 0.13679055299594667 0.0 0.0 
0.1583360157681466 0.15833326850877552 0.1403297118998638 0.0 0.0 
