file_name
position_num 5
robot_num 50
position_x
25.22368423222381 10.401348831467523 0.4201460536397228 9.535552719508651 7.5331838285938275 
position_y
-10.924337752227341 -14.183371927366494 -19.964984851467857 15.065713077669884 -7.216842561307807 
distance
0.0 27.48773183752482 17.58852173276307 19.969405169551997 17.829819859022752 10.432242096025734 
27.48773183752482 0.0 15.176393856487714 26.39978799440413 30.357869037547545 18.074825728662617 
17.58852173276307 15.176393856487714 0.0 11.534793318315387 29.261896325073106 7.5338504028064905 
19.969405169551997 26.39978799440413 11.534793318315387 0.0 36.19724348740748 14.598302580714348 
17.829819859022752 30.357869037547545 29.261896325073106 36.19724348740748 0.0 22.37234379718495 
10.432242096025734 18.074825728662617 7.5338504028064905 14.598302580714348 22.37234379718495 0.0 
lay
0 1 2 
3 4 
0 
1 2 
3 4 
0 1 
2 3 
4 
0 
1 2 3 4 
0 1 
2 3 
4 
edge
2 3 1 4 
0 1 0 2 1 3 2 3 2 4 
0 2 2 4 3 4 
0 2 0 1 0 3 0 4 
0 2 0 3 2 4 1 2 3 4 
demand 
0.10830258468072695 0.09401826732625218 0.09671524653973385 0.0 0.0 0.1075550789643419 0.0 0.0950047996022445 0.0 0.0 0.09727133131903949 0.0 0.10645584549313747 0.0 0.0 0.0 0.0 0.0 0.09952951826636688 0.10999311203681579 0.0 0.0 0.0 0.10945851895558219 0.09389174429286344 
0.0 0.0 0.0 0.09427126186780632 0.0 0.0 0.0 0.0 0.0 0.09476407063422825 0.0 0.10117728578084084 0.10228796485908992 0.0 0.0 0.0 0.0 0.0 0.1056994034235836 0.10480123615067859 0.09749742961328348 0.10119295914679585 0.0 0.0 0.0 
0.0 0.0 0.0 0.0 0.10378047857297745 0.0 0.0 0.0 0.10428033034677293 0.0 0.0 0.10707732012853133 0.09033514125885812 0.0 0.0 0.0 0.0 0.0 0.09701386280370504 0.0 0.0 0.0 0.0 0.09413043880061797 0.09327855924194123 
0.10661921554253531 0.09255274825337516 0.0 0.0 0.0 0.10018191828452208 0.1069930078342202 0.09094753805990587 0.0 0.0 0.0 0.0 0.0 0.09954999297119282 0.09762529989942824 0.09578660729602778 0.10213298562709916 0.10385189911978797 0.0 0.0 0.0 0.10530885937102825 0.09780758391942834 0.0 0.0 
0.10485598600546334 0.09624910035581812 0.09888982322576066 0.0 0.0 0.10583056431243712 0.10062218578283927 0.0 0.0 0.0 0.0 0.0 0.0 0.09972995973512064 0.100861384667646 0.09432548026502 0.0 0.09916476484947417 0.0 0.0 0.0 0.0 0.0 0.0 0.09905352043841126 
rate 
0.09680158802373166 0.10467720156540171 0.0971411081045826 0.0 0.0 0.09178451085438477 0.0 0.10424189837322287 0.0 0.0 0.09455411163636085 0.0 0.10392343831069276 0.0 0.0 0.0 0.0 0.0 0.09409121830012446 0.09615298174816779 0.0 0.0 0.0 0.09251317459054127 0.102395904234421 
0.0 0.0 0.0 0.10063320358024795 0.0 0.0 0.0 0.0 0.0 0.09521094521451248 0.0 0.09428895829654654 0.10909315801673439 0.0 0.0 0.0 0.0 0.0 0.10200238129642042 0.0912173698153455 0.10467272025853228 0.10636546988265867 0.0 0.0 0.0 
0.0 0.0 0.0 0.0 0.09254853213836184 0.0 0.0 0.0 0.09970983522363885 0.0 0.0 0.09124382721162719 0.09653149107680338 0.0 0.0 0.0 0.0 0.0 0.10930427737751476 0.0 0.0 0.0 0.0 0.09119868039016132 0.09734867867736396 
0.09598950741177381 0.1042675713899069 0.0 0.0 0.0 0.0961433729778986 0.10586719020769995 0.09567294151063378 0.0 0.0 0.0 0.0 0.0 0.09201733535758191 0.09304781017174844 0.10742791103509214 0.10726949192750523 0.10433879055675677 0.0 0.0 0.0 0.10255890201759205 0.1089815542232016 0.0 0.0 
0.0938549834097844 0.1035050198981054 0.1093870507739859 0.0 0.0 0.10132015273130893 0.10443897850507392 0.0 0.0 0.0 0.0 0.0 0.0 0.104631345235305 0.09645427881379144 0.10231537989095885 0.0 0.0927807304479691 0.0 0.0 0.0 0.0 0.0 0.0 0.09616808533596755 
ability 
0.0 0.0 0.0 0.1615801579933027 0.1473440764679836 
0.0 0.0 0.0 0.14066953569009027 0.15980415634508358 
0.0 0.0 0.0 0.1436469861281901 0.14785588614761033 
0.0 0.0 0.0 0.0 0.1397401531192811 
0.0 0.0 0.0 0.15700576679824368 0.0 
0.0 0.0 0.0 0.15220083074344026 0.15194871944538976 
0.0 0.0 0.0 0.16221165163288287 0.15371188817479547 
0.0 0.0 0.0 0.1535660958370683 0.1586680258330612 
0.0 0.0 0.0 0.0 0.1431839201443716 
0.0 0.0 0.0 0.1501411365044383 0.0 
0.0 0.14052425946084549 0.15040983289612297 0.0 0.0 
0.1479792642463018 0.0 0.14218692022892107 0.0 0.0 
0.14293484288043046 0.15892209249512795 0.0 0.0 0.0 
0.15054564680188284 0.14835417867282816 0.14088261737137694 0.0 0.0 
0.14415509783961622 0.1639951129385329 0.15962333515314456 0.0 0.0 
0.0 0.15365765251791746 0.14175583125015676 0.0 0.0 
0.1547120424028081 0.0 0.14211023809727683 0.0 0.0 
0.15137495813106888 0.14356648565607635 0.0 0.0 0.0 
0.15187231393188322 0.14527761867822178 0.14994995927603028 0.0 0.0 
0.16261779192898534 0.1529444825798607 0.14011364505386528 0.0 0.0 
0.0 0.14227048837645392 0.14999726722504278 0.0 0.0 
0.14054817240940914 0.0 0.14944189786053086 0.0 0.0 
0.16234904225947425 0.1582403195556097 0.0 0.0 0.0 
0.1527001692999822 0.14063610755772868 0.14077478594100523 0.0 0.0 
0.15382640341481665 0.14225481998793627 0.14754521117495883 0.0 0.0 
0.0 0.15127641238784822 0.14383242077038447 0.0 0.0 
0.15088139753905494 0.0 0.14933049845981994 0.0 0.0 
0.1597229476956105 0.16078767602387772 0.0 0.0 0.0 
0.1495726978408592 0.16110016629758342 0.1600506129744357 0.0 0.0 
0.15466271220218292 0.14326765673416372 0.15839602097134822 0.0 0.0 
0.0 0.1618766082709482 0.15042156334403964 0.0 0.0 
0.1635227349713763 0.0 0.1556751328524191 0.0 0.0 
0.14112506352305657 0.15156838129762687 0.0 0.0 0.0 
0.13789457927744198 0.13536518561506972 0.15500806818313992 0.0 0.0 
0.13821776492051865 0.13703345827191615 0.15875260418826884 0.0 0.0 
0.0 0.1640802327046991 0.15138599835147554 0.0 0.0 
0.14742493647625918 0.0 0.1540166941143354 0.0 0.0 
0.1382811471370582 0.1440471951390632 0.0 0.0 0.0 
0.16077599421112185 0.1572231282814594 0.16065855502996892 0.0 0.0 
0.1559074655422972 0.1389138448343634 0.13857771372826888 0.0 0.0 
0.0 0.1498793607675392 0.13924371959662205 0.0 0.0 
0.1350820061589968 0.0 0.1395144953175348 0.0 0.0 
0.144859183519058 0.14739511668879324 0.0 0.0 0.0 
0.13862316335328123 0.1606518362053306 0.15251251811022842 0.0 0.0 
0.14235458957395575 0.13988988209682715 0.1480711235100208 0.0 0.0 
0.0 0.15773944185502137 0.1376398062720105 0.0 0.0 
0.13537358713043973 0.0 0.14852757298465072 0.0 0.0 
0.143100093167899 0.14529057066988782 0.0 0.0 0.0 
0.15720779005097088 0.15796684147684287 0.14230832459602358 0.0 0.0 
0.14171481159814214 0.15499602957920736 0.15625849181864152 0.0 0.0 
