file_name
position_num 10
robot_num 100
position_x
22.351365991601597 -35.00776554661573 -88.84676201750379 -92.1722170925444 -28.086225251009566 -71.99536676679925 -10.420612211689388 -91.13958551065386 -51.21832249787703 -84.87328018687643 
position_y
-56.421337167368904 60.613161563298064 93.61862877193255 65.64779401128823 -10.152069518853551 -92.69868442827772 68.22233781529994 22.089107013570654 -32.70265290905084 -82.9544277991249 
distance
0.0 60.687320335012714 69.99642136041878 129.06662920419 113.16072844544465 29.86470432410277 117.37282023798933 69.01359674623048 93.77821013279558 60.76824883758284 118.67986678944435 
60.687320335012714 0.0 130.3347377484491 186.7538889870734 167.3813725273619 68.44556770957982 101.0809176178851 128.8799762125295 138.00031129811168 77.29860960835396 110.45872372326588 
69.99642136041878 130.3347377484491 0.0 63.15060099993145 57.38573032063966 71.10292293692305 157.71050936880513 25.737670297624234 68.07998231070248 94.71337491245852 151.9809931066229 
129.06662920419 186.7538889870734 63.15060099993145 0.0 28.167822930844018 120.25057443484357 187.07781995747308 82.43562681097282 71.566259665786 131.8065463708406 176.61775919964614 
113.16072844544465 167.3813725273619 57.38573032063966 28.167822930844018 0.0 99.26043351457511 159.62679137062 81.79213395183066 43.57092540845383 106.53652843931773 148.78136579203778 
29.86470432410277 68.44556770957982 71.10292293692305 120.25057443484357 99.26043351457511 0.0 93.49842962134933 80.34065974981044 70.81821590683735 32.30515027479017 92.3306719322358 
117.37282023798933 101.0809176178851 157.71050936880513 187.07781995747308 159.62679137062 93.49842962134933 0.0 172.29923330775455 116.37327088042956 63.49180550755206 16.149030661615342 
69.01359674623048 128.8799762125295 25.737670297624234 82.43562681097282 81.79213395183066 80.34065974981044 172.29923330775455 0.0 92.97218742529705 108.85911499413355 168.51591684544871 
93.77821013279558 138.00031129811168 68.07998231070248 71.566259665786 43.57092540845383 70.81821590683735 116.37327088042956 92.97218742529705 0.0 67.7926559145863 105.23027505597798 
60.76824883758284 77.29860960835396 94.71337491245852 131.8065463708406 106.53652843931773 32.30515027479017 63.49180550755206 108.85911499413355 67.7926559145863 0.0 60.48055106107266 
118.67986678944435 110.45872372326588 151.9809931066229 176.61775919964614 148.78136579203778 92.3306719322358 16.149030661615342 168.51591684544871 105.23027505597798 60.48055106107266 0.0 
lay
0 1 2 3 4 
0 1 
2 
3 
4 
0 1 2 3 4 
0 1 2 
3 
4 
0 1 
2 3 4 
0 
1 
2 3 4 
0 1 
2 3 4 
0 
1 2 3 4 
0 1 2 3 
4 
0 1 2 3 
4 
edge

1 2 2 3 3 4 

0 3 3 4 2 3 
1 3 1 2 1 4 
0 1 1 4 1 2 1 3 
0 4 0 2 0 3 
0 2 0 1 0 3 0 4 
0 4 
0 4 
demand 
0.10861470688168817 0.09783000981777923 0.09093733224544494 0.0 0.0 0.10137900932257256 0.1095812233909554 0.09364145477750652 0.0 0.0 0.10706248000457091 0.09965400249690944 0.09052673256915784 0.0 0.0 0.09038621292620255 0.10883281639489402 0.10792643957946056 0.0 0.0 0.0 0.0 0.0 0.1063629566871887 0.09062251028282159 
0.09966050005683634 0.10685184285275687 0.091689331467318 0.0 0.0 0.0 0.0 0.0 0.10692811644783662 0.09612155726555668 0.09369943672975443 0.0994035301755281 0.0919147095945605 0.0 0.0 0.1060957412721892 0.09332640047785262 0.1057467328589667 0.0 0.0 0.0 0.0 0.0 0.09364818994275594 0.10827633529917687 
0.10385779713126986 0.09479353773387827 0.10109043974939257 0.0 0.0 0.10088734953290875 0.10940338319821874 0.09385237385430982 0.0 0.0 0.0 0.0 0.0 0.09204994880091072 0.09296991624391521 0.097238822826808 0.09326367802420771 0.1039941524394955 0.0 0.0 0.09443396765330561 0.09378517238426043 0.09231930366639246 0.0 0.0 
0.0 0.0 0.0 0.09611189411715379 0.10367009207396072 0.10012958990894803 0.09531241748952417 0.09121632397348203 0.0 0.0 0.0 0.0 0.0 0.09669471898659654 0.10777198138090603 0.0 0.0 0.0 0.09446515227186474 0.10665052088898515 0.09480544264524635 0.09467018566470939 0.1061348981222362 0.0 0.0 
0.0 0.0 0.0 0.10846152014588697 0.0990734511138911 0.0 0.0 0.0 0.09150942012381522 0.10507395798861614 0.10019864013152793 0.10854300933250866 0.09729710850306297 0.0 0.0 0.10357385698556026 0.09465652099488911 0.09316221245545278 0.0 0.0 0.0 0.0 0.0 0.09185942972184173 0.10111457504042456 
0.0 0.0 0.0 0.10013367967939413 0.09133593664286156 0.0911849292149361 0.1076521018681536 0.10473619840532428 0.0 0.0 0.10955238894614537 0.09386037340799638 0.09464663372960726 0.0 0.0 0.0 0.0 0.0 0.09041816594142907 0.09190492637018849 0.10451411446444088 0.10744812732458603 0.1088411284487533 0.0 0.0 
0.10391833113038834 0.09811558624143457 0.1089197005056964 0.0 0.0 0.0 0.0 0.0 0.09067632485514733 0.10835923391444524 0.0 0.0 0.0 0.1016407895033774 0.09494730420703089 0.0 0.0 0.0 0.09234769878820619 0.09008567841863266 0.0 0.0 0.0 0.10803096663397914 0.0967118919553822 
0.0 0.0 0.0 0.0949683499798445 0.10947938361296256 0.10620548271254178 0.10937017425796657 0.09996573154522789 0.0 0.0 0.10088813154034237 0.10522852207545977 0.09393923009344042 0.0 0.0 0.0 0.0 0.0 0.10745575553910985 0.10850781226918489 0.0 0.0 0.0 0.09551482647518805 0.09314384314665825 
0.09309625626837319 0.09942584553924462 0.10242505625042074 0.0 0.0 0.0 0.0 0.0 0.09753067182460638 0.09646523126148036 0.10352748902423431 0.09081250275326193 0.0924338248375234 0.0 0.0 0.0 0.0 0.0 0.10275642646356885 0.09792014309707436 0.0 0.0 0.0 0.09627629111644113 0.10976434398445878 
0.09620388662554097 0.10201971717699423 0.09009549381449031 0.0 0.0 0.0 0.0 0.0 0.10276812866946981 0.10506845295796802 0.0 0.0 0.0 0.10773884998713641 0.09151346623018386 0.10446521537331033 0.09775793459578297 0.10170135637410078 0.0 0.0 0.0 0.0 0.0 0.10741611625840378 0.09655233104424406 
rate 
0.1045800996636531 0.09445428857892808 0.09208955569588315 0.0 0.0 0.10856649362670974 0.10190850666045022 0.09481161849153874 0.0 0.0 0.10884438381085904 0.09121691918676234 0.10681771330987894 0.0 0.0 0.1099985060387671 0.09440734318871014 0.09118183687719805 0.0 0.0 0.0 0.0 0.0 0.10708399571612054 0.09520891178346597 
0.09523830550257595 0.09158331619464281 0.09708761709399955 0.0 0.0 0.0 0.0 0.0 0.0946306331732343 0.10715203875771484 0.1077684197438471 0.10923446849909468 0.09238029674438791 0.0 0.0 0.10460943432619318 0.10614150252090365 0.09431127095154092 0.0 0.0 0.0 0.0 0.0 0.09245135683546318 0.0982287088179091 
0.1071643292033631 0.09465371748055938 0.0997664817903326 0.0 0.0 0.09985339422303931 0.10434864871814059 0.10869419636458999 0.0 0.0 0.0 0.0 0.0 0.09935570917427124 0.10161639111780059 0.10168212923665246 0.09665671694926564 0.09073409643887378 0.0 0.0 0.09482830634648517 0.10451870669538826 0.10672115758248107 0.0 0.0 
0.0 0.0 0.0 0.10501317384312886 0.1073474623632542 0.09827709727191855 0.0976295937721282 0.09078010235489753 0.0 0.0 0.0 0.0 0.0 0.09777882087624354 0.09203558644758886 0.0 0.0 0.0 0.09848520340191849 0.10879635046424121 0.09622707035605423 0.09421751752381669 0.0967693194386583 0.0 0.0 
0.0 0.0 0.0 0.09664979320391635 0.0996592147968236 0.0 0.0 0.0 0.10000289330625854 0.10362213913897428 0.10374911780074031 0.10858604068960492 0.10160769160020133 0.0 0.0 0.09980571140210423 0.0966750221905071 0.09455427307183405 0.0 0.0 0.0 0.0 0.0 0.10335234612484197 0.10396488822069383 
0.0 0.0 0.0 0.10977653442414972 0.09457734086180009 0.10415582689853115 0.10173906636083895 0.09669438267943642 0.0 0.0 0.09091762460025653 0.10631687959218974 0.09562885286268441 0.0 0.0 0.0 0.0 0.0 0.09494452759417753 0.09789273712089144 0.09312577031133683 0.10732132266917936 0.0973819001354142 0.0 0.0 
0.10636888284163903 0.10659749062420021 0.10490808180998878 0.0 0.0 0.0 0.0 0.0 0.10789851220970309 0.10404083648492009 0.0 0.0 0.0 0.09557343239366549 0.09890254290749388 0.0 0.0 0.0 0.09421229391924013 0.09384810605674651 0.0 0.0 0.0 0.09793491086146262 0.10260605631324018 
0.0 0.0 0.0 0.10157764631679805 0.09368683047788233 0.09916208680223017 0.10862545791002017 0.09818743525077181 0.0 0.0 0.09704996388061043 0.09005656628765357 0.10451982563917271 0.0 0.0 0.0 0.0 0.0 0.09959896396515966 0.10933241036790114 0.0 0.0 0.0 0.0905548333441165 0.10210363623444724 
0.10442846266232773 0.10687513678175926 0.09870909333947998 0.0 0.0 0.0 0.0 0.0 0.10498455906910996 0.09964912381526708 0.09454803874264012 0.09446999639500689 0.10465488372981113 0.0 0.0 0.0 0.0 0.0 0.10217724176521324 0.09965148405969326 0.0 0.0 0.0 0.10006176535714087 0.1056055619239124 
0.09562169068542586 0.09417727165836459 0.10848470844520307 0.0 0.0 0.0 0.0 0.0 0.10167104878190532 0.10732000348320377 0.0 0.0 0.0 0.1060063021756038 0.10397486880753709 0.09071903633341837 0.1060182481920452 0.10764773341203414 0.0 0.0 0.0 0.0 0.0 0.10913404213478926 0.10635442981219563 
ability 
0.0 0.0 0.0 0.15636194819908694 0.1409202449379657 
0.0 0.0 0.0 0.13743005501803424 0.16481100447418093 
0.0 0.0 0.0 0.14095092689602565 0.15335199135814628 
0.0 0.0 0.0 0.0 0.15685573040888912 
0.0 0.0 0.0 0.1644089368622215 0.0 
0.0 0.0 0.0 0.16217485365253295 0.1476503517092087 
0.0 0.0 0.0 0.1515244337931965 0.14196443053290125 
0.0 0.0 0.0 0.13624505834539444 0.1357527109237811 
0.0 0.0 0.0 0.0 0.16004396758197625 
0.0 0.0 0.0 0.1607596518089718 0.0 
0.0 0.0 0.0 0.15480274528747176 0.14824196626110284 
0.0 0.0 0.0 0.14687256563496573 0.14447589983251316 
0.0 0.0 0.0 0.1596883919787292 0.13766184452848648 
0.0 0.0 0.0 0.0 0.13676958530733033 
0.0 0.0 0.0 0.15412836722203424 0.0 
0.0 0.0 0.0 0.14524267903249874 0.15289283542253698 
0.0 0.0 0.0 0.13804634430895352 0.14015226392425206 
0.0 0.0 0.0 0.1491845931551213 0.13881046463319033 
0.0 0.0 0.0 0.0 0.14235824919605802 
0.0 0.0 0.0 0.1616103378713135 0.0 
0.0 0.15787358785070918 0.14929473294996293 0.0 0.0 
0.16046780176593747 0.0 0.1355182369373063 0.0 0.0 
0.1519650788754041 0.14963276838146075 0.0 0.0 0.0 
0.15097371764145406 0.15460131671271773 0.14265543092282013 0.0 0.0 
0.16363799416230826 0.16222323019970347 0.16273107750331675 0.0 0.0 
0.0 0.14935233753255894 0.16034466138339024 0.0 0.0 
0.15852130605029865 0.0 0.15020999537781177 0.0 0.0 
0.15264530029749157 0.15018090970660794 0.0 0.0 0.0 
0.1448725644334755 0.1420590281210885 0.1484885762479607 0.0 0.0 
0.16091437645067308 0.15002667673663608 0.14221097581138464 0.0 0.0 
0.0 0.14563252427292606 0.1619711658655845 0.0 0.0 
0.16401217901106457 0.0 0.15564819150708342 0.0 0.0 
0.16425021340795873 0.14447906465297283 0.0 0.0 0.0 
0.14553840806249851 0.13664580106959714 0.16225282894078857 0.0 0.0 
0.15195268635713013 0.15820706887592523 0.1488765274788833 0.0 0.0 
0.0 0.14062394074230972 0.14108848544146893 0.0 0.0 
0.1575721569996625 0.0 0.13708796938682538 0.0 0.0 
0.14411900900446192 0.13639323571619802 0.0 0.0 0.0 
0.14611039074815327 0.16131284357364406 0.14827921135723857 0.0 0.0 
0.1378614381243703 0.13861267560091078 0.16478598193356078 0.0 0.0 
0.0 0.14763826224856205 0.1499570674041226 0.0 0.0 
0.1361148688925886 0.0 0.1468714744048197 0.0 0.0 
0.1424737464235349 0.13913758498038237 0.0 0.0 0.0 
0.14659611205320938 0.14077491060783148 0.15776229043281964 0.0 0.0 
0.13502652069295049 0.14038584919566605 0.16451270577470897 0.0 0.0 
0.0 0.1610778987691817 0.14416169192927925 0.0 0.0 
0.152818315268294 0.0 0.14804736664123236 0.0 0.0 
0.15940092536183528 0.1387048453847878 0.0 0.0 0.0 
0.14826592784637485 0.1614702662395614 0.15432234715464727 0.0 0.0 
0.14068743247285645 0.15379307377982496 0.14964435385562472 0.0 0.0 
0.0 0.14949433903871528 0.16270949763561168 0.0 0.0 
0.15859225571257524 0.0 0.14402338043356105 0.0 0.0 
0.15731953367637697 0.14556844149676396 0.0 0.0 0.0 
0.15055713651159666 0.13541432705874926 0.14022982343772328 0.0 0.0 
0.16310947078569651 0.16156617084404815 0.14595873877663842 0.0 0.0 
0.0 0.1565147217161787 0.14468997467336908 0.0 0.0 
0.16047881508468537 0.0 0.1363583209124906 0.0 0.0 
0.14367202883174895 0.15537468185811057 0.0 0.0 0.0 
0.13990301839322336 0.1403214511608772 0.16301461384399185 0.0 0.0 
0.15465197105633843 0.1573781613570723 0.15153485050586768 0.0 0.0 
0.0 0.1392003063257797 0.14883531059187718 0.0 0.0 
0.13620465820992808 0.0 0.1544382891646625 0.0 0.0 
0.14613833118832378 0.16317468903427304 0.0 0.0 0.0 
0.1504607782635914 0.15103624012856645 0.16472017734510314 0.0 0.0 
0.139461436998391 0.14013427235065712 0.14949370485623886 0.0 0.0 
0.0 0.14229164658249593 0.1409283056315081 0.0 0.0 
0.14346116176595972 0.0 0.15836996653857952 0.0 0.0 
0.1438196819892398 0.14733138573272758 0.0 0.0 0.0 
0.14473199254432015 0.16301144233191286 0.16104701148674644 0.0 0.0 
0.15453756233865237 0.15928146915651806 0.14437045332156173 0.0 0.0 
0.0 0.13737082098509362 0.14112954213578033 0.0 0.0 
0.1557562033343605 0.0 0.16470905498549543 0.0 0.0 
0.16120496983827964 0.15886968532585602 0.0 0.0 0.0 
0.15111094967204633 0.15411245797698303 0.15130695535322508 0.0 0.0 
0.14464235829105276 0.15731233998972044 0.14502840413254553 0.0 0.0 
0.0 0.1356144605240441 0.1609692222897396 0.0 0.0 
0.13768533700145935 0.0 0.15208562322247476 0.0 0.0 
0.1544152244182303 0.1472769626743401 0.0 0.0 0.0 
0.14039787723001387 0.15309666203561956 0.14723503986136113 0.0 0.0 
0.14127744490833072 0.13820733433958526 0.1424664004470442 0.0 0.0 
0.0 0.1448725148152587 0.1508923792452724 0.0 0.0 
0.158046921052258 0.0 0.14876516241257942 0.0 0.0 
0.14678231837455127 0.1420330848826151 0.0 0.0 0.0 
0.13831275410006755 0.1437564600891027 0.13962067915587117 0.0 0.0 
0.16136078216494823 0.13583740252766008 0.16463291627900706 0.0 0.0 
0.0 0.14763697535758646 0.16314057151839628 0.0 0.0 
0.14035144376778225 0.0 0.16282162133347614 0.0 0.0 
0.1545291451478308 0.13888895605247667 0.0 0.0 0.0 
0.15876541199189245 0.14503230477931037 0.155958898418094 0.0 0.0 
0.13660509325684173 0.14022856201082634 0.1452000388129628 0.0 0.0 
0.0 0.16473035817384535 0.14982284497385265 0.0 0.0 
0.16397296075552523 0.0 0.15687007590096957 0.0 0.0 
0.14137546681618723 0.1593899953975745 0.0 0.0 0.0 
0.1459106432948324 0.16043967952809812 0.16401445669398787 0.0 0.0 
0.13725385161099002 0.15749176242085067 0.155956893694398 0.0 0.0 
0.0 0.14278733654354916 0.1598190245087649 0.0 0.0 
0.14641060067412548 0.0 0.1507992214771863 0.0 0.0 
0.15243109761077867 0.1600167646329875 0.0 0.0 0.0 
0.15692552550943634 0.16412994230133346 0.1389867749853858 0.0 0.0 
0.14388384117886735 0.15093294702177104 0.13898178561738667 0.0 0.0 
