file_name
position_num 10
robot_num 25
position_x
-11.826610141395662 -29.316326786514082 -28.955113955279458 72.5552234440454 -38.60395678290378 76.74411651245268 79.20022154869056 -68.87012710594465 56.365300965391754 -36.4407380462348 
position_y
40.235361351943084 23.472645689921052 -18.83245954816563 1.8095021328040417 97.30140884134039 72.24121620741792 62.80651260045323 11.043628862630683 -72.17744746287707 -11.557916388802013 
distance
0.0 41.93748932110741 37.55545382415519 34.54070289957218 72.57778411458962 104.67965247270348 105.39664481568572 101.08082468199673 69.74995445191703 91.57855139264636 38.229737386030294 
41.93748932110741 0.0 24.22558203000149 61.50116347508843 92.71914848600672 63.036180636374496 94.17615603230173 93.78347912195626 64.07901429807082 131.47918590420807 57.344563052182565 
37.55545382415519 24.22558203000149 0.0 42.30664727811739 104.14943367658637 74.41066011948968 116.73556057643022 115.4252760391859 41.460626852502514 128.41449160571838 35.747692447889634 
34.54070289957218 61.50116347508843 42.30664727811739 0.0 103.58783317051954 116.53401029323287 139.52326593476775 135.50829631966926 49.85768680502028 100.62435558976864 10.438081538699292 
72.57778411458962 92.71914848600672 104.14943367658637 103.58783317051954 0.0 146.54373953041863 70.55617033702094 61.357895056799684 141.72649319957813 75.73758842436608 109.81260173187054 
104.67965247270348 63.036180636374496 74.41066011948968 116.53401029323287 146.54373953041863 0.0 118.03893962502471 122.75065091090822 91.41359676152565 194.27362829639998 108.88081651450173 
105.39664481568572 94.17615603230173 116.73556057643022 139.52326593476775 70.55617033702094 118.03893962502471 0.0 9.749158122643495 157.95142494254628 145.8493967742579 140.83006044644762 
101.08082468199673 93.78347912195626 115.4252760391859 135.50829631966926 61.357895056799684 122.75065091090822 9.749158122643495 0.0 156.85733735965482 136.90180083703908 137.48781704184972 
69.74995445191703 64.07901429807082 41.460626852502514 49.85768680502028 141.72649319957813 91.41359676152565 157.95142494254628 156.85733735965482 0.0 150.3650889967045 39.528409056507556 
91.57855139264636 131.47918590420807 128.41449160571838 100.62435558976864 75.73758842436608 194.27362829639998 145.8493967742579 136.90180083703908 150.3650889967045 0.0 110.84984629970535 
38.229737386030294 57.344563052182565 35.747692447889634 10.438081538699292 109.81260173187054 108.88081651450173 140.83006044644762 137.48781704184972 39.528409056507556 110.84984629970535 0.0 
lay
0 1 2 3 4 
0 
1 2 3 4 
0 1 2 3 4 
0 1 2 3 4 
0 1 2 3 4 
0 1 2 3 
4 
0 1 2 3 4 
0 1 
2 
3 
4 
0 1 2 3 
4 
0 1 
2 3 
4 
edge

0 2 0 1 0 3 0 4 



3 4 0 4 

1 2 2 3 3 4 
3 4 0 4 
1 2 2 4 0 3 3 4 
demand 
0.09960727606489135 0.09619090513616418 0.10770445387849062 0.0 0.0 0.10579553279105879 0.1030096209837022 0.10433734924517693 0.0 0.0 0.0 0.0 0.0 0.10857036797727404 0.1078312413674864 0.0 0.0 0.0 0.10600016037131499 0.09414140560745915 0.0 0.0 0.0 0.09098600655754575 0.09636129794653335 
0.0 0.0 0.0 0.0965212365715685 0.09319090865032842 0.10497283475900959 0.10413715720311656 0.10308961696717459 0.0 0.0 0.10210729451733878 0.0926936445199192 0.10802890405247588 0.0 0.0 0.0 0.0 0.0 0.10416006334774426 0.09046178063711553 0.0 0.0 0.0 0.09613654821129787 0.10809542207322065 
0.0 0.0 0.0 0.10875919326530366 0.10147429394246128 0.0 0.0 0.0 0.10749656560432633 0.09230502444131042 0.0 0.0 0.0 0.10634288748164866 0.09853121245874473 0.09848846889735295 0.10730695349364217 0.10224677891480148 0.0 0.0 0.09689572964136335 0.106312738661341 0.10940594753104918 0.0 0.0 
0.10778643287255768 0.10847285016095709 0.1020397288781073 0.0 0.0 0.09733132717593167 0.1069138960243697 0.093498643984959 0.0 0.0 0.0 0.0 0.0 0.1028020840737145 0.10918500440296947 0.10790454942572987 0.10711102842010528 0.09408603673986245 0.0 0.0 0.0 0.0 0.0 0.09693498289489128 0.1069312804819697 
0.10997939442306402 0.09691639706636063 0.10093719647230481 0.0 0.0 0.0976890778955668 0.09414455319175552 0.10439658415536486 0.0 0.0 0.09562288363825716 0.09454201048850693 0.09927940165366406 0.0 0.0 0.09612255622194085 0.10933148272283122 0.0949248674577536 0.0 0.0 0.0 0.0 0.0 0.09113846752862573 0.0990655326498876 
0.0 0.0 0.0 0.10120271183659646 0.0937405691918492 0.0 0.0 0.0 0.09014789715568387 0.10808968233278944 0.09666688128582444 0.092020307646585 0.10617716331453123 0.0 0.0 0.09750445644531681 0.10717505605651184 0.09206532145749459 0.0 0.0 0.0 0.0 0.0 0.10360186185830872 0.10495179614668018 
0.0 0.0 0.0 0.09863440831068622 0.10585922653806801 0.1079763686543215 0.09492318805923494 0.09317121205816874 0.0 0.0 0.10019786981161627 0.1080984583076372 0.10809316700570655 0.0 0.0 0.10660961210621643 0.0934166672393064 0.10925758167221543 0.0 0.0 0.10683510726477877 0.1052043306517849 0.10784430113982324 0.0 0.0 
0.09271135861212522 0.09425403279862632 0.09222530035898524 0.0 0.0 0.0 0.0 0.0 0.09282929650302489 0.09279934700679754 0.0 0.0 0.0 0.10567251559577953 0.10207477130213138 0.0 0.0 0.0 0.09919482324744175 0.09266751954597618 0.0 0.0 0.0 0.09487556190086306 0.10327235545087242 
0.09712609366443797 0.09047645716549506 0.09602367616731283 0.0 0.0 0.0 0.0 0.0 0.10983448505718985 0.09762085501425287 0.09005730803343306 0.09152439814217592 0.09513854617314724 0.0 0.0 0.10896278151523847 0.09900437541503207 0.09484811406636716 0.0 0.0 0.09366642723818111 0.10096527603192898 0.09764556933052565 0.0 0.0 
0.0 0.0 0.0 0.10210288445659606 0.10232525939838272 0.0 0.0 0.0 0.09457469180741332 0.10666964639897934 0.0 0.0 0.0 0.09569699767486718 0.10020631089925328 0.10806328666019419 0.09737040039248647 0.09872813468509159 0.0 0.0 0.0 0.0 0.0 0.09898506598443492 0.09220510524282449 
rate 
0.10520345771517246 0.10338627721879559 0.09837783571265962 0.0 0.0 0.10298192600636269 0.09668394924965086 0.09780308549283345 0.0 0.0 0.0 0.0 0.0 0.09371369100861139 0.09569318103803143 0.0 0.0 0.0 0.1087398516870183 0.09735165557224375 0.0 0.0 0.0 0.09923300719152191 0.10888387869368493 
0.0 0.0 0.0 0.10347401561019678 0.09578414394667074 0.09369927676920244 0.09624359106754801 0.09969688655997895 0.0 0.0 0.10485061253498405 0.10420678668108128 0.10855637857598628 0.0 0.0 0.0 0.0 0.0 0.10008326813833895 0.09055612822106919 0.0 0.0 0.0 0.09186536851930599 0.09173866787823097 
0.0 0.0 0.0 0.10749854300999669 0.0980676562695258 0.0 0.0 0.0 0.1099114884724002 0.09483813111843717 0.0 0.0 0.0 0.0941510113035299 0.10926840250462122 0.10691961229279989 0.09603150593439179 0.0926151155924477 0.0 0.0 0.10362126855490801 0.09637520970574635 0.09938598544996169 0.0 0.0 
0.10506112101722678 0.09317769033208982 0.10925005323199355 0.0 0.0 0.10102738303121322 0.0962183818515716 0.1076459908777901 0.0 0.0 0.0 0.0 0.0 0.10505455310732284 0.10143275999684989 0.09316101771397199 0.10987949592338722 0.10384893800195281 0.0 0.0 0.0 0.0 0.0 0.09168351501480942 0.09457330139064711 
0.10120436549580061 0.10732374703406228 0.0939357414943086 0.0 0.0 0.10039053928997324 0.1075908391716458 0.10227476519911205 0.0 0.0 0.10958570347640298 0.09046965070672708 0.10445351709528804 0.0 0.0 0.09448562593916647 0.10247705513412785 0.0939414319868719 0.0 0.0 0.0 0.0 0.0 0.10781868107280775 0.09308326074475343 
0.0 0.0 0.0 0.09152773612926432 0.10755297007201217 0.0 0.0 0.0 0.10207271844691267 0.10591636530279752 0.09258141028809826 0.0960198747616588 0.10370245949087625 0.0 0.0 0.10776727408038285 0.09827172803708017 0.10939283113878695 0.0 0.0 0.0 0.0 0.0 0.09053465315510137 0.10533802565910994 
0.0 0.0 0.0 0.0926925353220214 0.09636372852155124 0.0955935226499118 0.09875911760758252 0.09470458046494058 0.0 0.0 0.09090739158370129 0.09064178521142734 0.0924763433274971 0.0 0.0 0.09801031094035534 0.09017469068388649 0.09162228508728029 0.0 0.0 0.10533692081153152 0.10927788685420581 0.10985392213640642 0.0 0.0 
0.09107357829350475 0.10809182463708417 0.10215715209527342 0.0 0.0 0.0 0.0 0.0 0.10942508351472016 0.10306190543043535 0.0 0.0 0.0 0.09411016777578925 0.1039283761145315 0.0 0.0 0.0 0.10668383173760265 0.0939195944717194 0.0 0.0 0.0 0.107855046311986 0.09947381693474917 
0.10131083938642321 0.10271305386167738 0.09205661416487987 0.0 0.0 0.0 0.0 0.0 0.10911313755330238 0.09144570200609743 0.09700692100618336 0.10345297260249105 0.09729660959752484 0.0 0.0 0.10137822776548588 0.10180609059185351 0.10691316789861958 0.0 0.0 0.1013976596090792 0.10190196598572346 0.09830301397878438 0.0 0.0 
0.0 0.0 0.0 0.10920560514265945 0.1027366135416749 0.0 0.0 0.0 0.10757058273317509 0.10977387179337741 0.0 0.0 0.0 0.09955897067320273 0.0981168282318172 0.09177239609069296 0.107705584406084 0.09782436700871801 0.0 0.0 0.0 0.0 0.0 0.10087280740271516 0.10049271704981833 
ability 
0.0 0.0 0.0 0.16202519409787808 0.14904976233043588 
0.0 0.0 0.0 0.13823365018859973 0.16475458242996 
0.0 0.0 0.0 0.1429197196445462 0.1373398031486283 
0.0 0.0 0.0 0.0 0.1614183851969208 
0.0 0.0 0.0 0.15614386966911473 0.0 
0.0 0.16260121184146933 0.14529348479304663 0.0 0.0 
0.15496071727281102 0.0 0.13890813199597926 0.0 0.0 
0.1644437421583023 0.14702933479352942 0.0 0.0 0.0 
0.15869943044416968 0.14234088669616146 0.14325723282031325 0.0 0.0 
0.15180936260141364 0.162345846412176 0.15616719132765544 0.0 0.0 
0.0 0.15226302242017795 0.16258043355142446 0.0 0.0 
0.1391456069146921 0.0 0.13749175160496602 0.0 0.0 
0.15697546022129993 0.15819533890200718 0.0 0.0 0.0 
0.14544419950533702 0.151053012582962 0.13691718091940264 0.0 0.0 
0.14916214873172773 0.1549543296207226 0.14044510258218834 0.0 0.0 
0.0 0.139126121590519 0.16311372276512207 0.0 0.0 
0.14472196717278268 0.0 0.13848618511093763 0.0 0.0 
0.1390468089536361 0.1508873560865167 0.0 0.0 0.0 
0.15992402600119673 0.1621630575064714 0.16067619136973615 0.0 0.0 
0.14354027903413397 0.14397854354465603 0.15225964364282218 0.0 0.0 
0.0 0.14102653314698824 0.1361436867084592 0.0 0.0 
0.14748571362669255 0.0 0.13507403153323583 0.0 0.0 
0.1606849679333162 0.13510027200581262 0.0 0.0 0.0 
0.14605493553446536 0.1408070435658627 0.15120882705863445 0.0 0.0 
0.1469046332047366 0.13659760998254872 0.16217390922060157 0.0 0.0 
