file_name
position_num 10
robot_num 50
position_x
46.28446898000581 -45.122974627450674 -20.512106662627346 -73.14630735005636 23.193987531117855 -98.88173903253016 24.423620126708684 -37.866847031978004 -13.707069588875726 70.76824779082159 
position_y
-11.75856980255432 -2.8368088109577343 -51.977092739330864 77.24318675447361 56.18121609164689 -44.97918225261201 67.00625705711116 -60.30407170566807 52.08122498363713 53.081867962351765 
distance
0.0 47.75474879593298 45.212059491461844 55.87812353123539 106.38088258204759 60.780672085211215 108.63114263511677 71.31866308966698 71.20729715714238 53.85478393337504 88.46371912685828 
47.75474879593298 0.0 91.84181273277173 77.96994359878705 148.94637627360325 71.75642717479279 148.91889416825452 81.742245276355 97.14993433643681 87.60424703291866 69.30900226090122 
45.212059491461844 91.84181273277173 0.0 54.95873294157257 84.84169297368697 90.27920348551899 68.30801116748086 98.56359719364282 57.923550411654944 63.26886695095007 128.67662509437878 
55.87812353123539 77.96994359878705 54.95873294157257 0.0 139.52863403065874 116.65522893916794 78.68144653585017 127.18591537929161 19.249041326606157 104.2805927146048 139.1743091697062 
106.38088258204759 148.94637627360325 84.84169297368697 139.52863403065874 0.0 98.61571388979232 124.90244164782162 98.10548138330464 141.99960785240177 64.54569935934693 145.92864183281958 
60.780672085211215 71.75642717479279 90.27920348551899 116.65522893916794 98.61571388979232 0.0 158.54308313266682 10.894655030064927 131.5190016338516 37.12812873898694 47.67511088696692 
108.63114263511677 148.91889416825452 68.30801116748086 78.68144653585017 124.90244164782162 158.54308313266682 0.0 166.56815486394925 62.910009399041044 129.13344635570726 195.95174813822172 
71.31866308966698 81.742245276355 98.56359719364282 127.18591537929161 98.10548138330464 10.894655030064927 166.56815486394925 0.0 141.73221972626533 40.947601646255215 48.39125050034886 
71.20729715714238 97.14993433643681 57.923550411654944 19.249041326606157 141.99960785240177 131.5190016338516 62.910009399041044 141.73221972626533 0.0 114.95281535501158 157.02851696923872 
53.85478393337504 87.60424703291866 63.26886695095007 104.2805927146048 64.54569935934693 37.12812873898694 129.13344635570726 40.947601646255215 114.95281535501158 0.0 84.48124367438871 
88.46371912685828 69.30900226090122 128.67662509437878 139.1743091697062 145.92864183281958 47.67511088696692 195.95174813822172 48.39125050034886 157.02851696923872 84.48124367438871 0.0 
lay
0 1 
2 
3 4 
0 1 
2 3 
4 
0 1 2 3 
4 
0 1 2 3 
4 
0 1 2 3 4 
0 1 2 3 4 
0 1 2 3 4 
0 1 2 
3 4 
0 1 2 3 
4 
0 1 2 
3 
4 
edge
0 2 2 4 2 3 
1 2 2 4 0 2 0 3 3 4 
0 4 3 4 
1 4 0 4 



2 3 0 3 1 4 
3 4 
2 3 3 4 
demand 
0.0 0.0 0.0 0.09301619260086236 0.10604362276848685 0.0 0.0 0.0 0.10863336684936586 0.10532906952637411 0.0 0.0 0.0 0.10883002139893763 0.10263919574493192 0.0 0.0 0.0 0.09047834739830182 0.09161047649520065 0.0947010551316173 0.09675574512751754 0.10198703370458423 0.0 0.0 
0.10762234137996468 0.09098638103434158 0.10885055147998471 0.0 0.0 0.09905944126697774 0.10556812737537298 0.0916455532888323 0.0 0.0 0.09064364182564418 0.09865094225657967 0.09876071211885457 0.0 0.0 0.0 0.0 0.0 0.09012923940134528 0.0987786540880081 0.10669748379643798 0.10948708441024035 0.10645830357563368 0.0 0.0 
0.0985094157402514 0.09279385443568965 0.10988311774451781 0.0 0.0 0.0 0.0 0.0 0.10477957475764176 0.1059756419786962 0.10312738973008058 0.10662489402178349 0.09832276229714543 0.0 0.0 0.0 0.0 0.0 0.09458123148898702 0.10322261919286005 0.09099007474377235 0.1096655358534196 0.10556511471476152 0.0 0.0 
0.0 0.0 0.0 0.09423160766748241 0.10442225882660679 0.0 0.0 0.0 0.09014742576972534 0.09463278526403374 0.10420996507330854 0.09169954276218412 0.10161750430063482 0.0 0.0 0.1006477886845739 0.10189661971486826 0.10247379692978648 0.0 0.0 0.10349869584815659 0.1085491329095501 0.10494116578527356 0.0 0.0 
0.0 0.0 0.0 0.1056897936163981 0.10344788038065161 0.0 0.0 0.0 0.09657948446568414 0.10874160211986053 0.0 0.0 0.0 0.10891883113602921 0.10991648327029635 0.0 0.0 0.0 0.09974167091089312 0.09614947953764255 0.10687756617398908 0.10572843244280267 0.09615889879419517 0.0 0.0 
0.0 0.0 0.0 0.10668056337369539 0.1024309424155871 0.0 0.0 0.0 0.09063685773457905 0.10502803271478889 0.0 0.0 0.0 0.1084254749098528 0.10426505962481405 0.10727160399945763 0.09047280535225308 0.09313658992722285 0.0 0.0 0.1072894294954103 0.1076501188327415 0.09701137759101452 0.0 0.0 
0.0 0.0 0.0 0.09970745265554981 0.10715426446028187 0.0 0.0 0.0 0.0930902814364606 0.0922646519203183 0.09727250277126995 0.09098999007783434 0.0920014342641025 0.0 0.0 0.10399805955989044 0.10339819114420386 0.09755213294348558 0.0 0.0 0.10877294152029696 0.10310832341251719 0.09356869669996157 0.0 0.0 
0.0 0.0 0.0 0.10688929744790543 0.10567346669079838 0.09254319266149574 0.09245076550886637 0.10917835230414659 0.0 0.0 0.0 0.0 0.0 0.0996293582167175 0.09660160991180605 0.09701796558896703 0.09528085247926826 0.09020593668273374 0.0 0.0 0.10185300530033439 0.1023317051140261 0.0994623565483286 0.0 0.0 
0.09146505360310432 0.10847802496236006 0.10450940122610133 0.0 0.0 0.10881202307977006 0.10686999700619958 0.0906512656592206 0.0 0.0 0.0966705683780939 0.10171150066585968 0.10301075890094008 0.0 0.0 0.0 0.0 0.0 0.0929888423641689 0.0953988986368418 0.09257679134480085 0.09119873221014713 0.09098619426218509 0.0 0.0 
0.0 0.0 0.0 0.09227834879790017 0.10787098748974773 0.0 0.0 0.0 0.10768055456462505 0.10437141784468702 0.0 0.0 0.0 0.10340327653538127 0.1070784915488484 0.0 0.0 0.0 0.09104009570892727 0.10277479251967186 0.10071374704363356 0.10049688170696154 0.09180275783193079 0.0 0.0 
rate 
0.0 0.0 0.0 0.10053828318332779 0.10001719230397053 0.0 0.0 0.0 0.09720767428578292 0.09253692707954989 0.0 0.0 0.0 0.09080849596385729 0.09594873080842004 0.0 0.0 0.0 0.0907678011079725 0.10674850863722898 0.09148225090421187 0.10486549688863095 0.09643974249075621 0.0 0.0 
0.09687954521330994 0.10712841850813226 0.1008083517059093 0.0 0.0 0.09540659756293864 0.09633704694344461 0.0937471174980597 0.0 0.0 0.09771269640589049 0.09649519670206275 0.10538242717073279 0.0 0.0 0.0 0.0 0.0 0.10979189622339025 0.10655970989512696 0.09852105554432493 0.09421531143805231 0.09366355875799898 0.0 0.0 
0.10662618516188949 0.10019970876882289 0.10328679279654303 0.0 0.0 0.0 0.0 0.0 0.10528906400126191 0.0967992036146868 0.1046348598020495 0.09317696359285126 0.09844141378510735 0.0 0.0 0.0 0.0 0.0 0.10182068456020671 0.09911058038094435 0.10010652739542997 0.09644464658500433 0.09656688274188546 0.0 0.0 
0.0 0.0 0.0 0.10331871820469807 0.09902730551351102 0.0 0.0 0.0 0.1044822608463097 0.09768626933219843 0.09143684920138792 0.09205563057977478 0.09948067616443058 0.0 0.0 0.09773287169381847 0.10628883121486064 0.09767383500107224 0.0 0.0 0.1036306411284726 0.10394541315619837 0.09948301150485396 0.0 0.0 
0.0 0.0 0.0 0.09138040251490002 0.10241246836884883 0.0 0.0 0.0 0.10273638213761556 0.090954618759122 0.0 0.0 0.0 0.10568177068078473 0.09071996975903013 0.0 0.0 0.0 0.09138960123316439 0.09474984817374517 0.10702003268992706 0.10003824256406804 0.10099386208049539 0.0 0.0 
0.0 0.0 0.0 0.09873202410245896 0.10862164691945818 0.0 0.0 0.0 0.0978804633433536 0.10656088393037476 0.0 0.0 0.0 0.0963015080780567 0.0989151129221148 0.09644397795362714 0.10892524068383924 0.0931360916070093 0.0 0.0 0.09853269742497608 0.10652189579192256 0.09346772509579584 0.0 0.0 
0.0 0.0 0.0 0.09005094448221593 0.10954638018354367 0.0 0.0 0.0 0.10794900799041714 0.09839511364834085 0.0993313435300998 0.10214036816137924 0.09498323816614132 0.0 0.0 0.09735208621273093 0.10795205441568029 0.0901431648340259 0.0 0.0 0.09512385345996835 0.10377947469300848 0.09326698187319989 0.0 0.0 
0.0 0.0 0.0 0.09503974864206663 0.10015606700990959 0.10449276725479031 0.09225207206941569 0.09699835692716935 0.0 0.0 0.0 0.0 0.0 0.09507430117082288 0.10703740646712863 0.09551468979736377 0.09350687435774657 0.1067028663032547 0.0 0.0 0.0956002678959831 0.09121166798508402 0.10026135161675745 0.0 0.0 
0.10040133242605664 0.10707595954585475 0.10494111283160218 0.0 0.0 0.09948969541672469 0.10103640649066625 0.09524191776339802 0.0 0.0 0.10847774210291361 0.10656169430003817 0.0991835303719672 0.0 0.0 0.0 0.0 0.0 0.10986144856196751 0.09875920967915051 0.0992393699681121 0.10843140922564741 0.09628826417952163 0.0 0.0 
0.0 0.0 0.0 0.10129155541522637 0.10502728899830194 0.0 0.0 0.0 0.1038519046417949 0.10008114996933311 0.0 0.0 0.0 0.0965798368403259 0.09797750126305407 0.0 0.0 0.0 0.10710338429944977 0.10816729763602756 0.10912978156982277 0.10614205999229631 0.10989429121781012 0.0 0.0 
ability 
0.0 0.0 0.0 0.15515052985788988 0.14289608534299642 
0.0 0.0 0.0 0.13885822614459112 0.14558945918929456 
0.0 0.0 0.0 0.14842506242058656 0.15111553214353 
0.0 0.0 0.0 0.0 0.15856137785279312 
0.0 0.0 0.0 0.14994093690907256 0.0 
0.0 0.0 0.0 0.14942211885029166 0.1405666723999263 
0.0 0.0 0.0 0.14443421142500282 0.1472870437934972 
0.0 0.0 0.0 0.14050244652492316 0.15237601908749407 
0.0 0.0 0.0 0.0 0.15790420798462027 
0.0 0.0 0.0 0.14562325902028297 0.0 
0.0 0.15332414952697143 0.1381612423591229 0.0 0.0 
0.15291232352908277 0.0 0.16425317427293865 0.0 0.0 
0.16470247404846566 0.13999061470611682 0.0 0.0 0.0 
0.15156160738317692 0.1408493809418679 0.15531852091494713 0.0 0.0 
0.16444244480680895 0.14119885821176228 0.155874440556283 0.0 0.0 
0.0 0.138414405046405 0.1624563639714981 0.0 0.0 
0.16156123010153678 0.0 0.1586547992235623 0.0 0.0 
0.13838992406286915 0.15389917270938494 0.0 0.0 0.0 
0.1364980410860262 0.16248037115512393 0.14036520637361904 0.0 0.0 
0.13530270502357022 0.1557745629823576 0.15214374244088977 0.0 0.0 
0.0 0.16029107411854468 0.15492567453210832 0.0 0.0 
0.14140962341455546 0.0 0.1382199822705242 0.0 0.0 
0.15102484751427836 0.15419338223363732 0.0 0.0 0.0 
0.15138324748775822 0.13725278301043214 0.1615139588295158 0.0 0.0 
0.14790209786910938 0.16185230609129483 0.1623091587784754 0.0 0.0 
0.0 0.13790493542370813 0.15030097182746058 0.0 0.0 
0.14497764381156467 0.0 0.13795880364019994 0.0 0.0 
0.16021957607031548 0.13672386818011728 0.0 0.0 0.0 
0.1608055478554721 0.1396301718313279 0.13582488506477816 0.0 0.0 
0.1443552486575476 0.15642406105310877 0.15572403821726502 0.0 0.0 
0.0 0.14201295191845073 0.142178767386112 0.0 0.0 
0.15051820994062423 0.0 0.14723848363825787 0.0 0.0 
0.14334805025723554 0.16223376652181676 0.0 0.0 0.0 
0.1356249111193378 0.1377508396329182 0.1511255760029155 0.0 0.0 
0.13601433721194053 0.15186568558944866 0.1588861712339376 0.0 0.0 
0.0 0.13924745880937167 0.14496186124566826 0.0 0.0 
0.15061997725740037 0.0 0.14155749117696964 0.0 0.0 
0.15765224599851893 0.14984348824545102 0.0 0.0 0.0 
0.15966568088300678 0.14749937656816464 0.14651234916493103 0.0 0.0 
0.13922876859112873 0.15580552538072637 0.1427453743949 0.0 0.0 
0.0 0.16489005983587401 0.14162141090530034 0.0 0.0 
0.15388656929313843 0.0 0.15888532828916463 0.0 0.0 
0.1573689454287019 0.15344888554007094 0.0 0.0 0.0 
0.15288234634183098 0.15549265420348798 0.146303048275221 0.0 0.0 
0.14096384727611602 0.13905806461472986 0.14908607868388993 0.0 0.0 
0.0 0.1418745277986705 0.1543649774145286 0.0 0.0 
0.16031580100979928 0.0 0.14647781598764695 0.0 0.0 
0.13986743271905547 0.15587034137922454 0.0 0.0 0.0 
0.14173932664188252 0.14755558961930057 0.14880148095859894 0.0 0.0 
0.15433036678153 0.16063447913229986 0.13702454071204437 0.0 0.0 
