file_name
position_num 5
robot_num 12
position_x
-72.20956043999875 49.69523403036811 -28.151354522357934 -18.37885033112056 -45.21181971979695 
position_y
-11.767425345225007 43.63762845014159 -45.724616841508016 33.045616268025924 42.017252528815504 
distance
0.0 73.16210028555275 66.13515632464826 53.69580380948032 37.812628763778775 61.72161819367403 
73.16210028555275 0.0 133.90481283706666 55.625680786813525 70.04251601318332 60.18030888928326 
66.13515632464826 133.90481283706666 0.0 118.5145654882233 68.89319040167297 94.92088531858062 
53.69580380948032 55.625680786813525 118.5145654882233 0.0 79.37412337971405 89.38509446967063 
37.812628763778775 70.04251601318332 68.89319040167297 79.37412337971405 0.0 28.293082253610308 
61.72161819367403 60.18030888928326 94.92088531858062 89.38509446967063 28.293082253610308 0.0 
lay
0 
1 2 
3 4 
0 
1 2 3 
4 
0 1 2 3 4 
0 1 2 3 4 
0 1 2 3 
4 
edge
0 2 0 1 2 3 1 4 
0 1 2 4 3 4 


1 4 0 4 
demand 
0.09659703565469314 0.09451581794070345 0.09210499053974687 0.0 0.0 0.0 0.0 0.0 0.10102038613102111 0.1065444675804709 0.09269248124749234 0.10699005901325764 0.09764391269932919 0.0 0.0 0.0 0.0 0.0 0.09430970625649174 0.10114176439882544 0.10664404733587143 0.0965824227773298 0.09001615866922363 0.0 0.0 
0.0 0.0 0.0 0.09997355357088897 0.09879858015565142 0.0 0.0 0.0 0.10859731199341455 0.10901371491677248 0.09929532423373931 0.10202441752995872 0.10445311793327963 0.0 0.0 0.0996061781785445 0.10575822013069276 0.09338890231467595 0.0 0.0 0.0 0.0 0.0 0.09026270508450555 0.10512254518059493 
0.0 0.0 0.0 0.09134816097199078 0.10898942149022353 0.0 0.0 0.0 0.10355564505591248 0.09213584752614712 0.0 0.0 0.0 0.10727011997955933 0.10232405852361803 0.10069709355066454 0.09928811634053811 0.1064464843242452 0.0 0.0 0.0 0.0 0.0 0.10544788238851333 0.09421877446617895 
0.10276789829229074 0.09506526788399451 0.09618648478680009 0.0 0.0 0.0906893279097522 0.09105426531165903 0.09009482905738775 0.0 0.0 0.0 0.0 0.0 0.09995094325435255 0.10225975523227906 0.0 0.0 0.0 0.10125257890841691 0.0903282125503092 0.10593883778491056 0.09977773290430675 0.10522019560569121 0.0 0.0 
0.10960654300664661 0.10324948809141746 0.09053305834497849 0.0 0.0 0.10370874176367367 0.1013598675995779 0.09706302368720092 0.0 0.0 0.0 0.0 0.0 0.0989607509847116 0.09681572520219485 0.0 0.0 0.0 0.09795511620575142 0.10006680045620314 0.09590289776720658 0.09857021023357443 0.09892696008465653 0.0 0.0 
rate 
0.09985145929421904 0.09956538996954939 0.10250410846108855 0.0 0.0 0.0 0.0 0.0 0.09887838408839769 0.10543474006370257 0.0994977755260982 0.09992843145477448 0.10276350795028749 0.0 0.0 0.0 0.0 0.0 0.10832416079693519 0.10933769178642477 0.10727164431605846 0.09997010633255776 0.09968368606006645 0.0 0.0 
0.0 0.0 0.0 0.09040765313132335 0.09176298533517802 0.0 0.0 0.0 0.10180753105089616 0.10623626841113572 0.09727017666648168 0.09772070552592582 0.09180071205704647 0.0 0.0 0.09857601494821203 0.09615379998916646 0.10129943317118016 0.0 0.0 0.0 0.0 0.0 0.10348198908043438 0.10677113978169289 
0.0 0.0 0.0 0.10325800453024528 0.09797186824672248 0.0 0.0 0.0 0.09912326549457783 0.09146908854435444 0.0 0.0 0.0 0.09229111399153889 0.10994257606469485 0.10514331817591567 0.10772223489749161 0.09213849027101562 0.0 0.0 0.0 0.0 0.0 0.10506055599724128 0.10644694679708089 
0.09475783712316334 0.09147891346823495 0.10673448802303259 0.0 0.0 0.09250482716195392 0.09560126317954673 0.09798202269044227 0.0 0.0 0.0 0.0 0.0 0.0945765719240318 0.09287767611306018 0.0 0.0 0.0 0.0926474165129752 0.09014368119742686 0.10066824057833267 0.0909355130899806 0.09563241355330639 0.0 0.0 
0.10912776220043947 0.09177202162808368 0.10815115221194938 0.0 0.0 0.10426580706492639 0.10018817851626803 0.10990981809027014 0.0 0.0 0.0 0.0 0.0 0.09084090971286957 0.0938800752560702 0.0 0.0 0.0 0.1009107710510801 0.10587932067571806 0.09463758620796389 0.10409705201248556 0.09838665403832675 0.0 0.0 
ability 
0.0 0.0 0.0 0.1604125321297061 0.14910162223014872 
0.0 0.0 0.0 0.13729299344006396 0.14379980318845145 
0.13640413236898707 0.14306264928703755 0.0 0.0 0.0 
0.15634018424436522 0.15091815504327258 0.15344594613657628 0.0 0.0 
0.15005393110648937 0.1569295793255351 0.1433651590459951 0.0 0.0 
0.0 0.1599901981482526 0.15802765942052405 0.0 0.0 
0.14125052008687664 0.0 0.14370903334086738 0.0 0.0 
0.14127952383709755 0.13777170329059893 0.0 0.0 0.0 
0.15069845580160324 0.15876957854940255 0.15024668387919474 0.0 0.0 
0.16262614358215563 0.1453689489032458 0.147838256195137 0.0 0.0 
0.0 0.13751652941849424 0.16356558723070072 0.0 0.0 
0.13525527615685787 0.0 0.1363890711187723 0.0 0.0 
