file_name
position_num 5
robot_num 25
position_x
-89.55785663213369 -35.6549761189886 22.41901322720183 -28.694907679567166 -32.39972700948326 
position_y
88.69202168904098 28.275520747771253 -81.9279146920596 -59.84474947241576 -7.565893108272249 
distance
0.0 126.04318464649776 45.505850125047544 84.93995149439895 66.3686052750477 33.27138483464192 
126.04318464649776 0.0 80.96711748358615 204.0832724016973 160.52249357106837 111.94926504040356 
45.505850125047544 80.96711748358615 0.0 124.56879794443876 88.39470898396695 35.988937105242805 
84.93995149439895 204.0832724016973 124.56879794443876 0.0 55.68032953010896 92.38400584064762 
66.3686052750477 160.52249357106837 88.39470898396695 55.68032953010896 0.0 52.409965741355606 
33.27138483464192 111.94926504040356 35.988937105242805 92.38400584064762 52.409965741355606 0.0 
lay
0 1 
2 
3 4 
0 
1 2 3 4 
0 1 2 
3 
4 
0 1 2 3 4 
0 1 2 
3 
4 
edge
0 2 2 3 2 4 1 2 
0 4 0 1 0 2 0 3 
0 3 3 4 1 3 

2 3 3 4 
demand 
0.0 0.0 0.0 0.10927512583023952 0.10533363191255535 0.0 0.0 0.0 0.09659775903794267 0.09601851271097539 0.0 0.0 0.0 0.09886833801834433 0.0964642585577437 0.10848810058398708 0.09356460042080886 0.10869376537544105 0.0 0.0 0.09018314736344542 0.10713393581836426 0.10157439618624452 0.0 0.0 
0.0 0.0 0.0 0.1052999783640153 0.10330884578827706 0.0 0.0 0.0 0.1034525448058437 0.10949346520299111 0.0 0.0 0.0 0.09555443138226793 0.10017036708427463 0.0 0.0 0.0 0.09698012893604496 0.10154005364045356 0.0 0.0 0.0 0.10691949612045004 0.09964653523815072 
0.1060020227088414 0.10236175610528142 0.09167077885410822 0.0 0.0 0.09756873983544607 0.09538663257304252 0.09936121960207316 0.0 0.0 0.09323781391943892 0.09890638609931951 0.10181379951149301 0.0 0.0 0.10716107149108006 0.10618989106639419 0.0968574105976333 0.0 0.0 0.0 0.0 0.0 0.10454057027550356 0.09742008582007226 
0.09750022948192012 0.10154240988201008 0.10186656257942545 0.0 0.0 0.0 0.0 0.0 0.09216491847570815 0.09072529052082169 0.09370452115493037 0.10739059791018604 0.10521357679971484 0.0 0.0 0.0961842411756228 0.09094993326670878 0.1087381170619841 0.0 0.0 0.10498132499872331 0.09175972229398092 0.10713108474133992 0.0 0.0 
0.0 0.0 0.0 0.10588158063395173 0.0933505911041424 0.0 0.0 0.0 0.09015708073393498 0.10588950550683374 0.0 0.0 0.0 0.09562287826628635 0.10816212320506413 0.1098598122251397 0.09233160507992286 0.09514359279402299 0.0 0.0 0.1018406458535156 0.10318540369396621 0.09133413788040193 0.0 0.0 
rate 
0.0 0.0 0.0 0.10714530729704591 0.09859859445632675 0.0 0.0 0.0 0.09088164230813743 0.09704925737360069 0.0 0.0 0.0 0.10463289802646679 0.09734514766722854 0.09264512382936596 0.10495153816903985 0.10444498231239963 0.0 0.0 0.10881014419775521 0.09814299717114384 0.09456277183131731 0.0 0.0 
0.0 0.0 0.0 0.09702367124871235 0.09081270658777814 0.0 0.0 0.0 0.10751692089788756 0.10329314518774846 0.0 0.0 0.0 0.10373722749344383 0.10464111258746352 0.0 0.0 0.0 0.09860084608241924 0.10801721601958177 0.0 0.0 0.0 0.10067961305480773 0.10167273004612652 
0.10390811339526468 0.09864935236277744 0.10387383849980332 0.0 0.0 0.09552202554081135 0.10800801232935958 0.09398776459423125 0.0 0.0 0.1060738653136984 0.10711412278646402 0.09873583755442034 0.0 0.0 0.09449733378034622 0.10957746033932313 0.0910346292528387 0.0 0.0 0.0 0.0 0.0 0.09432946687819313 0.09572516811145518 
0.10964488805746508 0.09283966389783221 0.10227327866230251 0.0 0.0 0.0 0.0 0.0 0.0958254484849636 0.10277004719270173 0.10470271955864224 0.09272541690747642 0.10643809113631644 0.0 0.0 0.09198723765019254 0.10787438328408093 0.10407086120201825 0.0 0.0 0.09064911422409962 0.1039785327524133 0.10686929490791211 0.0 0.0 
0.0 0.0 0.0 0.10388820824047235 0.0934622294990684 0.0 0.0 0.0 0.10844623233631497 0.10733407837191078 0.0 0.0 0.0 0.10088942445206316 0.09047303098054421 0.10543439779675404 0.09810960303534366 0.09776761844078156 0.0 0.0 0.10976056763171974 0.10454827607288622 0.10790747336343064 0.0 0.0 
ability 
0.0 0.0 0.0 0.16056648600266687 0.14306098423658378 
0.0 0.0 0.0 0.13877901724556088 0.16457391574008048 
0.0 0.0 0.0 0.14714297906451113 0.16439657477408395 
0.0 0.0 0.0 0.0 0.14229985854523064 
0.0 0.0 0.0 0.15327121009288486 0.0 
0.0 0.0 0.0 0.15435660156958317 0.138086011991216 
0.0 0.0 0.0 0.14943118149952683 0.151621609155536 
0.0 0.0 0.0 0.135360499377538 0.1360392956224723 
0.0 0.0 0.0 0.0 0.15637703157477825 
0.0 0.0 0.0 0.14447557658068103 0.0 
0.0 0.0 0.0 0.15295483615659564 0.14520253788512105 
0.0 0.0 0.0 0.15033846167859116 0.1601146521718476 
0.14673488851694486 0.13864029937149808 0.0 0.0 0.0 
0.1354937911765118 0.15812174091920558 0.14040409944830373 0.0 0.0 
0.16201347438566024 0.14911237586497372 0.1400957074196411 0.0 0.0 
0.0 0.14864566591852707 0.14161647301396094 0.0 0.0 
0.14133937636947305 0.0 0.1353943944816949 0.0 0.0 
0.1427401504937902 0.14836427993516188 0.0 0.0 0.0 
0.1603000116875415 0.14797978467346581 0.1385804424187876 0.0 0.0 
0.15574593325386238 0.15180728931341406 0.15574686075720579 0.0 0.0 
0.0 0.15945665112098403 0.158507227167348 0.0 0.0 
0.14210738033685888 0.0 0.13731397786194618 0.0 0.0 
0.14118391822699597 0.14146728244438975 0.0 0.0 0.0 
0.15985808367861754 0.16489002299814204 0.16379827065535477 0.0 0.0 
0.1647850373887086 0.16046747441266174 0.15759145343066236 0.0 0.0 
