file_name
position_num 5
robot_num 25
position_x
77.93470900687987 23.138370645792378 85.84845049088031 7.357200405168143 -20.5221289278781 
position_y
-73.69131355670133 86.6718721002348 51.75291511061636 77.66987406005626 11.1747536785453 
distance
0.0 107.25776690617381 89.70728849709775 100.24131221273888 78.01754760505361 23.367346779397373 
107.25776690617381 0.0 169.4667814405636 125.69360290091886 167.00716702339452 129.984607950667 
89.70728849709775 169.4667814405636 0.0 71.77665129706266 18.16813977486254 87.21269467801741 
100.24131221273888 125.69360290091886 71.77665129706266 0.0 82.65933160390763 113.8476497389806 
78.01754760505361 167.00716702339452 18.16813977486254 82.65933160390763 0.0 72.10310699693936 
23.367346779397373 129.984607950667 87.21269467801741 113.8476497389806 72.10310699693936 0.0 
lay
0 
1 2 
3 4 
0 1 2 3 
4 
0 1 2 3 
4 
0 1 2 
3 
4 
0 1 2 
3 
4 
edge
0 2 2 4 1 4 1 3 
2 4 3 4 
1 4 2 4 
0 3 3 4 2 3 
2 3 3 4 0 3 
demand 
0.09716639096282156 0.1023689136245956 0.10148727755802459 0.0 0.0 0.0 0.0 0.0 0.09643710717581136 0.10337129674128001 0.09405014651363663 0.09905704523973018 0.10159126847729905 0.0 0.0 0.1046865521009866 0.09753121131489213 0.09981191995593434 0.0 0.0 0.10000085168424673 0.10646047356446474 0.09116160694071433 0.0 0.0 
0.10880323109982529 0.09068353546826217 0.10564356216573954 0.0 0.0 0.10733026403926778 0.10370919665075132 0.10313794023155586 0.0 0.0 0.10886954928183985 0.1003220466889277 0.1012173181630204 0.0 0.0 0.0 0.0 0.0 0.10253942185164927 0.09077521340019767 0.0 0.0 0.0 0.1004418248836696 0.09718188547276908 
0.0 0.0 0.0 0.09942862813635502 0.10096217128910344 0.0 0.0 0.0 0.10832307351279356 0.09890402521316509 0.0 0.0 0.0 0.09179856250054114 0.10504045216622987 0.0 0.0 0.0 0.09431856224293478 0.0949588304982466 0.0 0.0 0.0 0.0934536764549635 0.09131946850161748 
0.09271723325520095 0.09498160257579233 0.09004361123390792 0.0 0.0 0.0 0.0 0.0 0.10044875667282922 0.10296611163731383 0.0 0.0 0.0 0.09661708619016184 0.09491454611070216 0.10947974871162024 0.10994840203029832 0.09997034702100677 0.0 0.0 0.0 0.0 0.0 0.10291571871879807 0.097328082064384 
0.10444955285502402 0.10808154186663628 0.09222023627351067 0.0 0.0 0.10354513113859615 0.09154241387898485 0.09261043993114476 0.0 0.0 0.0 0.0 0.0 0.09418091161048059 0.10313956334027266 0.10927688606238953 0.09745882323908647 0.10572517822349244 0.0 0.0 0.0 0.0 0.0 0.09693846419352903 0.09704533312459097 
rate 
0.10712242402919957 0.09919646284822832 0.10245342613362858 0.0 0.0 0.0 0.0 0.0 0.09690440525993332 0.10229478943571502 0.10277794911508953 0.0998911239498365 0.09104037082904341 0.0 0.0 0.10230493921344766 0.10622294246648759 0.09294824254458242 0.0 0.0 0.10264565034081648 0.10745650602823811 0.10231676501234371 0.0 0.0 
0.1040578790762788 0.09382265740148796 0.0924770587454091 0.0 0.0 0.10271284006178305 0.09597155848943498 0.09915030810290493 0.0 0.0 0.10853269746508326 0.09754181930681301 0.10696209325912394 0.0 0.0 0.0 0.0 0.0 0.09412457275801311 0.106065192532114 0.0 0.0 0.0 0.10568819982381815 0.09216265397878914 
0.0 0.0 0.0 0.10288972296627306 0.10706046879370157 0.0 0.0 0.0 0.09529808110587673 0.09824932885261604 0.0 0.0 0.0 0.0978607194104508 0.107066079270675 0.0 0.0 0.0 0.09723047946289663 0.10832724358782433 0.0 0.0 0.0 0.10152239042675518 0.09292310948927765 
0.09998444090005748 0.1083376813314913 0.10038117396610935 0.0 0.0 0.0 0.0 0.0 0.09926218626384406 0.09311173041597028 0.0 0.0 0.0 0.09381909010949883 0.09695881601294891 0.10740915648675015 0.09992291352208649 0.09777299769435306 0.0 0.0 0.0 0.0 0.0 0.10285803024955656 0.10534325579885494 
0.09009879572745372 0.10923335842628153 0.09930146153485558 0.0 0.0 0.10360658674476719 0.10800576078483366 0.10063270534914573 0.0 0.0 0.0 0.0 0.0 0.10789095391679925 0.09797567099811542 0.10788775093517766 0.09254762173379455 0.10437641614634403 0.0 0.0 0.0 0.0 0.0 0.0969351536598979 0.10906478053311336 
ability 
0.0 0.0 0.0 0.14734315793632788 0.1637231622178935 
0.0 0.0 0.0 0.1353095575957709 0.16218771147862968 
0.0 0.0 0.0 0.1429732224366109 0.16403564962766112 
0.0 0.0 0.0 0.0 0.14718589731637835 
0.0 0.0 0.0 0.14702033595777 0.0 
0.0 0.14632573795494974 0.13767100011614908 0.0 0.0 
0.1451243377984786 0.0 0.15143699152504517 0.0 0.0 
0.15699981099577845 0.1588610278250083 0.0 0.0 0.0 
0.15458069090265583 0.16017754459747144 0.14433061808544492 0.0 0.0 
0.15100932697748912 0.15307441462813481 0.14451474220118368 0.0 0.0 
0.0 0.14672274095655077 0.16411124414379816 0.0 0.0 
0.16454713656002426 0.0 0.14078299144495518 0.0 0.0 
0.1588333334704413 0.1435846684467891 0.0 0.0 0.0 
0.15285921922233284 0.1405670412709585 0.13720269204744356 0.0 0.0 
0.13537471669778706 0.13983430603047742 0.15900353668289222 0.0 0.0 
0.0 0.1475610008088633 0.1363152498516121 0.0 0.0 
0.13839197538823206 0.0 0.16128271441835418 0.0 0.0 
0.13777269422455724 0.16490645498914705 0.0 0.0 0.0 
0.156515981554491 0.15476678166099966 0.14179239652044207 0.0 0.0 
0.15265067572068744 0.15680314735869705 0.14601278012698732 0.0 0.0 
0.0 0.14903725136058532 0.16169342180757595 0.0 0.0 
0.15959658171364186 0.0 0.14480425892322077 0.0 0.0 
0.14345335006124926 0.13577961836794974 0.0 0.0 0.0 
0.15781413025738034 0.1382020751189752 0.14781162024245773 0.0 0.0 
0.14622821382407425 0.15095727258958272 0.15293621249581255 0.0 0.0 
