file_name
position_num 5
robot_num 12
position_x
-42.85017356715004 66.99674006212265 25.847122568948592 73.04608594254029 -80.4199034627722 
position_y
-17.86996745974298 27.38506965641652 53.14221063355987 -25.403537379945163 -85.4993987444785 
distance
0.0 46.42707304738429 72.37751874054827 59.09457078375217 77.33738024357466 117.37763014573488 
46.42707304738429 0.0 118.80388385175742 98.80307654099538 116.14085260613537 77.364233211005 
72.37751874054827 118.80388385175742 0.0 48.54607431246088 53.13409092494516 185.67328831659816 
59.09457078375217 98.80307654099538 48.54607431246088 0.0 91.6361101015461 174.6830749459117 
77.33738024357466 116.14085260613537 53.13409092494516 91.6361101015461 0.0 164.81299238014185 
117.37763014573488 77.364233211005 185.67328831659816 174.6830749459117 164.81299238014185 0.0 
lay
0 
1 2 
3 4 
0 1 2 3 4 
0 
1 
2 3 4 
0 1 2 3 4 
0 1 2 3 4 
edge
0 1 0 2 1 3 1 4 

0 1 1 4 1 3 1 2 


demand 
0.0 0.0 0.0 0.09148434874802337 0.09213381154102074 0.0 0.0 0.0 0.09483827065598238 0.10965601358540547 0.10048724464225192 0.0952613497910075 0.10495653095374771 0.0 0.0 0.09561709912799443 0.09086525841189586 0.10544828817956967 0.0 0.0 0.10424161465450428 0.10769161166808008 0.10085981164665987 0.0 0.0 
0.09262368518029283 0.1049051849255662 0.0900950872222801 0.0 0.0 0.0 0.0 0.0 0.10860969282756067 0.09366609610455699 0.0 0.0 0.0 0.09370721681732186 0.09729831247337051 0.0 0.0 0.0 0.10352715645080862 0.09545351046540705 0.10482108857912818 0.09921737110264339 0.09906558901958674 0.0 0.0 
0.0 0.0 0.0 0.10222571169678281 0.09312420268264017 0.0 0.0 0.0 0.09594607471948295 0.09277442116868591 0.09703008745073108 0.09836934009577697 0.10357557971423204 0.0 0.0 0.09608978272668105 0.09204385029646979 0.10316943157735646 0.0 0.0 0.0 0.0 0.0 0.09654968288331298 0.10182356522153335 
0.0 0.0 0.0 0.09603133949513878 0.09222784439830567 0.09425050614995094 0.09115592573863764 0.0974752176841895 0.0 0.0 0.09985055602924507 0.09809404646595146 0.09172102599716879 0.0 0.0 0.0 0.0 0.0 0.09240904179623094 0.09964517124255107 0.0 0.0 0.0 0.10415194597984755 0.09138472871905019 
0.09202174101969979 0.10403847635958229 0.0972512164941879 0.0 0.0 0.1065796429830179 0.10789789151437992 0.10605095634301881 0.0 0.0 0.0 0.0 0.0 0.09687966880491246 0.10528167624683321 0.09264631389906824 0.10908079325907523 0.104407368759945 0.0 0.0 0.0 0.0 0.0 0.10104993423678828 0.09960764443396906 
rate 
0.0 0.0 0.0 0.10320184431960476 0.10507897198410916 0.0 0.0 0.0 0.10146581206532007 0.10519985089690465 0.10850123419755422 0.09904247640475915 0.10494799654980036 0.0 0.0 0.09716225876156201 0.09787193936593781 0.09375336108985755 0.0 0.0 0.09487844238701812 0.1049066561224477 0.0936040814313673 0.0 0.0 
0.1055027589860119 0.10291908526574252 0.09479671345974519 0.0 0.0 0.0 0.0 0.0 0.09786344322462691 0.0971234941442675 0.0 0.0 0.0 0.09401537402567417 0.10189844041689988 0.0 0.0 0.0 0.09824809070795627 0.09985673434315878 0.10044125306117158 0.10491297991351432 0.10452132355868607 0.0 0.0 
0.0 0.0 0.0 0.09100131088503732 0.10550896452848219 0.0 0.0 0.0 0.09665619592357501 0.10664056782032368 0.09832347381463719 0.1005669285431957 0.10726041222627909 0.0 0.0 0.0913996662071217 0.10378709768616734 0.10542676639525426 0.0 0.0 0.0 0.0 0.0 0.09146077425602768 0.09465276617095157 
0.0 0.0 0.0 0.10279389862967188 0.09846635731907388 0.10602236424753356 0.1076410594701371 0.10558935116994694 0.0 0.0 0.0993985854673886 0.09932578479360601 0.10889524150806407 0.0 0.0 0.0 0.0 0.0 0.09636231746154963 0.10260729960830135 0.0 0.0 0.0 0.105182346708782 0.09412986571960819 
0.10350475084743485 0.1050269220142198 0.10706784139936124 0.0 0.0 0.0923350702058814 0.09199090945804 0.10893474885048732 0.0 0.0 0.0 0.0 0.0 0.09464864797329112 0.1099581751207738 0.09127303338718473 0.10447268583963508 0.1079209728785354 0.0 0.0 0.0 0.0 0.0 0.10545447552198373 0.09687619614688425 
ability 
0.0 0.0 0.0 0.14590867640841085 0.16081360420925464 
0.0 0.0 0.0 0.15168438772550627 0.1548651625222347 
0.0 0.0 0.0 0.14949924099460213 0.14747205867482233 
0.0 0.0 0.0 0.0 0.1553028912511585 
0.0 0.0 0.0 0.1483375952099195 0.0 
0.0 0.0 0.0 0.16152099815683607 0.14325321627626975 
0.142192212835675 0.0 0.15883651827597486 0.0 0.0 
0.14382062662974515 0.15679418828623454 0.0 0.0 0.0 
0.14564224198974907 0.1537529015030274 0.1464337518058461 0.0 0.0 
0.14664765128475166 0.1581643014455454 0.16443200553465848 0.0 0.0 
0.0 0.1377652597217367 0.15876053003126658 0.0 0.0 
0.1470062103449451 0.0 0.16263622143734194 0.0 0.0 
