file_name
position_num 5
robot_num 50
position_x
73.10575078908636 -83.89892490481344 -11.752705651158607 61.608610784524785 -73.8428326110409 
position_y
-34.96514513278434 -34.36249885079923 -98.52432811957289 69.43313892389824 58.920164820245446 
distance
0.0 81.03710367845505 90.66317293948354 99.22282661533099 92.82554445638559 94.46877659029515 
81.03710367845505 0.0 157.00583228749127 106.0222965765646 105.02945273714548 174.37986577664472 
90.66317293948354 157.00583228749127 0.0 96.54955871318985 178.7343765576176 93.82313325500331 
99.22282661533099 106.0222965765646 96.54955871318985 0.0 183.2800957137331 169.2452428370464 
92.82554445638559 105.02945273714548 178.7343765576176 183.2800957137331 0.0 135.85880958718212 
94.46877659029515 174.37986577664472 93.82313325500331 169.2452428370464 135.85880958718212 0.0 
lay
0 1 2 
3 4 
0 1 2 3 4 
0 1 2 
3 4 
0 1 2 3 
4 
0 1 2 3 
4 
edge
2 4 2 3 0 4 

0 4 1 3 1 4 
1 4 0 4 
2 4 0 4 
demand 
0.0 0.0 0.0 0.09461351663401169 0.09383591254323852 0.0 0.0 0.0 0.10054398168477088 0.0900985225956884 0.0 0.0 0.0 0.10147565258045443 0.09251185211426398 0.0 0.0 0.0 0.1061523234720939 0.09352961743166832 0.10457398875137183 0.109503808521422 0.09925538446184028 0.0 0.0 
0.0934935576464056 0.1081066301039284 0.0920438261644973 0.0 0.0 0.09684328245090963 0.10326016183823448 0.1083764055143177 0.0 0.0 0.0 0.0 0.0 0.10532597375926958 0.09528678047742044 0.1061782577728808 0.10426128255883177 0.09964456155643533 0.0 0.0 0.09896458612613535 0.10220701102467085 0.10317590213901262 0.0 0.0 
0.0 0.0 0.0 0.10022607890865134 0.10365563228994285 0.09501542731309637 0.0939221804943755 0.10272341587542236 0.0 0.0 0.09084034860898296 0.09082969469095924 0.10057667336789367 0.0 0.0 0.09876791309317141 0.0974581334936228 0.1023141408851956 0.0 0.0 0.10693348400578194 0.09097990976503631 0.10881972501698296 0.0 0.0 
0.0 0.0 0.0 0.10005315720784028 0.09662932066330145 0.0 0.0 0.0 0.10313480653065697 0.09484028318676378 0.0 0.0 0.0 0.09134876494958227 0.10427134505029607 0.0 0.0 0.0 0.10056909734529139 0.09965858916743008 0.09712374624520158 0.10917691513895329 0.09474205887718848 0.0 0.0 
0.0 0.0 0.0 0.09379930124229954 0.10437419144246081 0.0 0.0 0.0 0.09274697755740396 0.10388359581955452 0.0 0.0 0.0 0.10675671824018954 0.10223441715447795 0.1008938125892917 0.10619923806824963 0.10627627024319547 0.0 0.0 0.09555030873298309 0.10343584288920465 0.09175179285365187 0.0 0.0 
rate 
0.0 0.0 0.0 0.10371873086356986 0.10906944952659606 0.0 0.0 0.0 0.09528732461565888 0.10055564106553623 0.0 0.0 0.0 0.1067505478616761 0.10208454673614138 0.0 0.0 0.0 0.09520814880414236 0.09398604801018894 0.10007270507109876 0.09267029948033562 0.09400796774891126 0.0 0.0 
0.09405856397034844 0.10474155059304338 0.10721594041562876 0.0 0.0 0.10324413660408041 0.09328131821664506 0.10068484363347577 0.0 0.0 0.0 0.0 0.0 0.1031449409775538 0.09450217327121475 0.09954487899107418 0.10692422482252845 0.10811671949394829 0.0 0.0 0.10634363807286978 0.10606665208184195 0.09850913843988957 0.0 0.0 
0.0 0.0 0.0 0.10286845328341417 0.10279490137095589 0.10005623886768117 0.09395288179381142 0.09017045341033829 0.0 0.0 0.09450376792140704 0.10018524416765424 0.09639316088477644 0.0 0.0 0.09528573540962691 0.0978551567474792 0.10744245715434522 0.0 0.0 0.10965621765430783 0.09348287153050176 0.10702266301614072 0.0 0.0 
0.0 0.0 0.0 0.09268611421338456 0.09855252124730418 0.0 0.0 0.0 0.10910701017650815 0.0963837097126181 0.0 0.0 0.0 0.09329872900084024 0.09077294777742723 0.0 0.0 0.0 0.10864126627899136 0.09634837610392229 0.10138922536021998 0.09674777009349737 0.106572258472758 0.0 0.0 
0.0 0.0 0.0 0.10574889352332106 0.10765284649437834 0.0 0.0 0.0 0.10644827258233769 0.09348666033723335 0.0 0.0 0.0 0.09144557648109494 0.09469870713015721 0.09292536877755347 0.10994011550952965 0.10876670416786763 0.0 0.0 0.09937355331929598 0.10238904072950641 0.0913040614935085 0.0 0.0 
ability 
0.0 0.0 0.0 0.15865443506685187 0.16344683257466217 
0.0 0.0 0.0 0.1420198788081216 0.1394689776183577 
0.0 0.0 0.0 0.1637615550116901 0.151639251923131 
0.0 0.0 0.0 0.0 0.15070728619927612 
0.0 0.0 0.0 0.16113891986242965 0.0 
0.0 0.0 0.0 0.15543748966715856 0.16382523543670896 
0.0 0.0 0.0 0.13569226907293783 0.14344672734449096 
0.0 0.0 0.0 0.15998046670430152 0.14962975904040238 
0.0 0.0 0.0 0.0 0.14530455566430628 
0.0 0.0 0.0 0.1427042908595262 0.0 
0.0 0.0 0.0 0.1625288535985194 0.16446009386635063 
0.0 0.0 0.0 0.1411241851990731 0.158278224439006 
0.0 0.0 0.0 0.15318851079513532 0.1570978597397057 
0.0 0.0 0.0 0.0 0.15698589608686533 
0.0 0.0 0.0 0.15713967358577588 0.0 
0.0 0.0 0.0 0.1546543022347153 0.14985240960342394 
0.0 0.0 0.0 0.14285218833421592 0.16464297710128598 
0.0 0.0 0.0 0.1561910868587245 0.14459176893645456 
0.0 0.0 0.0 0.0 0.1602108040583478 
0.0 0.0 0.0 0.1592259661795176 0.0 
0.0 0.0 0.0 0.16328480364055745 0.15844748830168784 
0.0 0.0 0.0 0.14310934827719926 0.14000628086241504 
0.0 0.0 0.0 0.14164703039747517 0.15124127917928565 
0.0 0.0 0.0 0.0 0.13784149581649943 
0.0 0.0 0.0 0.14017835232633788 0.0 
0.0 0.16260878413715255 0.14648850565835084 0.0 0.0 
0.15015593113736536 0.0 0.14755002915254312 0.0 0.0 
0.14498982207232625 0.14315814014337983 0.0 0.0 0.0 
0.14732234755075282 0.13526734533215015 0.15437626632867438 0.0 0.0 
0.13751320150063426 0.13771644168961586 0.15039444752496348 0.0 0.0 
0.0 0.15490138557216393 0.1469220973004585 0.0 0.0 
0.1365443381991797 0.0 0.15471837915455358 0.0 0.0 
0.1376189673701182 0.16230836114595804 0.0 0.0 0.0 
0.14199831972884214 0.161204748321181 0.15719937644855878 0.0 0.0 
0.1378965518927222 0.14483178990996753 0.16414117450003096 0.0 0.0 
0.0 0.13711904237933825 0.148538328866244 0.0 0.0 
0.15337819354556526 0.0 0.14025594991376525 0.0 0.0 
0.14862122723565077 0.14131346548881787 0.0 0.0 0.0 
0.16230982215459502 0.1643335872394062 0.1574707750219997 0.0 0.0 
0.161781423856819 0.1386717886194071 0.13907261476343522 0.0 0.0 
0.0 0.14811524148720914 0.1625141826642167 0.0 0.0 
0.15651653729251522 0.0 0.1434076274483015 0.0 0.0 
0.13960513466826474 0.15699070352965822 0.0 0.0 0.0 
0.15423802074644663 0.13701441446622376 0.15753144122761517 0.0 0.0 
0.15081944899364882 0.15702323348892236 0.1510215922313233 0.0 0.0 
0.0 0.15067235114024127 0.16496395676329365 0.0 0.0 
0.16377741019429848 0.0 0.1621953187074062 0.0 0.0 
0.14640266465698207 0.14628562335312328 0.0 0.0 0.0 
0.1639029679699972 0.1527146320439887 0.14468847354155473 0.0 0.0 
0.15760595141215272 0.1353586632852641 0.15071308277514747 0.0 0.0 
