file_name
position_num 5
robot_num 50
position_x
43.99686106922641 53.84081599869984 -25.040253333150716 41.40104623123955 91.56529723414135 
position_y
71.24036412335278 93.47365937280452 74.31660567566905 -90.9860325878185 -48.94424498811918 
distance
0.0 83.7311964823906 107.87102699033201 78.42175824438809 99.96251675059409 103.82554009025758 
83.7311964823906 0.0 24.31507487758978 69.10561791269292 162.2471634407315 129.25593366052058 
107.87102699033201 24.31507487758978 0.0 81.17398478140115 184.87867867895244 147.32954885914907 
78.42175824438809 69.10561791269292 81.17398478140115 0.0 178.1555738804556 169.67643245148105 
99.96251675059409 162.2471634407315 184.87867867895244 178.1555738804556 0.0 65.45199754981024 
103.82554009025758 129.25593366052058 147.32954885914907 169.67643245148105 65.45199754981024 0.0 
lay
0 1 2 3 4 
0 1 2 3 4 
0 1 2 3 
4 
0 1 2 
3 
4 
0 1 2 3 4 
edge


3 4 0 4 
2 3 3 4 0 3 

demand 
0.0 0.0 0.0 0.0960977649927744 0.10688014317657278 0.0 0.0 0.0 0.09951694822920248 0.10419412178800325 0.0 0.0 0.0 0.10844276210905934 0.0986337600518994 0.10857424264849569 0.09488507222015996 0.10938956578005195 0.0 0.0 0.0 0.0 0.0 0.10303035277344355 0.09418726501489641 
0.09792223804676684 0.09857908537023963 0.09570412562991686 0.0 0.0 0.0 0.0 0.0 0.10030713713375737 0.09684372216332893 0.10617608762464137 0.0914101957516964 0.10405729673727966 0.0 0.0 0.0 0.0 0.0 0.10951515427684096 0.0913594934416076 0.10749788927847209 0.09890703819561694 0.09913927840623861 0.0 0.0 
0.09934577763255659 0.09713010447910654 0.09996796164408975 0.0 0.0 0.0 0.0 0.0 0.10298981576711433 0.10222416523555392 0.0 0.0 0.0 0.09677266195684742 0.0944441143223078 0.09373636462836833 0.10151753600191292 0.10431335049519458 0.0 0.0 0.09967643233368535 0.10611571800854024 0.09952310883774716 0.0 0.0 
0.10766339210063842 0.1028861143712354 0.09699581075994465 0.0 0.0 0.0 0.0 0.0 0.09368642924342098 0.10508476496261526 0.10797635833151416 0.09646721672261727 0.09955186552170174 0.0 0.0 0.10189180692860883 0.09208691593975522 0.10521013947199309 0.0 0.0 0.09642198198317575 0.09907102694612875 0.09004186098213551 0.0 0.0 
0.09033967656507308 0.10833488091318295 0.10096519871764476 0.0 0.0 0.0 0.0 0.0 0.10444278435397969 0.10403186443583652 0.0 0.0 0.0 0.10083118530015223 0.10661653692539985 0.0 0.0 0.0 0.095519335399786 0.0979462290070036 0.0 0.0 0.0 0.10033975466927068 0.0996578592758256 
rate 
0.0 0.0 0.0 0.10008003423998156 0.09080594758598885 0.0 0.0 0.0 0.09712619982124654 0.10010372027429729 0.0 0.0 0.0 0.09492230862289447 0.09173479454590881 0.09506561441220085 0.09601015651583539 0.10571584214077667 0.0 0.0 0.0 0.0 0.0 0.09767814782048082 0.09048207263630659 
0.10770961655594401 0.10684270725718813 0.09869481524050842 0.0 0.0 0.0 0.0 0.0 0.09575281526231977 0.10498866749761207 0.10328315844001817 0.10930638771239294 0.0945839208824709 0.0 0.0 0.0 0.0 0.0 0.10961216763127796 0.10426772661605946 0.09930509794606392 0.093604002726629 0.09181599919571559 0.0 0.0 
0.1095183167689322 0.10934669628293692 0.09908127465351706 0.0 0.0 0.0 0.0 0.0 0.10619605916373538 0.09854817187701374 0.0 0.0 0.0 0.1018692796374672 0.09559733443693086 0.10593782206584597 0.10217954693437428 0.09442226789441048 0.0 0.0 0.09995110996711619 0.10850818709434713 0.09797869684555777 0.0 0.0 
0.10999226997599194 0.0915697825104429 0.10026967247517665 0.0 0.0 0.0 0.0 0.0 0.09042585716813448 0.1011734655678943 0.09619325761868483 0.09301784224803983 0.09624048691990028 0.0 0.0 0.09165307372720417 0.1016462665444702 0.09116511078858178 0.0 0.0 0.1021563687240008 0.0939322055361349 0.09486491391807408 0.0 0.0 
0.0904217591264971 0.09088529222306446 0.10746669004335148 0.0 0.0 0.0 0.0 0.0 0.0903584390668204 0.09624175291284186 0.0 0.0 0.0 0.09133774799380241 0.09474619706504234 0.0 0.0 0.0 0.108639236371666 0.10237291340055746 0.0 0.0 0.0 0.10427353594870188 0.09520720826119128 
ability 
0.0 0.0 0.0 0.15886213613948152 0.14683031698500856 
0.0 0.0 0.0 0.15719737523589428 0.15985683154716665 
0.0 0.0 0.0 0.14523246698297815 0.15715820023873162 
0.0 0.0 0.0 0.0 0.14908963559134283 
0.0 0.0 0.0 0.14166419732726168 0.0 
0.0 0.0 0.0 0.1471959648699778 0.13967268456839907 
0.0 0.0 0.0 0.16184322157829173 0.13928055271221776 
0.0 0.0 0.0 0.15780762631731152 0.13595662032943934 
0.0 0.0 0.0 0.0 0.1420164762402772 
0.0 0.0 0.0 0.1493343297693632 0.0 
0.0 0.1472244886675651 0.14947397878159488 0.0 0.0 
0.15341852966332883 0.0 0.14153481140614507 0.0 0.0 
0.14533400942354074 0.15137372321770523 0.0 0.0 0.0 
0.1496829351506866 0.15842228691299134 0.14958888919676577 0.0 0.0 
0.13672721978756572 0.13736714789188129 0.1506046032748671 0.0 0.0 
0.0 0.1461459917805268 0.14059328392787462 0.0 0.0 
0.14119171200234584 0.0 0.14339163972275104 0.0 0.0 
0.16298453921001102 0.14304595637252543 0.0 0.0 0.0 
0.16105403412615943 0.15698455477844536 0.14765784019518863 0.0 0.0 
0.13715388835900175 0.16425856981413448 0.1406057047149614 0.0 0.0 
0.0 0.1519306862044386 0.15287589244216354 0.0 0.0 
0.16157636312972637 0.0 0.15094011956111836 0.0 0.0 
0.15867456223098583 0.16204719045594274 0.0 0.0 0.0 
0.1642627917193559 0.1523586994362087 0.15243383639964403 0.0 0.0 
0.15957753669161887 0.13896836412602268 0.15075592082028513 0.0 0.0 
0.0 0.13690602694379256 0.15515605092981666 0.0 0.0 
0.1390984640075699 0.0 0.13706569778572836 0.0 0.0 
0.14020100889589435 0.14662449274056155 0.0 0.0 0.0 
0.14297582751091648 0.13668143300186666 0.1368001385634277 0.0 0.0 
0.1572369901612687 0.16057281142948457 0.16210000622177304 0.0 0.0 
0.0 0.15422391618564663 0.1611651476014794 0.0 0.0 
0.14411239062952025 0.0 0.1524272678268528 0.0 0.0 
0.16085967819397834 0.14858076799024827 0.0 0.0 0.0 
0.15754592492665087 0.14021103388188536 0.14278261987594987 0.0 0.0 
0.1400313984206999 0.15677327285287293 0.13929856747793593 0.0 0.0 
0.0 0.14013242085695235 0.1387463463911741 0.0 0.0 
0.15018739935873496 0.0 0.14519463408971328 0.0 0.0 
0.14043455147552536 0.1396891628010697 0.0 0.0 0.0 
0.1402855422951783 0.15603987469636876 0.14161097157947966 0.0 0.0 
0.1634758771094985 0.14407938983577487 0.15352849078054553 0.0 0.0 
0.0 0.15917283170235538 0.14948744585675464 0.0 0.0 
0.1495564694387753 0.0 0.1363594878823025 0.0 0.0 
0.14620591793367327 0.14256001240132596 0.0 0.0 0.0 
0.16039986649381388 0.1482602491503648 0.1407766926429625 0.0 0.0 
0.14248228885616535 0.14407804374858835 0.14074933365305292 0.0 0.0 
0.0 0.15964189708153353 0.14302344225549377 0.0 0.0 
0.1557309528488939 0.0 0.15221026533903811 0.0 0.0 
0.13534381360705863 0.15005069958794784 0.0 0.0 0.0 
0.14742897877571426 0.16119263929765507 0.15858060258297196 0.0 0.0 
0.16374192870380047 0.14001901402916164 0.14601845471808567 0.0 0.0 
