file_name
position_num 10
robot_num 25
position_x
-29.39269598257618 -23.443265178235674 9.011143952249995 20.28909203712643 -20.67720188847602 -21.28704523925996 -18.022607649003568 -21.581146322166244 10.902217040818094 25.02880617210871 
position_y
21.859745833924073 -23.62455535485003 -26.926728149999516 -22.84048646661686 -6.230012631141321 -17.558281443226846 6.893451916607162 27.820996960046763 13.538811962776442 16.57428915446038 
distance
0.0 36.630302551957044 33.28222195003588 28.394531237408167 30.550533182298064 21.595363745975124 27.594049037027247 19.295959830920484 35.21013701236735 17.382685804228384 30.019130556640878 
36.630302551957044 0.0 45.87174927476336 62.08844470208449 66.83106185417817 29.410786591487273 40.2427937449034 18.79544791519375 9.826333145469352 41.14508422704857 54.67756348890154 
33.28222195003588 45.87174927476336 0.0 32.62197138705718 43.739385359576424 17.6130980434983 6.438086951577812 30.99568189070753 51.47924183220759 50.603636423128386 62.97212717446181 
28.394531237408167 62.08844470208449 32.62197138705718 0.0 11.995394286982899 36.19049477455509 31.713531212751608 43.2969780166697 62.715242397357706 40.5097037022611 46.35627260158444 
30.550533182298064 66.83106185417817 43.739385359576424 11.995394286982899 0.0 44.20571319453934 41.910343362158855 48.496323825807416 65.72444570518718 37.57082347262536 39.698733321621425 
21.595363745975124 29.410786591487273 17.6130980434983 36.19049477455509 44.20571319453934 0.0 11.34467201779606 13.389256600433484 34.06300588201784 37.25675946371272 51.07910877025002 
27.594049037027247 40.2427937449034 6.438086951577812 31.713531212751608 41.910343362158855 11.34467201779606 0.0 24.668680894630306 45.380231421278374 44.75687460533129 57.53425473199495 
19.295959830920484 18.79544791519375 30.99568189070753 43.2969780166697 48.496323825807416 13.389256600433484 24.668680894630306 0.0 21.227937700906978 29.678380910692212 44.12644152458323 
35.21013701236735 9.826333145469352 51.47924183220759 62.715242397357706 65.72444570518718 34.06300588201784 45.380231421278374 21.227937700906978 0.0 35.48449948453446 47.94763923263381 
17.382685804228384 41.14508422704857 50.603636423128386 40.5097037022611 37.57082347262536 37.25675946371272 44.75687460533129 29.678380910692212 35.48449948453446 0.0 14.449036032397855 
30.019130556640878 54.67756348890154 62.97212717446181 46.35627260158444 39.698733321621425 51.07910877025002 57.53425473199495 44.12644152458323 47.94763923263381 14.449036032397855 0.0 
lay
0 1 2 
3 4 
0 1 2 3 
4 
0 1 2 3 
4 
0 1 2 3 
4 
0 1 2 
3 4 
0 1 2 3 
4 
0 1 2 
3 4 
0 1 2 
3 4 
0 1 2 
3 4 
0 1 
2 
3 4 
edge
2 3 0 3 0 4 
3 4 0 4 
3 4 
3 4 
2 4 2 3 1 4 
0 4 3 4 
0 4 1 3 
1 4 1 3 0 4 
1 4 1 3 0 4 
0 2 2 3 2 4 
demand 
0.10516368699726625 0.10341185014833852 0.10799903896000994 0.0 0.0 0.0 0.0 0.0 0.10251896049082013 0.1082331754080505 0.09649218934477417 0.09666557973516858 0.10280425626541985 0.0 0.0 0.0 0.0 0.0 0.10850807189548602 0.09672876971685951 0.0 0.0 0.0 0.09724165551470694 0.10574301881538384 
0.10648986864756492 0.102490970864057 0.0973417605772677 0.0 0.0 0.0 0.0 0.0 0.1033139888904266 0.108324834178616 0.1041659606080851 0.10580033338135518 0.10834024609805892 0.0 0.0 0.0 0.0 0.0 0.0964406866537055 0.09597330537104899 0.10354330535979793 0.10904713808917076 0.09527971135078794 0.0 0.0 
0.0 0.0 0.0 0.09730797843639472 0.09151942064943754 0.0 0.0 0.0 0.09435409700096885 0.09164294814989908 0.0 0.0 0.0 0.10571472606518317 0.10913502362432517 0.0 0.0 0.0 0.10419807491798978 0.09399475796938024 0.0 0.0 0.0 0.10339793706857459 0.09421126988127529 
0.1043451695438465 0.10653329834219019 0.10894807324507816 0.0 0.0 0.10319985861738389 0.09642525262234541 0.10832191459050824 0.0 0.0 0.0 0.0 0.0 0.09801017538564342 0.10810955239363028 0.0 0.0 0.0 0.10898212660440228 0.09428130120697377 0.0902351265836058 0.09438556218575528 0.0933669149054206 0.0 0.0 
0.0 0.0 0.0 0.10388543623447453 0.09743387850972779 0.0 0.0 0.0 0.10723397958088328 0.09826945430647244 0.0 0.0 0.0 0.10220872746720325 0.09316960169709942 0.0 0.0 0.0 0.09263630239489412 0.09638059343198453 0.0 0.0 0.0 0.10093171520227873 0.09745093683806577 
0.09956608996912882 0.09283623721502889 0.09824180505947373 0.0 0.0 0.09787965048620983 0.10315941198860215 0.10487845056470085 0.0 0.0 0.10240664062142651 0.10426128780471218 0.09346787825965369 0.0 0.0 0.0976465390369282 0.10540927070421696 0.10782750692846164 0.0 0.0 0.0927150197741694 0.1046772748309089 0.10860901336514682 0.0 0.0 
0.09955592089417385 0.10459426317498924 0.09765048185175285 0.0 0.0 0.09965502673142469 0.09244193121179439 0.09064763272105975 0.0 0.0 0.09275666977400981 0.10616879232647967 0.09128950139078856 0.0 0.0 0.09765327814694003 0.09591342342779668 0.101408337152868 0.0 0.0 0.0 0.0 0.0 0.10946236185411129 0.09215454036707475 
0.0 0.0 0.0 0.09309460636479364 0.09020817462647858 0.09327245152850679 0.09345536127169553 0.10291202141788972 0.0 0.0 0.0 0.0 0.0 0.09034242634180252 0.10842027969995685 0.09384700668154139 0.09140912896391146 0.09955283225718994 0.0 0.0 0.0 0.0 0.0 0.10942380200607682 0.10011055955376685 
0.0 0.0 0.0 0.09386919649787719 0.1075779531746183 0.10838740619867104 0.10642842675842064 0.0993406492103933 0.0 0.0 0.09946303275051456 0.10941636056894764 0.10412045079904156 0.0 0.0 0.10464010284927683 0.10606308609267899 0.09350999627521973 0.0 0.0 0.09697262082588594 0.0967946467749953 0.09731213608128486 0.0 0.0 
0.10915347569301226 0.10707016704067983 0.0968741913013766 0.0 0.0 0.0995862601100835 0.10929974672113055 0.0974274143216852 0.0 0.0 0.0 0.0 0.0 0.09460832297032366 0.09787262169670644 0.0 0.0 0.0 0.09165158920701304 0.10002507055933765 0.0 0.0 0.0 0.09589340090998943 0.10069629845085244 
rate 
0.10565756605955381 0.09252387326423006 0.09789961317696541 0.0 0.0 0.0 0.0 0.0 0.09021110041972312 0.1073550732501196 0.09883656593768096 0.09152937874539924 0.10378286504157071 0.0 0.0 0.0 0.0 0.0 0.10335762218618749 0.0986788712078771 0.0 0.0 0.0 0.10319938258760444 0.09519886957834395 
0.09931083419212988 0.10257182944511956 0.09339949015876105 0.0 0.0 0.0 0.0 0.0 0.10895749117878645 0.09744778656514978 0.09977379124252686 0.10143731744692822 0.09770931842445917 0.0 0.0 0.0 0.0 0.0 0.0936014624275925 0.09476752605206887 0.09097767019819364 0.09688152350782218 0.10982808782010443 0.0 0.0 
0.0 0.0 0.0 0.09740760858946153 0.10553241157654668 0.0 0.0 0.0 0.09783079950976405 0.10816319466913207 0.0 0.0 0.0 0.10028562533958757 0.0979496686280148 0.0 0.0 0.0 0.10828982928815459 0.09581119972800207 0.0 0.0 0.0 0.09191456035737992 0.09015174119556733 
0.10546692067937205 0.10907526357891245 0.10895733563703676 0.0 0.0 0.09051120158166692 0.10513962448122922 0.10312417988719497 0.0 0.0 0.0 0.0 0.0 0.10224821673346332 0.09986563717133029 0.0 0.0 0.0 0.10910599688484415 0.0973941356058926 0.10387724842111515 0.1099511617134576 0.10699194543384274 0.0 0.0 
0.0 0.0 0.0 0.10848656884306306 0.10952782123139088 0.0 0.0 0.0 0.109421556888124 0.09666860910341807 0.0 0.0 0.0 0.09550117371095301 0.0961249013236983 0.0 0.0 0.0 0.09881569042450784 0.09028635026015785 0.0 0.0 0.0 0.10098506399356587 0.0986741744880818 
0.09585929304605167 0.09658811067106005 0.09918617666215078 0.0 0.0 0.10563467935055729 0.10975194954861048 0.10207502963957656 0.0 0.0 0.10334710030839207 0.10844272662267088 0.09136116673900145 0.0 0.0 0.10630178958131938 0.09512729365923961 0.10975977336659387 0.0 0.0 0.09254624844525117 0.10539487854259882 0.1040812501847787 0.0 0.0 
0.10631890530402638 0.09913718111029994 0.09560948856769207 0.0 0.0 0.09198656738288594 0.10614247486730616 0.09622432721615183 0.0 0.0 0.10108539007278182 0.10302554534424109 0.10350417625644684 0.0 0.0 0.10865339928172052 0.0937601861247988 0.10558088135991249 0.0 0.0 0.0 0.0 0.0 0.09459887599278376 0.09079344414208293 
0.0 0.0 0.0 0.09665475224688773 0.10465257059799007 0.10968270158616647 0.10827108904183191 0.10237042544988131 0.0 0.0 0.0 0.0 0.0 0.10653352946640825 0.1090856979254617 0.0931897287207379 0.1035201023842677 0.10200826968296305 0.0 0.0 0.0 0.0 0.0 0.10168995496071678 0.10918175040926897 
0.0 0.0 0.0 0.10461489602242187 0.09911894085521183 0.10365471365432206 0.09105731863393525 0.10636538428058578 0.0 0.0 0.09116303960332683 0.09370281052008018 0.10608241241252768 0.0 0.0 0.10602258718205411 0.09378551025068098 0.09953129935764092 0.0 0.0 0.09377194208482785 0.09030984982335433 0.09034279029124836 0.0 0.0 
0.09864632565238902 0.0923493607926675 0.09115956041798577 0.0 0.0 0.10807491097544085 0.10564315263177525 0.10196600444486813 0.0 0.0 0.0 0.0 0.0 0.09212205048261646 0.10358852085557893 0.0 0.0 0.0 0.10301836377470815 0.09755111713721959 0.0 0.0 0.0 0.09602607192205115 0.09029966792064055 
ability 
0.0 0.0 0.0 0.15558670825395923 0.15929773396187713 
0.0 0.0 0.0 0.14322713182411778 0.14298109051282043 
0.0 0.0 0.0 0.1636282454599807 0.16050473740385507 
0.0 0.0 0.0 0.0 0.13682902039776693 
0.0 0.0 0.0 0.14806805734331752 0.0 
0.0 0.16186575920694848 0.15749060163699194 0.0 0.0 
0.15014562566252426 0.0 0.13951543026259303 0.0 0.0 
0.14068466071125185 0.1604743465851286 0.0 0.0 0.0 
0.14295924053891504 0.14705939462921436 0.1521118555068785 0.0 0.0 
0.16256676374773119 0.13978777798329514 0.14906196601480917 0.0 0.0 
0.0 0.1602559434398411 0.1355394478438669 0.0 0.0 
0.1547935481655629 0.0 0.1494739513102535 0.0 0.0 
0.13999920792955084 0.14181370479652416 0.0 0.0 0.0 
0.14922489689720006 0.15947568707786336 0.14038897293593178 0.0 0.0 
0.16482002433482884 0.1407757492485212 0.1561435084648899 0.0 0.0 
0.0 0.13594160601167543 0.1474598513811051 0.0 0.0 
0.1515416695217398 0.0 0.14750654238999503 0.0 0.0 
0.14432675552520777 0.13564044706285835 0.0 0.0 0.0 
0.1513637827372682 0.15686326947578463 0.1603594496286802 0.0 0.0 
0.15043402842893447 0.13944600985974467 0.15479004130371088 0.0 0.0 
0.0 0.1621761879886356 0.14567372463257738 0.0 0.0 
0.14010482648426711 0.0 0.1493764934894871 0.0 0.0 
0.16299953721254273 0.15973268520365042 0.0 0.0 0.0 
0.15469844099398267 0.13695580449458036 0.15882327149081774 0.0 0.0 
0.16176667126075386 0.14548162501488446 0.14868638489612604 0.0 0.0 
