file_name
position_num 5
robot_num 25
position_x
-16.33412484806001 -9.111181490760941 9.416929134789932 28.83898395692389 23.127640695403585 
position_y
-4.342161524855378 0.9208805885336311 -28.006769421489942 -25.378928841397805 24.518629532111326 
distance
0.0 16.901420095954833 9.15760062548716 29.54754960666213 38.41584340873498 33.70535503845954 
16.901420095954833 0.0 8.937030996368817 34.97328191818879 49.83126867978841 48.88942830757157 
9.15760062548716 8.937030996368817 0.0 34.35258095769615 46.172448858137926 39.95241433449618 
29.54754960666213 34.97328191818879 34.35258095769615 0.0 19.599024456037498 54.28536770376822 
38.41584340873498 49.83126867978841 46.172448858137926 19.599024456037498 0.0 50.22335884315847 
33.70535503845954 48.88942830757157 39.95241433449618 54.28536770376822 50.22335884315847 0.0 
lay
0 1 2 3 
4 
0 1 2 3 
4 
0 1 2 
3 4 
0 1 2 
3 4 
0 1 2 3 4 
edge
2 4 1 4 
1 4 3 4 
1 3 0 3 0 4 
1 4 1 3 0 4 

demand 
0.0 0.0 0.0 0.09120687296812238 0.0930662558763476 0.0 0.0 0.0 0.10026041696471928 0.09049352070104812 0.0 0.0 0.0 0.1056496262505337 0.10909929715397784 0.0 0.0 0.0 0.09379965873799291 0.1076866928637002 0.0 0.0 0.0 0.09934886602874415 0.09720364522011354 
0.09861477503215717 0.10030443312739282 0.09666439822280865 0.0 0.0 0.10449685844624079 0.10850279679805469 0.10764860983808877 0.0 0.0 0.0 0.0 0.0 0.1088699478888799 0.09866665842567268 0.10803760519963633 0.101697680099003 0.09429406475144682 0.0 0.0 0.0 0.0 0.0 0.1059473380946361 0.09092707421726197 
0.0 0.0 0.0 0.106641646274725 0.09863563522442238 0.0 0.0 0.0 0.10678556217583146 0.10240491018469554 0.0 0.0 0.0 0.10505446447122038 0.09054762697665936 0.0 0.0 0.0 0.1056479602328426 0.10448943528296291 0.0 0.0 0.0 0.1091682492033306 0.10312253132430643 
0.1043647320348234 0.10774125666865444 0.10519972307105324 0.0 0.0 0.0940435870915206 0.09181780560818192 0.09563779820952893 0.0 0.0 0.09595151988480066 0.09544417844854325 0.09653320889895317 0.0 0.0 0.10540588075493207 0.09977370512208195 0.10415987053059178 0.0 0.0 0.09776876044291924 0.09204929212720814 0.10837484052686326 0.0 0.0 
0.10617211409629844 0.09085641466807315 0.09281994119993688 0.0 0.0 0.0970854056184748 0.10356955081637437 0.10128637040214242 0.0 0.0 0.10468488737572704 0.09187767197752966 0.09770800114850464 0.0 0.0 0.0 0.0 0.0 0.09986793973106811 0.10646581906550351 0.09870917830042088 0.09665735769050365 0.10987860485558949 0.0 0.0 
rate 
0.0 0.0 0.0 0.09236943778051375 0.09487797281321346 0.0 0.0 0.0 0.09143475699219848 0.09566453249183002 0.0 0.0 0.0 0.09869467008348892 0.0994277589499662 0.0 0.0 0.0 0.09103970149161786 0.09266306267097868 0.0 0.0 0.0 0.10224393016855984 0.09488271087323932 
0.09424082980439512 0.10695560219785503 0.10789455690671562 0.0 0.0 0.09003220122198914 0.09421093338259368 0.09212253887210631 0.0 0.0 0.0 0.0 0.0 0.09001896406536423 0.09124599214223386 0.10939419092214386 0.10002538361239083 0.10354850282806319 0.0 0.0 0.0 0.0 0.0 0.10614334159533648 0.09320273802294349 
0.0 0.0 0.0 0.10942089587606561 0.10445844480104714 0.0 0.0 0.0 0.09129767445779774 0.09579008415587068 0.0 0.0 0.0 0.10823181597126197 0.1079160226879947 0.0 0.0 0.0 0.09440994383294116 0.10154960888982636 0.0 0.0 0.0 0.09689173807773256 0.10268888681480759 
0.09072773462952141 0.09713091016401279 0.10718171430077011 0.0 0.0 0.09691254995589133 0.10320218108588529 0.09715927910903006 0.0 0.0 0.09606652650375802 0.09729062463048099 0.09103789892443541 0.0 0.0 0.10364640622784743 0.09561391024334079 0.1063296245760339 0.0 0.0 0.0970867251295871 0.09679146371614034 0.1064706404515241 0.0 0.0 
0.09948597652359106 0.10187970385394736 0.10014063166142276 0.0 0.0 0.10116267364794672 0.10952578177631214 0.10014199862619716 0.0 0.0 0.10281513939579866 0.0996962875327915 0.09472883463029025 0.0 0.0 0.0 0.0 0.0 0.09754304722962687 0.09518087408978476 0.10808604902285723 0.10267514987160464 0.10900545669703905 0.0 0.0 
ability 
0.0 0.0 0.0 0.15786476997497487 0.1534420099516005 
0.0 0.0 0.0 0.15771693645215848 0.16125851830555749 
0.0 0.0 0.0 0.1562978009669622 0.1471884059626731 
0.0 0.0 0.0 0.0 0.14281641156765235 
0.0 0.0 0.0 0.15413438730702855 0.0 
0.0 0.13646452209934676 0.14182073780336152 0.0 0.0 
0.14783567372127324 0.0 0.13766155217699602 0.0 0.0 
0.15217861365486554 0.15349133074242396 0.0 0.0 0.0 
0.15732514738565706 0.13623287386439015 0.15527263004882366 0.0 0.0 
0.13579686923343637 0.1402287326469966 0.13641374253585017 0.0 0.0 
0.0 0.15544153792299756 0.16150749677333973 0.0 0.0 
0.16268608966213857 0.0 0.13774315204746848 0.0 0.0 
0.157197307281336 0.14471933162422265 0.0 0.0 0.0 
0.14103687632851716 0.15947872020314435 0.15992344849178014 0.0 0.0 
0.16424709308596708 0.14742297892800388 0.15907303644600043 0.0 0.0 
0.0 0.15910091468216972 0.1595139713152084 0.0 0.0 
0.15864546046783537 0.0 0.15948280667067913 0.0 0.0 
0.16000015145669874 0.15094352409901543 0.0 0.0 0.0 
0.1597702781213397 0.14860180230508313 0.14030358465965265 0.0 0.0 
0.14879435248208242 0.14599480030318773 0.14450985253366364 0.0 0.0 
0.0 0.1365390786230124 0.14850424139248591 0.0 0.0 
0.1386584784029515 0.0 0.1427642858661964 0.0 0.0 
0.14164498416917398 0.13783206822388622 0.0 0.0 0.0 
0.1484847379148528 0.1574773065439232 0.14184624062226917 0.0 0.0 
0.13503261889440032 0.13819737312138095 0.15796291031916065 0.0 0.0 
