file_name
position_num 5
robot_num 12
position_x
6.821640654751974 13.447927632752773 -16.0699847144499 2.0666905200614636 -16.791285681240282 
position_y
-27.48180681976704 3.631921064365656 22.067222028298794 7.096698934512595 11.820156990508465 
distance
0.0 28.315799252388395 13.929738268666018 27.298474257161132 7.391504953175918 20.534443895788634 
28.315799252388395 0.0 31.811503296176987 54.58143248239594 34.90390538295311 45.849914389158926 
13.929738268666018 31.811503296176987 0.0 34.80183143123267 11.896942628455513 31.32821778255748 
27.298474257161132 54.58143248239594 34.80183143123267 0.0 23.517133121699246 10.272420210125638 
7.391504953175918 34.90390538295311 11.896942628455513 23.517133121699246 0.0 19.440532976634547 
20.534443895788634 45.849914389158926 31.32821778255748 10.272420210125638 19.440532976634547 0.0 
lay
0 1 2 3 4 
0 
1 2 3 4 
0 1 2 3 
4 
0 
1 2 3 
4 
0 1 
2 
3 
4 
edge

0 3 0 1 0 2 0 4 
3 4 
0 3 3 4 1 4 2 4 
0 2 2 3 3 4 1 2 
demand 
0.10933372480502063 0.09859942763099806 0.10821645449043844 0.0 0.0 0.0 0.0 0.0 0.10429184839835698 0.10502144924976967 0.10988774578185818 0.10857337623387307 0.09917400631647183 0.0 0.0 0.0 0.0 0.0 0.09274385004978991 0.10500286556190677 0.10698825817729307 0.09492512500644974 0.10176602237103194 0.0 0.0 
0.09233930933189964 0.09512323914197514 0.1090831564429013 0.0 0.0 0.0 0.0 0.0 0.0911728408718987 0.10493732690261003 0.1039733625111245 0.09463086787391883 0.09823659161501802 0.0 0.0 0.09437253107958102 0.09099627381626191 0.10073236197452302 0.0 0.0 0.0 0.0 0.0 0.09367632926922524 0.1077869720761445 
0.0 0.0 0.0 0.09815770289449981 0.09326203043731358 0.0 0.0 0.0 0.10691833711083976 0.09535974262067079 0.0 0.0 0.0 0.10778358303259082 0.10808705692327676 0.0 0.0 0.0 0.10645376720324651 0.10176497420095038 0.0 0.0 0.0 0.0960047375531714 0.0906073578064578 
0.0985823652902078 0.09972853158136663 0.10001453821888613 0.0 0.0 0.09805723846417964 0.09953111798336901 0.09665738748220445 0.0 0.0 0.10624555764009838 0.1023118406984205 0.10696765826558959 0.0 0.0 0.0 0.0 0.0 0.10619349733445041 0.09604382913738752 0.0 0.0 0.0 0.09266226601527762 0.09721191264491223 
0.0 0.0 0.0 0.09954032419675021 0.10979605233910746 0.09696574174074535 0.09000759256598093 0.10666711688184445 0.0 0.0 0.10147185581584812 0.09339916009039337 0.10015677478881778 0.0 0.0 0.10099117228373942 0.10244881325690258 0.09271324050691966 0.0 0.0 0.0 0.0 0.0 0.10948167907001188 0.09781848520385028 
rate 
0.1076126566597355 0.09605076841467418 0.10549503185388834 0.0 0.0 0.0 0.0 0.0 0.09314849300079503 0.09578533204329272 0.09344952166376869 0.10044150571983952 0.10071839620551999 0.0 0.0 0.0 0.0 0.0 0.10729505902882314 0.09664432554242218 0.09989888730513448 0.0962877650755774 0.10374187942332652 0.0 0.0 
0.10789917188557352 0.09015689875801482 0.10463524963989256 0.0 0.0 0.0 0.0 0.0 0.1022933801546496 0.09424375757419091 0.09848571269143457 0.0993396855118329 0.1050383491478008 0.0 0.0 0.1001708075251117 0.09354320097290492 0.09135996697797309 0.0 0.0 0.0 0.0 0.0 0.09636523650326279 0.094314971145991 
0.0 0.0 0.0 0.10136122397635823 0.10642853589239132 0.0 0.0 0.0 0.09534246089076227 0.10398836963290987 0.0 0.0 0.0 0.10314353318029196 0.0907522316506704 0.0 0.0 0.0 0.109532638641559 0.09954974255370425 0.0 0.0 0.0 0.10418999043812081 0.09174349291917643 
0.09185283512307038 0.10403070433342652 0.10935353406508763 0.0 0.0 0.10547417089497604 0.10421890271609152 0.09904170534945363 0.0 0.0 0.09712768935031796 0.10394545286802277 0.10784751012426326 0.0 0.0 0.0 0.0 0.0 0.10215260878660631 0.09465529942373294 0.0 0.0 0.0 0.10450215188041803 0.0953962172082932 
0.0 0.0 0.0 0.09694340352826739 0.108311911399622 0.09288929004954291 0.09613524068861898 0.09214065125746707 0.0 0.0 0.10013772791231977 0.10816325041147277 0.09939572875033699 0.0 0.0 0.09258445751640099 0.10895164979723054 0.10289233825893006 0.0 0.0 0.0 0.0 0.0 0.09094370031519744 0.10272012603325578 
ability 
0.0 0.0 0.0 0.1457197255018903 0.1425439284511091 
0.0 0.0 0.0 0.13547803648613682 0.1536819852899424 
0.14889661795499243 0.16371445836901852 0.0 0.0 0.0 
0.15575946625952558 0.13931789944486012 0.14276405742387188 0.0 0.0 
0.15637733229228987 0.1635706096616151 0.1390644811481456 0.0 0.0 
0.0 0.1552190912582519 0.15095445010850742 0.0 0.0 
0.14614461691217853 0.0 0.16354592156086412 0.0 0.0 
0.13690338434514202 0.15575419947902627 0.0 0.0 0.0 
0.15419391943477517 0.16119292748682046 0.15579390773730942 0.0 0.0 
0.16240832185248072 0.15052283616002862 0.14264154617063862 0.0 0.0 
0.0 0.14334912309215225 0.13753069082932726 0.0 0.0 
0.15248769381173125 0.0 0.15454924684421942 0.0 0.0 
