file_name
position_num 5
robot_num 50
position_x
20.239565855101667 23.485493193052307 -21.146481238967134 20.24266072105575 1.0116112317408579 
position_y
20.61869302228863 -9.590212012654888 28.22112443882186 -24.25526653072835 -0.23504197333476284 
distance
0.0 28.892395676896907 25.368101169945227 35.26479169627204 31.59245586440605 1.0385576601293522 
28.892395676896907 0.0 30.382790979327282 42.07852014407793 44.873959659740294 28.365339805221975 
25.368101169945227 30.382790979327282 0.0 58.4953870484435 15.019313781245206 24.343265534343434 
35.26479169627204 42.07852014407793 58.4953870484435 0.0 66.83436751683985 36.06569656636063 
31.59245586440605 44.873959659740294 15.019313781245206 66.83436751683985 0.0 30.77018771876591 
1.0385576601293522 28.365339805221975 24.343265534343434 36.06569656636063 30.77018771876591 0.0 
lay
0 1 2 
3 4 
0 1 2 
3 
4 
0 1 2 3 4 
0 1 2 
3 
4 
0 
1 2 
3 4 
edge
1 4 2 3 
2 3 3 4 

0 3 3 4 1 3 
0 2 2 3 2 4 1 4 1 3 
demand 
0.0 0.0 0.0 0.0920973569344152 0.10749079404162401 0.0 0.0 0.0 0.10527925495518493 0.09509474130411384 0.0 0.0 0.0 0.096131204487021 0.10902833241984622 0.0 0.0 0.0 0.10967810446257392 0.09451417968334586 0.0 0.0 0.0 0.10461756680883627 0.10504964059326627 
0.0 0.0 0.0 0.10522234565000782 0.09159758512265577 0.0 0.0 0.0 0.10503987665100689 0.10845307750963105 0.10299193729178412 0.10221150012903363 0.10440148470557237 0.0 0.0 0.0 0.0 0.0 0.09113061613633408 0.09945096155304345 0.10760472023666574 0.1065593405275708 0.09557788537400488 0.0 0.0 
0.0 0.0 0.0 0.09319544885864409 0.10493428594930983 0.09603017950625342 0.09794438285050455 0.10753949036384598 0.0 0.0 0.0 0.0 0.0 0.10530175767546933 0.10136655063641065 0.09504387784541297 0.09987978347397194 0.10807009282117085 0.0 0.0 0.10216443249296159 0.09447850409430872 0.10772809577114849 0.0 0.0 
0.10904305434285554 0.10443703824701095 0.09749729254305727 0.0 0.0 0.10108541661983578 0.10093611874740663 0.10789565158366882 0.0 0.0 0.10371277607264769 0.0987079674327617 0.10125585562643069 0.0 0.0 0.0 0.0 0.0 0.10362868638175858 0.10677005523356276 0.09726611408013616 0.10742621307759082 0.10567120387237375 0.0 0.0 
0.0 0.0 0.0 0.09662168679550087 0.0901242962644215 0.10072857744790548 0.10117760513936465 0.10275138065294027 0.0 0.0 0.0 0.0 0.0 0.10238402141820342 0.09645072569451299 0.098668736487502 0.09247030468976022 0.09913458343191059 0.0 0.0 0.10417015171841633 0.0987064815788204 0.10926999492613242 0.0 0.0 
rate 
0.0 0.0 0.0 0.09726772079484064 0.10548959766117344 0.0 0.0 0.0 0.0925342660976418 0.09032958629811344 0.0 0.0 0.0 0.10438882789104974 0.09101827942399422 0.0 0.0 0.0 0.09668024175692533 0.10724270236193284 0.0 0.0 0.0 0.10523335947619011 0.0904943658971473 
0.0 0.0 0.0 0.10000232182244673 0.10501392056247863 0.0 0.0 0.0 0.09682933018351171 0.09953551428483934 0.09570437120492888 0.1036286093947748 0.09993629894199937 0.0 0.0 0.0 0.0 0.0 0.10073828024332232 0.09899018176475329 0.09251004788693216 0.09725788471852338 0.09341785993593255 0.0 0.0 
0.0 0.0 0.0 0.0989919418021395 0.10578383672206855 0.09384965138692614 0.09047984545301702 0.1053728150966353 0.0 0.0 0.0 0.0 0.0 0.09561122107632383 0.10021361543396257 0.09057070673451846 0.09786159845358713 0.10141966659249485 0.0 0.0 0.10949646584999498 0.09110021177871253 0.09081291381747464 0.0 0.0 
0.09841844285346209 0.10477372413120985 0.10574752440544288 0.0 0.0 0.1037323381976411 0.10948214138985682 0.09788344854893477 0.0 0.0 0.10749989455881429 0.09732451032793266 0.10237460158244611 0.0 0.0 0.0 0.0 0.0 0.09395263865475525 0.09698522526899211 0.10095065433190142 0.09588187076424179 0.10268447771473838 0.0 0.0 
0.0 0.0 0.0 0.09485255116988103 0.09711320396953993 0.10525859497158661 0.10268469648569847 0.10852628352970461 0.0 0.0 0.0 0.0 0.0 0.10132234945713325 0.10002968164205556 0.10698070580155952 0.10304365836686624 0.10480444237499434 0.0 0.0 0.10153848247233783 0.10486560373964847 0.09336911202491013 0.0 0.0 
ability 
0.0 0.0 0.0 0.14085317181830345 0.16364823232141043 
0.0 0.0 0.0 0.15154537311145688 0.14408062276788858 
0.0 0.0 0.0 0.13976241866804526 0.13996238893228885 
0.0 0.0 0.0 0.0 0.14071411857856347 
0.0 0.0 0.0 0.14031480465579108 0.0 
0.0 0.0 0.0 0.14817964924823704 0.1623599631332547 
0.0 0.0 0.0 0.1643201982285001 0.15529899733342037 
0.0 0.0 0.0 0.13540547427816435 0.13812314423572877 
0.0 0.0 0.0 0.0 0.15812126323916997 
0.0 0.0 0.0 0.1441223531232125 0.0 
0.0 0.0 0.0 0.15667694489446324 0.16111756385888057 
0.0 0.0 0.0 0.1630792653070391 0.14658895170974137 
0.0 0.0 0.0 0.14561828169572613 0.13617395711101946 
0.0 0.0 0.0 0.0 0.13834304894537092 
0.0 0.0 0.0 0.14923955192395197 0.0 
0.0 0.0 0.0 0.1638757937191602 0.1619501314577896 
0.0 0.0 0.0 0.13561713986361854 0.14848993263065977 
0.0 0.0 0.0 0.1565306445988389 0.15183888952084573 
0.0 0.0 0.0 0.0 0.15148701879052429 
0.0 0.0 0.0 0.1433888647610701 0.0 
0.0 0.0 0.0 0.13938253870176331 0.15286145602712883 
0.0 0.0 0.0 0.14498960193099525 0.14549385728863012 
0.0 0.0 0.0 0.16223488845473666 0.14966630776130788 
0.0 0.0 0.0 0.0 0.1530097746995473 
0.0 0.0 0.0 0.13858596308545332 0.0 
0.0 0.15539972502259636 0.1614425750994223 0.0 0.0 
0.16165118168636528 0.0 0.14152718734192457 0.0 0.0 
0.164122367020774 0.15114485587508583 0.0 0.0 0.0 
0.14507678487948594 0.14985816908966587 0.14831947940817702 0.0 0.0 
0.14892889088101893 0.14451087694342724 0.14445078757354493 0.0 0.0 
0.0 0.15378278389890768 0.15809036072697136 0.0 0.0 
0.13798190564606874 0.0 0.14592196842270239 0.0 0.0 
0.14923041851792923 0.14621846808426725 0.0 0.0 0.0 
0.15062292311831962 0.15170052608155515 0.16046504790457408 0.0 0.0 
0.14677618506982826 0.16162948909032648 0.1541425320417189 0.0 0.0 
0.0 0.15252176735494594 0.1644007755448026 0.0 0.0 
0.1472700290982314 0.0 0.142978569905013 0.0 0.0 
0.14005778783636844 0.15240127856010358 0.0 0.0 0.0 
0.1576620887786989 0.14761154147254812 0.14489695270568453 0.0 0.0 
0.1611651864087131 0.16307834615724906 0.14743109000403748 0.0 0.0 
0.0 0.15385630246873927 0.16343860177929107 0.0 0.0 
0.14618479100684126 0.0 0.13699721396717646 0.0 0.0 
0.14254451912350768 0.135031082253027 0.0 0.0 0.0 
0.14953604318767189 0.1600902269825045 0.1538024833044152 0.0 0.0 
0.1622264251891394 0.15800768966061624 0.14368638377395562 0.0 0.0 
0.0 0.1377257176077194 0.13692376121633149 0.0 0.0 
0.16447250634628266 0.0 0.1387410729714816 0.0 0.0 
0.1482889942738006 0.14199059775800485 0.0 0.0 0.0 
0.1577599745039737 0.15231728899910674 0.1643291400176742 0.0 0.0 
0.15418331476929215 0.14466704300168523 0.15377280816286348 0.0 0.0 
