file_name
position_num 5
robot_num 50
position_x
-8.139850052328029 18.928241919969757 -9.98017333633571 -18.62616402561904 16.080746102899937 
position_y
-23.493434316128333 -23.907211828110796 -5.993187006652704 -18.33647692341018 28.673739035561738 
distance
0.0 24.863600198696506 30.49316512884586 11.641398125655572 26.137336747878866 32.875122897191254 
24.863600198696506 0.0 27.07125440112065 17.59674531504249 11.685760150574232 57.51566094221578 
30.49316512884586 27.07125440112065 0.0 34.00895114429158 37.96533278274438 52.65799679209394 
11.641398125655572 17.59674531504249 34.00895114429158 0.0 15.070167914402973 43.370119705099924 
26.137336747878866 11.685760150574232 37.96533278274438 15.070167914402973 0.0 58.433979970375724 
32.875122897191254 57.51566094221578 52.65799679209394 43.370119705099924 58.433979970375724 0.0 
lay
0 1 2 3 
4 
0 
1 2 3 4 
0 1 2 
3 
4 
0 1 
2 
3 4 
0 1 2 3 4 
edge
0 4 
0 3 0 1 0 2 0 4 
1 3 3 4 2 3 
0 2 2 3 2 4 

demand 
0.0 0.0 0.0 0.09260281262798109 0.1043915420736099 0.1021190274885014 0.09701482415623505 0.10475063298891477 0.0 0.0 0.0 0.0 0.0 0.09254137892480037 0.09468215253414208 0.10815407483587147 0.0985630089633824 0.10583864812039567 0.0 0.0 0.09488362048048396 0.10006046771670814 0.09760555922104841 0.0 0.0 
0.0 0.0 0.0 0.09108968780872131 0.09150899953550706 0.0 0.0 0.0 0.10829478367042536 0.10841308516375013 0.0955097740804761 0.10296312574914719 0.10677029818522346 0.0 0.0 0.10525177999563778 0.10325454071000373 0.09261081838416989 0.0 0.0 0.0 0.0 0.0 0.10213838736314713 0.09280918205916727 
0.0 0.0 0.0 0.10907010170470391 0.0924998272031985 0.0 0.0 0.0 0.10367557918618596 0.10733119646331134 0.0 0.0 0.0 0.10507354689657045 0.09432548026502 0.0 0.0 0.0 0.09098735846043536 0.09749742961328348 0.10119295914679585 0.09611397878833619 0.09168850008899362 0.0 0.0 
0.0 0.0 0.0 0.1089815542232016 0.09232360272863496 0.09458052584464828 0.09455411163636085 0.10399582475675789 0.0 0.0 0.10992209547488546 0.10132015273130893 0.10443897850507392 0.0 0.0 0.0991533749381844 0.10742791103509214 0.10726949192750523 0.0 0.0 0.09308924797854243 0.0938549834097844 0.1035050198981054 0.0 0.0 
0.0 0.0 0.0 0.10659028199680098 0.09977457566227824 0.10246686148154976 0.09880659494552613 0.09206086795335228 0.0 0.0 0.10664743991607986 0.10603110486439604 0.09984244846897072 0.0 0.0 0.0 0.0 0.0 0.09527282450172359 0.09742433687911778 0.0 0.0 0.0 0.09590234373396897 0.1035761236239937 
rate 
0.0 0.0 0.0 0.10058544324687163 0.1019238995015171 0.09551531891158446 0.10616773895489409 0.09717282066571847 0.0 0.0 0.0 0.0 0.0 0.10928548128137026 0.10215617956939792 0.0942259511126737 0.10135562633905078 0.104205004450234 0.0 0.0 0.09191336356754506 0.10514454838045154 0.10863573282377725 0.0 0.0 
0.0 0.0 0.0 0.09606283631961943 0.10867152977628179 0.0 0.0 0.0 0.10623257429890237 0.10486431471786453 0.09990801830800311 0.09553268208674233 0.10435741887850498 0.0 0.0 0.10279649528999038 0.10331706055797044 0.10861916232988225 0.0 0.0 0.0 0.0 0.0 0.09179204606954831 0.0915509027398783 
0.0 0.0 0.0 0.09546781349674242 0.10615791445196968 0.0 0.0 0.0 0.09141723848175473 0.09649384726456456 0.0 0.0 0.0 0.10049696996462248 0.10231537989095885 0.0 0.0 0.0 0.10430118155777257 0.10467272025853228 0.10636546988265867 0.09132029932942733 0.09667375293559373 0.0 0.0 
0.0 0.0 0.0 0.09103844763485804 0.09515928897312415 0.09727133131903949 0.09439140520558037 0.10645584549313747 0.0 0.0 0.10583056431243712 0.10062218578283927 0.0909817776939765 0.0 0.0 0.09578660729602778 0.10213298562709916 0.10385189911978797 0.0 0.0 0.10485598600546334 0.09624910035581812 0.09888982322576066 0.0 0.0 
0.0 0.0 0.0 0.09733324248046958 0.10345456154483937 0.10895425846997785 0.10170855979801639 0.09086562684700078 0.0 0.0 0.1007239804734854 0.10076104906599853 0.1038233961621705 0.0 0.0 0.0 0.0 0.0 0.10655763302155544 0.09165392578880696 0.0 0.0 0.0 0.10860199670649982 0.09503283720707806 
ability 
0.0 0.0 0.0 0.14792041657799032 0.15066947456147475 
0.0 0.0 0.0 0.16239843344312535 0.13523531043258777 
0.0 0.0 0.0 0.1424804632551095 0.1587720351185583 
0.0 0.0 0.0 0.0 0.1583583443021951 
0.0 0.0 0.0 0.15483020081606944 0.0 
0.0 0.0 0.0 0.1392743505111845 0.1518656809610134 
0.0 0.0 0.0 0.14835731029842092 0.15894862227316375 
0.0 0.0 0.0 0.15501886097419276 0.1385149083933614 
0.0 0.0 0.0 0.0 0.15426272176594136 
0.0 0.0 0.0 0.1408550413452313 0.0 
0.0 0.13952942636485885 0.15387258945907817 0.0 0.0 
0.15096939218146224 0.0 0.15484630002997424 0.0 0.0 
0.152947549457604 0.14723018052726114 0.0 0.0 0.0 
0.16351420330275596 0.1474630662160959 0.14672982778081084 0.0 0.0 
0.14841490658359963 0.15510775904188195 0.14740905080216432 0.0 0.0 
0.0 0.16284840751378118 0.15385012917982802 0.0 0.0 
0.13691015931207898 0.0 0.145115665627272 0.0 0.0 
0.15107916772136193 0.14035983423575968 0.0 0.0 0.0 
0.13942601630553192 0.14234496127504287 0.1638579928853384 0.0 0.0 
0.15634997013632024 0.1394567661361761 0.13713973604946425 0.0 0.0 
0.0 0.16245038791610475 0.16006972388245824 0.0 0.0 
0.14542392736096987 0.0 0.13615012805541293 0.0 0.0 
0.1506693991350119 0.1570369406501425 0.0 0.0 0.0 
0.15281078178583204 0.16319094801603515 0.13786862448724785 0.0 0.0 
0.15586686828203258 0.14257981964842073 0.1540352932526977 0.0 0.0 
0.0 0.15715214117528475 0.14147570774389656 0.0 0.0 
0.14228325621785276 0.0 0.15525368807202763 0.0 0.0 
0.14961295099259592 0.16441971851302192 0.0 0.0 0.0 
0.1442401602755208 0.14053718975990537 0.164504721932711 0.0 0.0 
0.16083658346584084 0.14173865335933622 0.13926746550307076 0.0 0.0 
0.0 0.15317835619265396 0.13976968964493167 0.0 0.0 
0.13634874191435412 0.0 0.15726686871507312 0.0 0.0 
0.15712723589382757 0.1615801579933027 0.0 0.0 0.0 
0.1598745126407435 0.14066953569009027 0.15980415634508358 0.0 0.0 
0.1423217651450102 0.1436469861281901 0.14785588614761033 0.0 0.0 
0.0 0.1491749465314143 0.1397401531192811 0.0 0.0 
0.15387989003914518 0.0 0.14667723800497942 0.0 0.0 
0.1583888187604612 0.15220083074344026 0.0 0.0 0.0 
0.14668539552005402 0.16221165163288287 0.15371188817479547 0.0 0.0 
0.14025198178341283 0.1535660958370683 0.1586680258330612 0.0 0.0 
0.0 0.1557275629500706 0.1431839201443716 0.0 0.0 
0.15148894697219759 0.0 0.16473893395812533 0.0 0.0 
0.15040983289612297 0.14664820329204434 0.0 0.0 0.0 
0.14218692022892107 0.1499814874498293 0.145365746568073 0.0 0.0 
0.14034480257592677 0.1396427853976637 0.16290787652952254 0.0 0.0 
0.0 0.13531013152055923 0.16139550255849539 0.0 0.0 
0.15962333515314456 0.0 0.15238873179092938 0.0 0.0 
0.14175583125015676 0.1606048627498073 0.0 0.0 0.0 
0.14211023809727683 0.14536796357693038 0.15593315203367722 0.0 0.0 
0.14237842448605342 0.14333405560076268 0.15998315567264448 0.0 0.0 
