file_name
position_num 10
robot_num 25
position_x
17.092533225488772 -8.012606623469221 -5.864306797401703 -19.62890499324054 4.61251636491523 -23.96129397854733 2.7757348986786425 21.663683902457656 -4.007827071614095 -5.757022804129484 
position_y
-6.598837258149818 3.3357708660498915 24.634373531542558 -6.540064405781621 28.53452097232867 19.758117572293663 -16.61993854515663 -9.877133427748493 24.65951498231722 -6.731229077478432 
distance
0.0 18.322099913055375 8.679241451489299 25.322765518513503 20.68976446616624 28.90491643884956 31.056832084534125 16.850135354724173 23.80909416536357 24.98308141521158 8.857356064919037 
18.322099913055375 0.0 26.99934231452969 38.76248134562521 36.72148525182675 37.28409421444124 48.786327962174944 17.475502434408085 5.625179489328179 37.71352263388645 22.849939569821384 
8.679241451489299 26.99934231452969 0.0 21.406673437160034 15.246983640441908 28.184583328311213 22.892227931988273 22.68520775534172 32.48481274774865 21.696550933155308 10.31659567052361 
25.322765518513503 38.76248134562521 21.406673437160034 0.0 34.0779950143926 11.179220618376357 18.742433599046297 42.14936043917743 44.14560436297977 1.8566499575330528 31.36578608742712 
20.68976446616624 36.72148525182675 15.246983640441908 34.0779950143926 0.0 42.636522476745206 26.65265408307344 24.567697314811934 41.42721240159068 34.89171577076437 13.873199321003122 
28.90491643884956 37.28409421444124 28.184583328311213 11.179220618376357 42.636522476745206 0.0 29.89126785842839 45.19180213789807 42.02615266883596 9.451242901668481 36.75867882764317 
31.056832084534125 48.786327962174944 22.892227931988273 18.742433599046297 26.65265408307344 29.89126785842839 0.0 45.14677928785151 54.40484085518212 20.546642990451396 32.14157704474895 
16.850135354724173 17.475502434408085 22.68520775534172 42.14936043917743 24.567697314811934 45.19180213789807 45.14677928785151 0.0 20.0554241645671 41.83312080793967 13.061184056240071 
23.80909416536357 5.625179489328179 32.48481274774865 44.14560436297977 41.42721240159068 42.02615266883596 54.40484085518212 20.0554241645671 0.0 43.03262203366628 27.600577357543102 
24.98308141521158 37.71352263388645 21.696550933155308 1.8566499575330528 34.89171577076437 9.451242901668481 20.546642990451396 41.83312080793967 43.03262203366628 0.0 31.43944176250981 
8.857356064919037 22.849939569821384 10.31659567052361 31.36578608742712 13.873199321003122 36.75867882764317 32.14157704474895 13.061184056240071 27.600577357543102 31.43944176250981 0.0 
lay
0 1 
2 3 
4 
0 1 2 3 4 
0 1 
2 
3 4 
0 1 2 
3 4 
0 1 2 3 4 
0 1 
2 3 
4 
0 1 2 3 4 
0 1 2 3 
4 
0 1 2 
3 4 
0 
1 2 3 4 
edge
0 3 3 4 1 2 2 4 

1 2 2 4 2 3 
2 4 2 3 

1 2 2 4 3 4 

2 4 1 4 
1 3 1 4 2 3 
0 1 0 2 0 3 0 4 
demand 
0.0 0.0 0.0 0.10262478486592969 0.09959319421538665 0.0 0.0 0.0 0.09325388749829255 0.09068586080751712 0.0 0.0 0.0 0.10669053621150533 0.09958055589389132 0.0 0.0 0.0 0.10440652971838292 0.09169293066952486 0.09642274944704127 0.10616828084193544 0.0968812627797966 0.0 0.0 
0.09121691313017226 0.09460632051970626 0.09938251727961167 0.0 0.0 0.0 0.0 0.0 0.09065108234884786 0.10615633407244077 0.1030240306458095 0.10949820935230128 0.10602585580871667 0.0 0.0 0.0 0.0 0.0 0.10616519624202483 0.10064089079397885 0.0 0.0 0.0 0.10898336994015555 0.09773294232202051 
0.10487154012379166 0.10987647127375873 0.10975194045560235 0.0 0.0 0.0 0.0 0.0 0.09262008381213105 0.10026172609567899 0.0 0.0 0.0 0.09284188763679925 0.09022275291941008 0.10925437201860347 0.09496660436461044 0.09550370480359718 0.0 0.0 0.09446559441178932 0.0945615180227073 0.10911753656957933 0.0 0.0 
0.09521007954945811 0.1053339550932666 0.09005378463240854 0.0 0.0 0.0 0.0 0.0 0.09143678175042784 0.09220603639379887 0.10655691507117185 0.09162269435759107 0.1098989696646817 0.0 0.0 0.0 0.0 0.0 0.10021893937812312 0.09851451868556674 0.0 0.0 0.0 0.09390180733013034 0.1095920263130779 
0.10296330233553129 0.09722209668540016 0.09249948368521094 0.0 0.0 0.0 0.0 0.0 0.10910373651529753 0.10477814552445211 0.10697816868234276 0.09572971175609103 0.10206900832347605 0.0 0.0 0.10663609122547829 0.09633030567049916 0.09430405984066453 0.0 0.0 0.0 0.0 0.0 0.10139949125657671 0.09744174506541742 
0.10938419815909116 0.10685377466205177 0.10614315776054183 0.0 0.0 0.09395355348442877 0.09517750074948629 0.10026349585589928 0.0 0.0 0.0 0.0 0.0 0.10253519300319645 0.10787306561972226 0.10399188793747177 0.0902065834075515 0.09847297591503196 0.0 0.0 0.0 0.0 0.0 0.10113603173818966 0.09251670649596273 
0.09108156923171339 0.10629906146846756 0.09689961685255827 0.0 0.0 0.10967755318785573 0.0926628996132513 0.0946045597124475 0.0 0.0 0.10983162304005345 0.09880505128955186 0.10534802380951612 0.0 0.0 0.0 0.0 0.0 0.1070318862116042 0.10181245064814957 0.0 0.0 0.0 0.1014162651549923 0.09877868785488332 
0.0 0.0 0.0 0.10711182082785475 0.09448455997913026 0.10426447143705452 0.10464450853115624 0.10261030687266218 0.0 0.0 0.0 0.0 0.0 0.09776767678460763 0.09053459917337987 0.10088100882902303 0.10594743237818743 0.10632616608229113 0.0 0.0 0.0 0.0 0.0 0.10390588975470472 0.1096221327261969 
0.0 0.0 0.0 0.10702279876113166 0.10473093183044693 0.10844802581519553 0.1095463112022965 0.10432503008971705 0.0 0.0 0.10414385050112854 0.09152982952147377 0.09568517129021925 0.0 0.0 0.0982179339385408 0.09404200634070793 0.10097960181605417 0.0 0.0 0.09149321799870071 0.09950605429308226 0.09379086905771915 0.0 0.0 
0.0 0.0 0.0 0.09019499082637783 0.09635827494625834 0.0 0.0 0.0 0.10845101359000625 0.0994611972456496 0.09239151322352802 0.10826885173402197 0.09215749840951494 0.0 0.0 0.0 0.0 0.0 0.10487595907835606 0.09571146292766297 0.09143646562649671 0.09513486073398825 0.09618537329316902 0.0 0.0 
rate 
0.0 0.0 0.0 0.10880817823070624 0.10833807259794498 0.0 0.0 0.0 0.09399700013709807 0.10981133091881096 0.0 0.0 0.0 0.10871605484889986 0.09159172620907025 0.0 0.0 0.0 0.10607843090238177 0.09290988283841368 0.10259638600738896 0.10168310087232131 0.0999055950150669 0.0 0.0 
0.09240811356836218 0.0903837069222876 0.09227197555848321 0.0 0.0 0.0 0.0 0.0 0.10680931564013525 0.10139596265630682 0.10754432697733485 0.10497960186356275 0.09032328359337102 0.0 0.0 0.0 0.0 0.0 0.10921618915653478 0.10783176593422437 0.0 0.0 0.0 0.1033283043796771 0.1016029632340255 
0.10897406257400033 0.10502073795988531 0.09934225075613706 0.0 0.0 0.0 0.0 0.0 0.1000194657883084 0.10346211637948455 0.0 0.0 0.0 0.09568449025463892 0.09204600290895537 0.09301180813343861 0.09570246279361024 0.09259617939738701 0.0 0.0 0.09735300633605276 0.0972657248073841 0.09949754523062339 0.0 0.0 
0.09086750502799194 0.10537509596933894 0.10886201869609652 0.0 0.0 0.0 0.0 0.0 0.09764593172522124 0.09750651923470356 0.09422998342475686 0.101314379259132 0.09694075389779781 0.0 0.0 0.0 0.0 0.0 0.09116923425161745 0.09242224092830033 0.0 0.0 0.0 0.10046853061454522 0.10445642591072411 
0.10893850444928002 0.10037049105611813 0.09346905166310826 0.0 0.0 0.0 0.0 0.0 0.10307744676576432 0.10521940869984799 0.10788470849514671 0.10099763483949287 0.10431920742590424 0.0 0.0 0.09121159010740079 0.10206981106526902 0.099721566741644 0.0 0.0 0.0 0.0 0.0 0.09735003326068759 0.09314737632647044 
0.10720883186066055 0.10127693865976357 0.1027637077939083 0.0 0.0 0.10459895936127657 0.0945507099834823 0.09990452349055313 0.0 0.0 0.0 0.0 0.0 0.10043453051857675 0.09977492577561498 0.09061361229369183 0.10674435998958816 0.10627521181350544 0.0 0.0 0.0 0.0 0.0 0.09008242423327162 0.10212693245435774 
0.09847119825976894 0.09639704709509042 0.09486478575430006 0.0 0.0 0.09251549020912388 0.10664052625560094 0.0966647883092901 0.0 0.0 0.09363680229744988 0.10156964934490174 0.09289950610248503 0.0 0.0 0.0 0.0 0.0 0.1097780446818371 0.1082410980225175 0.0 0.0 0.0 0.09825442755664822 0.09476026866184473 
0.0 0.0 0.0 0.09652630497181718 0.10605535641276737 0.10594541632400654 0.108867439428955 0.09915271058416417 0.0 0.0 0.0 0.0 0.0 0.10770560208117581 0.09579851921026035 0.10897761836768097 0.09335776151688831 0.09873208720450846 0.0 0.0 0.0 0.0 0.0 0.10902730913461992 0.10699974859889552 
0.0 0.0 0.0 0.09607683102043028 0.09729663262270724 0.10171431132838292 0.10415809429888823 0.10395608444795319 0.0 0.0 0.1044279482583596 0.0923343093461747 0.10510792814567016 0.0 0.0 0.09671883413329996 0.09028551309608207 0.10344647722642941 0.0 0.0 0.10055335412491076 0.0929139050595144 0.09312984222108217 0.0 0.0 
0.0 0.0 0.0 0.1016883263829615 0.09036349006480887 0.0 0.0 0.0 0.10558809516249955 0.09646519383663678 0.09423673022689803 0.09119091124782959 0.10171530155200577 0.0 0.0 0.0 0.0 0.0 0.10890316778047533 0.10423590525142486 0.10172883620497149 0.1083249759039477 0.09416773980477468 0.0 0.0 
ability 
0.0 0.0 0.0 0.16161893319001686 0.1350749267826926 
0.0 0.0 0.0 0.14814236164262337 0.15623384511652932 
0.0 0.0 0.0 0.16376508992589017 0.13708140300860777 
0.0 0.0 0.0 0.0 0.15968027589002926 
0.0 0.0 0.0 0.15692874661160167 0.0 
0.0 0.0 0.0 0.13732853082575622 0.13666600861590716 
0.0 0.0 0.0 0.16418420851829751 0.15835326855160084 
0.0 0.0 0.0 0.1389595938421758 0.16022696856156518 
0.0 0.0 0.0 0.0 0.14491577964051078 
0.0 0.0 0.0 0.14996203694081944 0.0 
0.0 0.0 0.0 0.14362467998418446 0.15991404148524604 
0.0 0.0 0.0 0.1473524036071123 0.1392434949855537 
0.13534983757245092 0.1492718894587588 0.0 0.0 0.0 
0.13582247983928858 0.1445949463088835 0.14781273457517088 0.0 0.0 
0.14541122752524283 0.14634242397464256 0.145368484448578 0.0 0.0 
0.0 0.16376526845231812 0.14325718629759687 0.0 0.0 
0.16413185502968763 0.0 0.1617849850443977 0.0 0.0 
0.1647967784848123 0.15141061457574156 0.0 0.0 0.0 
0.160371654273961 0.14811720334863965 0.16261204267206128 0.0 0.0 
0.15514060063343685 0.13713396339633033 0.16283067008478688 0.0 0.0 
0.0 0.145306599221248 0.14316106318013153 0.0 0.0 
0.136045196047436 0.0 0.1462845393729618 0.0 0.0 
0.15440765038601803 0.14520103161998912 0.0 0.0 0.0 
0.1494643174275226 0.1371023860588254 0.16468317151011067 0.0 0.0 
0.16240736954861598 0.14829257733830892 0.14541194468036542 0.0 0.0 
