file_name
position_num 10
robot_num 50
position_x
19.014108928174423 -18.338277896031332 -18.211746150575312 20.65170383997927 0.9873828500433248 -2.4527826496556067 17.239575085490763 19.856626717525735 12.440839020798613 -16.59490251972833 
position_y
14.25693916977918 0.8949314573318681 10.734737954748155 -11.317978053963383 -1.2090847200702264 7.062401084032238 15.265273752740029 15.838527460006446 26.722868867265987 11.28350320934043 
distance
0.0 23.76545082305964 18.360101810866777 21.14006378443796 23.54972396280286 1.561028748251286 7.4762057086593945 23.026756868355726 25.39969638992827 29.476875615277127 20.067591642109956 
23.76545082305964 0.0 39.67044304734447 37.39211397799332 25.6272922505764 23.752068290095586 22.640424295528852 2.041006856927351 1.7919982547863793 14.09280953173979 35.732940233175604 
18.360101810866777 39.67044304734447 0.0 9.840620010406047 40.85797149278861 19.439857184329842 17.040734749971826 38.37043602126509 41.01416584461855 40.18004963948354 10.533839791326328 
21.14006378443796 37.39211397799332 9.840620010406047 0.0 44.6843376199001 22.611091403775742 16.181192437992294 35.739640904738195 38.40897916033121 34.57168361194087 1.7074327603915125 
23.54972396280286 25.6272922505764 40.85797149278861 44.6843376199001 0.0 22.110523386642498 29.523814679105836 26.801341370457703 27.16814199316771 38.916890106523994 43.56760999424325 
1.561028748251286 23.752068290095586 19.439857184329842 22.611091403775742 22.110523386642498 0.0 8.958360121851955 23.141699149988817 25.42969612820454 30.188999477632855 21.56853059432059 
7.4762057086593945 22.640424295528852 17.040734749971826 16.181192437992294 29.523814679105836 8.958360121851955 0.0 21.332512116204512 23.973529996217678 24.664832452668225 14.75863332330562 
23.026756868355726 2.041006856927351 38.37043602126509 35.739640904738195 26.801341370457703 23.141699149988817 21.332512116204512 0.0 2.67910041947509 12.421930350271095 34.06796694078408 
25.39969638992827 1.7919982547863793 41.01416584461855 38.40897916033121 27.16814199316771 25.42969612820454 23.973529996217678 2.67910041947509 0.0 13.170527515354651 36.73502728539266 
29.476875615277127 14.09280953173979 40.18004963948354 34.57168361194087 38.916890106523994 30.188999477632855 24.664832452668225 12.421930350271095 13.170527515354651 0.0 32.885381231292016 
20.067591642109956 35.732940233175604 10.533839791326328 1.7074327603915125 43.56760999424325 21.56853059432059 14.75863332330562 34.06796694078408 36.73502728539266 32.885381231292016 0.0 
lay
0 1 
2 3 
4 
0 1 
2 3 
4 
0 1 
2 3 4 
0 1 2 3 4 
0 1 
2 3 4 
0 1 
2 3 4 
0 1 
2 3 
4 
0 1 2 3 4 
0 1 2 3 
4 
0 1 2 3 4 
edge
0 3 3 4 2 4 
1 3 1 2 3 4 2 4 
1 2 1 3 0 4 

1 3 1 2 1 4 
0 4 0 2 1 3 
1 2 2 4 0 3 3 4 

3 4 0 4 

demand 
0.0 0.0 0.0 0.0968362794365864 0.10311036123964433 0.0 0.0 0.0 0.09554306513369787 0.09471164436957034 0.0 0.0 0.0 0.10415801571350945 0.09596169539303254 0.10361726008310723 0.10808691026808066 0.10789070631226766 0.0 0.0 0.0 0.0 0.0 0.10141891506118211 0.10308017166678474 
0.1010202889887454 0.09716634042206333 0.09904501835593578 0.0 0.0 0.0 0.0 0.0 0.0902907789936004 0.09073945545114383 0.0 0.0 0.0 0.0977990710317373 0.0902472260054234 0.0 0.0 0.0 0.10027986697400565 0.09851369982110414 0.09385833113409303 0.09531854177351774 0.09241272408187431 0.0 0.0 
0.09778121122917341 0.10517778839273384 0.09445503636483087 0.0 0.0 0.0 0.0 0.0 0.10706035573182074 0.09614760906656045 0.09448998386499989 0.09160788018649571 0.10959884485786434 0.0 0.0 0.09450045426222985 0.09393957198312895 0.099045382559238 0.0 0.0 0.0 0.0 0.0 0.09537812210598995 0.0985563427566846 
0.0 0.0 0.0 0.09733753743466048 0.0978465615803025 0.0 0.0 0.0 0.09387408032800626 0.09029623839847682 0.10263899960442623 0.09643648312071867 0.10963087436244452 0.0 0.0 0.10154244776929484 0.09963264900383036 0.09825371348367884 0.0 0.0 0.10188766329450867 0.09925503444567585 0.10317756448557901 0.0 0.0 
0.09147955147116632 0.10156627905269298 0.10708124100915291 0.0 0.0 0.0 0.0 0.0 0.09257202500870151 0.09125858541115155 0.09647562584871833 0.0999634922993535 0.09258373683365162 0.0 0.0 0.1033290429422164 0.10833679395513812 0.10417124469359951 0.0 0.0 0.0 0.0 0.0 0.09330541148016301 0.10063702333161653 
0.0 0.0 0.0 0.10540383813476323 0.10034778809893724 0.09989145134697114 0.0929898340685914 0.09389143088707434 0.0 0.0 0.10411299773719854 0.09175041487896844 0.09185630019909193 0.0 0.0 0.0 0.0 0.0 0.09283955382911357 0.09533436794149035 0.0 0.0 0.0 0.10535266300830007 0.10086470227155603 
0.09332071935636513 0.0928311766606239 0.10153364819866734 0.0 0.0 0.10450627310884458 0.09551221201060049 0.0947133852633324 0.0 0.0 0.0 0.0 0.0 0.0997731860899797 0.1064882823206807 0.0 0.0 0.0 0.09651205777052521 0.10154557473029727 0.0 0.0 0.0 0.09110945033668849 0.10704209081086308 
0.1086897026661629 0.09557783540475048 0.10809422994041598 0.0 0.0 0.0 0.0 0.0 0.09041632218346422 0.1071364221360826 0.10431876096556461 0.10334351072779208 0.09008438040515115 0.0 0.0 0.1010532524820093 0.09702290595097075 0.0955398295435119 0.0 0.0 0.0958887482975579 0.09074191802594421 0.09073297983596974 0.0 0.0 
0.0 0.0 0.0 0.10662114252974707 0.09780418895077295 0.10318615411477938 0.091363844226998 0.09025676615174788 0.0 0.0 0.0968248251256811 0.0931895320731147 0.1022434832522168 0.0 0.0 0.10326766550363352 0.10280846399472139 0.09181208951931263 0.0 0.0 0.09593035084788813 0.0997409977569914 0.09596197977293736 0.0 0.0 
0.0 0.0 0.0 0.09867819529119506 0.10749751172610374 0.0 0.0 0.0 0.10988706180796899 0.09445420674645397 0.0 0.0 0.0 0.10914406525973037 0.09310367824696288 0.10544793888489573 0.10123697746465506 0.09180265655005068 0.0 0.0 0.0 0.0 0.0 0.10756465110179772 0.09959243719286205 
rate 
0.0 0.0 0.0 0.10645150516106472 0.09279999673150091 0.0 0.0 0.0 0.10751063578109038 0.10246193852162261 0.0 0.0 0.0 0.09032800374538844 0.10659772280730512 0.09056628301058017 0.1006010257555547 0.0909847894281293 0.0 0.0 0.0 0.0 0.0 0.10886000962272656 0.09011381032822635 
0.10757312451855183 0.09864355526967283 0.10950225636938078 0.0 0.0 0.0 0.0 0.0 0.10143506750205306 0.10323839236831092 0.0 0.0 0.0 0.09356268219331225 0.1043413602284945 0.0 0.0 0.0 0.10225714442528755 0.1061177185025145 0.09400073165747856 0.10278440973201136 0.108781959383064 0.0 0.0 
0.10662228937801294 0.09190296276709758 0.0970951117528103 0.0 0.0 0.0 0.0 0.0 0.09499417618702516 0.1034709829133784 0.09340138131795961 0.09922452385104276 0.10189550046935732 0.0 0.0 0.1053683016917077 0.10896368649765314 0.10679372103588786 0.0 0.0 0.0 0.0 0.0 0.10468410947609669 0.10626595922600807 
0.0 0.0 0.0 0.0970335427349041 0.09562262837474092 0.0 0.0 0.0 0.10502399774259748 0.10427166743179524 0.10650646846231455 0.1039710780707053 0.0940788145624111 0.0 0.0 0.09739221418218602 0.09588378870792402 0.09976552258791944 0.0 0.0 0.10713701466390875 0.10424080284133924 0.09734252673847288 0.0 0.0 
0.0975527766845792 0.10766825042645847 0.09668595996053675 0.0 0.0 0.0 0.0 0.0 0.09137283178011295 0.09663127207674484 0.10527730479743086 0.1065547924276502 0.09343916625781706 0.0 0.0 0.09737419913677975 0.09440694738919815 0.10934777059927481 0.0 0.0 0.0 0.0 0.0 0.10688089283394153 0.09116824195323457 
0.0 0.0 0.0 0.09655468981407692 0.09867714038848857 0.09169627064260755 0.0923665426805261 0.09348283000003416 0.0 0.0 0.10370276121160008 0.09399747346118742 0.10968940734019028 0.0 0.0 0.0 0.0 0.0 0.10480111697523387 0.09972257498381484 0.0 0.0 0.0 0.10526284461465794 0.10089471046444287 
0.10836782249288582 0.10907611388626418 0.10299618040997559 0.0 0.0 0.10159586515299722 0.09787495456624219 0.10803342178361171 0.0 0.0 0.0 0.0 0.0 0.10996773538983476 0.09196761536949427 0.0 0.0 0.0 0.10877901910700359 0.10786414744476235 0.0 0.0 0.0 0.09942348513258993 0.09665221374609151 
0.09735428579657111 0.09844721633764425 0.10593449475177462 0.0 0.0 0.0 0.0 0.0 0.09372339770574319 0.10681871148312339 0.09619795923042768 0.10579046114241497 0.09480334799845613 0.0 0.0 0.10318442624599655 0.1009932222608593 0.10536323331020243 0.0 0.0 0.10594162495056517 0.0939912482627466 0.0926025717086189 0.0 0.0 
0.0 0.0 0.0 0.09666718652304485 0.09384152117975532 0.09680422659670403 0.09139393234764624 0.09367709234499838 0.0 0.0 0.10931511557257044 0.09017583161220089 0.10237891418612877 0.0 0.0 0.098871471712775 0.09713956877190112 0.09130338902156769 0.0 0.0 0.101082613865004 0.10391241785664627 0.09128299550590944 0.0 0.0 
0.0 0.0 0.0 0.09128325261120064 0.10871072220765168 0.0 0.0 0.0 0.10038760376855023 0.09823340728075584 0.0 0.0 0.0 0.10990640329080675 0.10707589061446186 0.10784737488131857 0.09571674437186956 0.1059558650121901 0.0 0.0 0.0 0.0 0.0 0.09860977847843588 0.09480923905829332 
ability 
0.0 0.0 0.0 0.1528764247523901 0.1405352224565445 
0.0 0.0 0.0 0.1500977991039939 0.13653881207145566 
0.0 0.0 0.0 0.1447004811318639 0.1398153815405119 
0.0 0.0 0.0 0.0 0.13859502637318388 
0.0 0.0 0.0 0.1612340679105176 0.0 
0.0 0.0 0.0 0.1503972775384399 0.14381645411967678 
0.0 0.0 0.0 0.15134757809429006 0.161433496782428 
0.0 0.0 0.0 0.13620435464452021 0.1577540903329395 
0.0 0.0 0.0 0.0 0.15350706762535096 
0.0 0.0 0.0 0.14816398269143685 0.0 
0.0 0.16162924102792306 0.16475328315820628 0.0 0.0 
0.15671813770060333 0.0 0.15206430830935544 0.0 0.0 
0.16200727922704591 0.14946469221991945 0.0 0.0 0.0 
0.1385048218418497 0.1352160597467592 0.14140272721703692 0.0 0.0 
0.1394588826436501 0.1401469052452127 0.14104651141855307 0.0 0.0 
0.0 0.14342038814801875 0.14238907828186304 0.0 0.0 
0.1546975765451212 0.0 0.14351318791364917 0.0 0.0 
0.15223009206921234 0.1568154338906168 0.0 0.0 0.0 
0.1378235974999089 0.1382397682122556 0.16143522902237623 0.0 0.0 
0.16222059103438616 0.13830271934779725 0.15228557441239177 0.0 0.0 
0.0 0.13729150180069633 0.14867916493265995 0.0 0.0 
0.15683235828546463 0.0 0.16156702539683487 0.0 0.0 
0.15869895147386212 0.14142230174606138 0.0 0.0 0.0 
0.15678923688445107 0.14435478732595453 0.16471064057035617 0.0 0.0 
0.14943915178358952 0.14630971555687058 0.14096958428493098 0.0 0.0 
0.0 0.15546545813360332 0.13548724572998777 0.0 0.0 
0.15298696725363056 0.0 0.15162843370624954 0.0 0.0 
0.1609275412976909 0.15569114805148265 0.0 0.0 0.0 
0.144199454788467 0.14028853622098353 0.1443673571027535 0.0 0.0 
0.15282474061293605 0.15977081812512367 0.1461117306612412 0.0 0.0 
0.0 0.13782442823747978 0.1469321519589084 0.0 0.0 
0.14537421224939504 0.0 0.14046555879740022 0.0 0.0 
0.16359591676900054 0.13606700512547334 0.0 0.0 0.0 
0.14772862210065815 0.15496714821544347 0.16489823191749867 0.0 0.0 
0.15310711510557598 0.1577067165964488 0.14372840449301985 0.0 0.0 
0.0 0.1545312881690298 0.14170974762039362 0.0 0.0 
0.1569205561037333 0.0 0.1521596558933723 0.0 0.0 
0.14012061597661332 0.14898983336170835 0.0 0.0 0.0 
0.1586576939952996 0.14657090707058337 0.14936701393565568 0.0 0.0 
0.14730310700000718 0.15058277906547468 0.1423290630202125 0.0 0.0 
0.0 0.15437215872178542 0.1439684702929155 0.0 0.0 
0.13918291130113278 0.0 0.16000646703857285 0.0 0.0 
0.16099770622527798 0.147294311192494 0.0 0.0 0.0 
0.16016346855655814 0.15655432931974825 0.15505132678086314 0.0 0.0 
0.146679407010604 0.15248481937112426 0.16189508695002922 0.0 0.0 
0.0 0.14645288800349313 0.13587684967863825 0.0 0.0 
0.14825172534623937 0.0 0.14162380939312463 0.0 0.0 
0.1638274256952628 0.13931820608615306 0.0 0.0 0.0 
0.14491616353353973 0.16402438085683083 0.13548034680577883 0.0 0.0 
0.1410630927791405 0.14735411432061052 0.1603982584579672 0.0 0.0 
