file_name
position_num 5
robot_num 25
position_x
-2.5341435482719774 -26.26332606305898 -19.640726182922396 10.944198406546981 -26.003551777151824 
position_y
25.983265556264534 13.640318061667543 -8.820728018265086 -28.823712898870745 20.165344972005435 
distance
0.0 26.106550375157024 29.59426587563893 21.530521771771813 30.831508299763627 32.9063191935379 
26.106550375157024 0.0 26.747382220966063 38.78083467606161 56.4399733277107 24.179770936436903 
29.59426587563893 26.747382220966063 0.0 23.417032693687773 56.45877967662674 6.530195928167259 
21.530521771771813 38.78083467606161 23.417032693687773 0.0 36.545273514878325 29.676219047241705 
30.831508299763627 56.4399733277107 56.45877967662674 36.545273514878325 0.0 61.36011762303809 
32.9063191935379 24.179770936436903 6.530195928167259 29.676219047241705 61.36011762303809 0.0 
lay
0 1 2 
3 
4 
0 1 2 3 4 
0 1 
2 3 4 
0 1 2 3 
4 
0 1 
2 
3 4 
edge
1 3 3 4 

0 4 0 2 0 3 1 4 
0 4 3 4 
0 2 2 3 2 4 
demand 
0.09531215415342421 0.09432544289686502 0.09640952685195397 0.0 0.0 0.0 0.0 0.0 0.09633370444944772 0.09087297394368861 0.0 0.0 0.0 0.10916243159110757 0.10232823144361963 0.10272005421118091 0.10575215533565659 0.09624622692850972 0.0 0.0 0.09106003747735829 0.10903937104706196 0.10472031025023094 0.0 0.0 
0.10056797203457718 0.09130933596430184 0.10110657891399724 0.0 0.0 0.0 0.0 0.0 0.1078637068451553 0.0957515982853738 0.0 0.0 0.0 0.10861409942467325 0.10945801323345326 0.10829345920735325 0.09818784202790619 0.09397210351931456 0.0 0.0 0.09249683634192395 0.10388566309814642 0.1085482160186895 0.0 0.0 
0.0 0.0 0.0 0.10397362950972673 0.09733396803807 0.1087398496653793 0.09041738484683642 0.10961338333589632 0.0 0.0 0.10895080145865106 0.10567298182999232 0.10946535937467919 0.0 0.0 0.0 0.0 0.0 0.09185681717694338 0.10880280229247091 0.0 0.0 0.0 0.10220625583734139 0.10556899676315423 
0.09812621363390908 0.09119887812538616 0.0933702455154085 0.0 0.0 0.10691430272147658 0.09804933064444207 0.10735122460522287 0.0 0.0 0.10178347225306628 0.10106252620209433 0.0952545664715395 0.0 0.0 0.09636718846566306 0.10700921762947457 0.09254962151451078 0.0 0.0 0.0 0.0 0.0 0.10237423548763057 0.09101019661274054 
0.0 0.0 0.0 0.09243035251363634 0.0947049362001861 0.0 0.0 0.0 0.1093958739032218 0.09675629168013059 0.0 0.0 0.0 0.10334312300659182 0.09894731712697438 0.0 0.0 0.0 0.09220339285496071 0.10757423208493194 0.0 0.0 0.0 0.09873374073533711 0.09910017950003738 
rate 
0.09631318268583189 0.09974997492608693 0.09116004968708648 0.0 0.0 0.0 0.0 0.0 0.10094991385644458 0.09061866206674794 0.0 0.0 0.0 0.10605712951203793 0.09466476484720951 0.09239756978538523 0.10810865865955206 0.09703751435559298 0.0 0.0 0.09117144965445598 0.10974434888079002 0.09473206827990417 0.0 0.0 
0.10094662444060441 0.10349540532504005 0.10382562302373151 0.0 0.0 0.0 0.0 0.0 0.10528911171193499 0.10788561333952398 0.0 0.0 0.0 0.09995870812423324 0.10778911563935843 0.10478660264556655 0.10299776867298699 0.09768470085418912 0.0 0.0 0.10455420398101314 0.10857110350812096 0.10381583121297938 0.0 0.0 
0.0 0.0 0.0 0.09340374232718056 0.09587045961602753 0.10219310915967483 0.10639625040190914 0.10595997728442266 0.0 0.0 0.09726184216294732 0.1026729486548464 0.10160475512584433 0.0 0.0 0.0 0.0 0.0 0.0943605133205187 0.09943106176253623 0.0 0.0 0.0 0.09649664347454923 0.10507053684890887 
0.09622845548885497 0.09957875080471149 0.09321872876030808 0.0 0.0 0.10091820868153406 0.0910874779907011 0.09309413889559122 0.0 0.0 0.0904219991350502 0.10942739025572024 0.10521777800103643 0.0 0.0 0.10673943036988603 0.10787793407559848 0.09704271337006633 0.0 0.0 0.0 0.0 0.0 0.09818659843234302 0.09171651449755891 
0.0 0.0 0.0 0.10809934089884093 0.09542199175749297 0.0 0.0 0.0 0.09374547804164331 0.10078350861589401 0.0 0.0 0.0 0.10999675793318026 0.10069360929356759 0.0 0.0 0.0 0.10563700658740348 0.09117464359028234 0.0 0.0 0.0 0.09051210387039821 0.09572301032297856 
ability 
0.0 0.0 0.0 0.15031086432138854 0.13523443291325288 
0.0 0.0 0.0 0.1544041772382224 0.14944068381644027 
0.0 0.0 0.0 0.15750416846245074 0.155566504992611 
0.0 0.0 0.0 0.0 0.1473420259797677 
0.0 0.0 0.0 0.1407991317369265 0.0 
0.0 0.0 0.0 0.13823585651986078 0.14508710989610912 
0.0 0.0 0.0 0.13607354513347023 0.16185154605573449 
0.0 0.0 0.0 0.15998584633525478 0.16052720735021384 
0.0 0.0 0.0 0.0 0.14087316313752424 
0.0 0.0 0.0 0.1513518703986492 0.0 
0.0 0.0 0.0 0.14365457965788972 0.15173534114329426 
0.0 0.0 0.0 0.15079940345552714 0.14640187701726307 
0.1556704728647697 0.16005893361955895 0.0 0.0 0.0 
0.15529373680768024 0.15803566849317727 0.14083508163123376 0.0 0.0 
0.13978323521992783 0.1636100185242856 0.14854830758784843 0.0 0.0 
0.0 0.16242807952480348 0.1371098647151864 0.0 0.0 
0.156355628871254 0.0 0.15548409240204988 0.0 0.0 
0.15863932540353606 0.13740821023260738 0.0 0.0 0.0 
0.14470137847372824 0.13501743792693285 0.1477907957916752 0.0 0.0 
0.14386253055009757 0.16374298914216293 0.14963178832189045 0.0 0.0 
0.0 0.15994885592603217 0.16209015328386184 0.0 0.0 
0.14192539601893048 0.0 0.1424090648313635 0.0 0.0 
0.15563836047240318 0.14086356975469838 0.0 0.0 0.0 
0.14675309368674525 0.145195149219942 0.14637485542738746 0.0 0.0 
0.15480800887300278 0.1440329323995195 0.14366555599645162 0.0 0.0 
