file_name
position_num 10
robot_num 100
position_x
12.217881219486173 -0.4398106952178473 -4.359587247437904 -8.93503614391545 6.230500754561021 25.981712585338684 -10.497107004927408 -25.369646691593992 -4.941017815958762 11.926161157952059 
position_y
-18.77327192267592 12.652799157450282 25.82293306431432 -0.1240554300331489 20.248765541955592 -16.847701254203542 29.544569516544698 16.10439175935994 -7.053524080587202 8.789967887506151 
distance
0.0 22.398936585833823 12.660440749294732 26.188353766742974 8.93589730484836 21.18564716088875 30.966020513104976 31.353960569453395 30.049466005159665 8.611960230577324 14.815426265512366 
22.398936585833823 0.0 33.879420126984286 47.57766240593915 28.199985616527485 39.478704800472784 13.897873084285472 53.39086524285697 51.27644369867545 20.779323992631145 27.564783500472252 
12.660440749294732 33.879420126984286 0.0 13.741072568910477 15.343300445924136 10.108994022729746 39.60273244364558 19.659122943958568 25.167642207719204 20.213857650281028 12.95525859616274 
26.188353766742974 47.57766240593915 13.741072568910477 0.0 26.347313801032495 11.967510495395457 52.358165635239004 7.1777243368733465 23.148923148671017 32.881598134922776 23.565812182864004 
8.93589730484836 28.199985616527485 15.343300445924136 26.347313801032495 0.0 25.397742887425164 38.71510908513835 29.70971847048578 23.096729682636617 7.998107162514476 22.685884698928508 
21.18564716088875 39.478704800472784 10.108994022729746 11.967510495395457 25.397742887425164 0.0 42.02687494381171 19.137001669260627 31.870757014363548 29.499455008604418 12.796272547752826 
30.966020513104976 13.897873084285472 39.60273244364558 52.358165635239004 38.71510908513835 42.02687494381171 0.0 59.01649825231588 61.0147730763883 32.436725512596254 29.23779411904536 
31.353960569453395 53.39086524285697 19.659122943958568 7.1777243368733465 29.70971847048578 19.137001669260627 59.01649825231588 0.0 20.045718118246512 37.01743618918254 30.554155918377017 
30.049466005159665 51.27644369867545 25.167642207719204 23.148923148671017 23.096729682636617 31.870757014363548 61.0147730763883 20.045718118246512 0.0 30.88070504034052 38.0062900021484 
8.611960230577324 20.779323992631145 20.213857650281028 32.881598134922776 7.998107162514476 29.499455008604418 32.436725512596254 37.01743618918254 30.88070504034052 0.0 23.14126107801772 
14.815426265512366 27.564783500472252 12.95525859616274 23.565812182864004 22.685884698928508 12.796272547752826 29.23779411904536 30.554155918377017 38.0062900021484 23.14126107801772 0.0 
lay
0 1 2 3 
4 
0 1 2 3 4 
0 1 2 3 
4 
0 
1 2 
3 4 
0 1 2 
3 4 
0 1 2 3 
4 
0 1 2 3 
4 
0 1 2 3 
4 
0 1 2 3 4 
0 
1 2 
3 
4 
edge
1 4 2 4 

0 4 
0 1 0 2 1 3 1 4 
1 4 2 3 0 4 
0 4 1 4 
1 4 3 4 
1 4 

0 1 0 2 1 3 3 4 2 3 
demand 
0.09949285118810608 0.1050430015449264 0.09143404473256568 0.0 0.0 0.0 0.0 0.0 0.09108335576050898 0.10269574768680811 0.10046327120757872 0.10169188791455937 0.09602823257456572 0.0 0.0 0.09818055927646897 0.09711841217506324 0.0923915589999686 0.0 0.0 0.10935059901940102 0.1024162507846286 0.10518978797815821 0.0 0.0 
0.09997101963719254 0.0999653468587564 0.09104489207985071 0.0 0.0 0.09784916348436969 0.10850505205258416 0.10993995906612818 0.0 0.0 0.1043322227318338 0.10480880312396579 0.09915077027399417 0.0 0.0 0.0 0.0 0.0 0.09018701557056531 0.10959843702024706 0.10738196448606663 0.10023651455525201 0.09493613680228834 0.0 0.0 
0.0 0.0 0.0 0.09812983231706135 0.10008409786508908 0.10131303464771187 0.09518765896457876 0.09921220753362286 0.0 0.0 0.105981226569586 0.10748868911968393 0.10824376198733872 0.0 0.0 0.0 0.0 0.0 0.09144545784253083 0.09889599480498637 0.09320795969486792 0.09854496184014411 0.10616752441339727 0.0 0.0 
0.0 0.0 0.0 0.1040455705168819 0.0904949822879726 0.0 0.0 0.0 0.09117842304115821 0.09707680605132753 0.0 0.0 0.0 0.10645318293585387 0.09862872373552342 0.10677128713913969 0.09340125001446575 0.09015880699863679 0.0 0.0 0.0 0.0 0.0 0.09533395106229238 0.09724353612927124 
0.09575728707900648 0.0994135414392947 0.0900827115522689 0.0 0.0 0.09050593872325735 0.1071351751841458 0.09335455991558295 0.0 0.0 0.09152917323707481 0.09193011791058212 0.0979368241503471 0.0 0.0 0.0 0.0 0.0 0.0979704764173353 0.10818354641822459 0.0 0.0 0.0 0.10387934718294632 0.10296435416213814 
0.09987377305222139 0.09566813787957368 0.09880381171814345 0.0 0.0 0.09540864107316813 0.09970492118523831 0.10102194370778239 0.0 0.0 0.0 0.0 0.0 0.1043278539405522 0.10386196376287256 0.0 0.0 0.0 0.10208556541554102 0.0984584386513891 0.10166516019843708 0.09345164997707214 0.09060065577097698 0.0 0.0 
0.0 0.0 0.0 0.09145234785704785 0.09360458094540203 0.0 0.0 0.0 0.09424290182182363 0.09449584319369211 0.0 0.0 0.0 0.09919875808662365 0.10078370407698534 0.0 0.0 0.0 0.09306597085849952 0.09132911502130664 0.1085942025118249 0.10671929151972187 0.10198696632326383 0.0 0.0 
0.0 0.0 0.0 0.10381466040681875 0.1074807194147083 0.0 0.0 0.0 0.09649189215021059 0.10120313896681968 0.09544285946645385 0.10252082896300299 0.10105910536769776 0.0 0.0 0.0 0.0 0.0 0.10266130325619774 0.10327834270304784 0.0 0.0 0.0 0.09221753051446634 0.09534404826632072 
0.1061273283937043 0.09376330046742275 0.1006466731362459 0.0 0.0 0.0 0.0 0.0 0.10625856714013165 0.10642541142803258 0.09866632622908199 0.09710190019518412 0.10396014075720422 0.0 0.0 0.0 0.0 0.0 0.1099688433419295 0.10266719906013799 0.0 0.0 0.0 0.09910325941700227 0.09080881432541951 
0.1099660646999571 0.10039480950774715 0.09266097728594272 0.0 0.0 0.10592527448969678 0.10702963004960171 0.10578956593388283 0.0 0.0 0.1098745913613751 0.10766160505027036 0.10098964553925455 0.0 0.0 0.0 0.0 0.0 0.09843112683342398 0.10204827192423616 0.0 0.0 0.0 0.09409041926441243 0.09226928072014398 
rate 
0.1049109988339986 0.0970144220214808 0.10818206876252384 0.0 0.0 0.0 0.0 0.0 0.098380799135176 0.10804609249226914 0.09331920947970623 0.10622343923226563 0.09575444953590283 0.0 0.0 0.10216947977062892 0.09745637551600422 0.10750005337961313 0.0 0.0 0.10437293340149333 0.10016615735781936 0.09855360770612853 0.0 0.0 
0.09229674974269961 0.10790924072930719 0.09012482887704383 0.0 0.0 0.09315795202001785 0.09276416223867583 0.10519043615035739 0.0 0.0 0.09097932071214818 0.09338612602092161 0.10634591592816078 0.0 0.0 0.0 0.0 0.0 0.09792995077395732 0.09044258656703734 0.09615877697257386 0.10886737682968298 0.1011316220961551 0.0 0.0 
0.0 0.0 0.0 0.09656874756079725 0.0968665879714829 0.1023825439357107 0.09105699869111238 0.09916339240514482 0.0 0.0 0.09787882664146003 0.10844168701234747 0.101742182153054 0.0 0.0 0.0 0.0 0.0 0.0947487128876467 0.10612379821375667 0.10594602477442311 0.10352166898456075 0.0922755193274249 0.0 0.0 
0.0 0.0 0.0 0.09202583589204033 0.09758619529436145 0.0 0.0 0.0 0.09461815128153253 0.10788776986777991 0.0 0.0 0.0 0.09705388150390717 0.09697652958838417 0.10881235431186807 0.10264405938560837 0.09686529237696886 0.0 0.0 0.0 0.0 0.0 0.10380920024378032 0.10096812218133099 
0.09682397187982723 0.09602140828235056 0.10821818934468937 0.0 0.0 0.10601496353891593 0.09783262431074448 0.10556482022415503 0.0 0.0 0.10751904957893876 0.10266262444110096 0.10711041653747862 0.0 0.0 0.0 0.0 0.0 0.09683585049154207 0.10724161503031233 0.0 0.0 0.0 0.09222480518996945 0.09873296514898533 
0.09483118126548264 0.09404971096150755 0.0970197101830169 0.0 0.0 0.09152275173001123 0.10869115634780294 0.10615279489454657 0.0 0.0 0.0 0.0 0.0 0.10032517864943336 0.10978491404394267 0.0 0.0 0.0 0.10874023071835764 0.10406903277098939 0.09790985825765215 0.10612372565576528 0.10172328351054948 0.0 0.0 
0.0 0.0 0.0 0.09959309352345375 0.09402099678655836 0.0 0.0 0.0 0.10156428643447023 0.09431903511661789 0.0 0.0 0.0 0.09090757218900188 0.09721570733500991 0.0 0.0 0.0 0.0944580451716594 0.09431990581325848 0.10987382609471696 0.0905012799641468 0.10073626923359752 0.0 0.0 
0.0 0.0 0.0 0.09283614444878768 0.09343671638129324 0.0 0.0 0.0 0.10600079866971984 0.0919729625942871 0.10936355773919984 0.1044457365866738 0.0980820359020709 0.0 0.0 0.0 0.0 0.0 0.09457588023224642 0.10789471646665172 0.0 0.0 0.0 0.09139127435524841 0.09379116252820034 
0.10036332419736116 0.09953688740420416 0.09659595217833183 0.0 0.0 0.0 0.0 0.0 0.09944631341084176 0.09667237103232348 0.10761081203615781 0.1026899887511755 0.10184738767483432 0.0 0.0 0.0 0.0 0.0 0.10181566269715468 0.09207751079999466 0.0 0.0 0.0 0.10183829938449028 0.09199683517752713 
0.09224658802455837 0.10863078047225848 0.09680639527138665 0.0 0.0 0.10944389284340912 0.09275275388414148 0.09356508557835025 0.0 0.0 0.09830357669314274 0.10695360563382361 0.10677960988550479 0.0 0.0 0.0 0.0 0.0 0.10895801702618729 0.09832341880092499 0.0 0.0 0.0 0.1047155830834067 0.09329208629621188 
ability 
0.0 0.0 0.0 0.15051609428609666 0.1442647965479833 
0.0 0.0 0.0 0.13512444811726332 0.13852884326013123 
0.0 0.0 0.0 0.1417330653660828 0.1462697748821811 
0.0 0.0 0.0 0.0 0.1512680703809321 
0.0 0.0 0.0 0.15702716051713372 0.0 
0.0 0.0 0.0 0.1638403723107634 0.1374662271893985 
0.0 0.0 0.0 0.1584044450792124 0.16263240267862672 
0.0 0.0 0.0 0.13978888911829607 0.14078271948598747 
0.0 0.0 0.0 0.0 0.14257631316317362 
0.0 0.0 0.0 0.1449731902307575 0.0 
0.0 0.0 0.0 0.1354930168303276 0.1394072349668522 
0.0 0.0 0.0 0.16276099344866976 0.16227979144379007 
0.0 0.0 0.0 0.13879281684787959 0.16353686382665744 
0.0 0.0 0.0 0.0 0.14097153969666967 
0.0 0.0 0.0 0.16439436081625106 0.0 
0.0 0.0 0.0 0.1626540858380463 0.1576252259145944 
0.0 0.0 0.0 0.15919763415641333 0.1576481013981263 
0.0 0.0 0.0 0.15758512098323801 0.1528942961727705 
0.0 0.0 0.0 0.0 0.15587784878410046 
0.0 0.0 0.0 0.14166316282804017 0.0 
0.0 0.0 0.0 0.16193453804586777 0.14613012820784432 
0.0 0.0 0.0 0.15118066005178543 0.15799190742272118 
0.0 0.0 0.0 0.16221277288188235 0.15802182526330114 
0.0 0.0 0.0 0.0 0.14392588152834185 
0.0 0.0 0.0 0.15861433230381697 0.0 
0.0 0.0 0.0 0.1462957442493299 0.1573684745631608 
0.0 0.0 0.0 0.14039891747356464 0.13786779780026995 
0.0 0.0 0.0 0.13815672817270178 0.13885992216820575 
0.0 0.0 0.0 0.0 0.15820736103044006 
0.0 0.0 0.0 0.14586654557248357 0.0 
0.0 0.0 0.0 0.16366794149311012 0.14953108912412583 
0.0 0.0 0.0 0.1529671231907152 0.1352625014996984 
0.0 0.0 0.0 0.1482617895680831 0.14159795545561793 
0.0 0.0 0.0 0.0 0.13681291164498227 
0.0 0.0 0.0 0.15097059103093685 0.0 
0.0 0.0 0.0 0.15100601051565593 0.13664462286571716 
0.0 0.0 0.0 0.14468321534779235 0.15460008396842323 
0.0 0.0 0.0 0.1479333722716224 0.1609562433645584 
0.0 0.0 0.0 0.0 0.1601090575484532 
0.0 0.0 0.0 0.151494611270747 0.0 
0.0 0.0 0.0 0.13792847492376215 0.1516562870651845 
0.0 0.0 0.0 0.14796270316663454 0.14513955338729745 
0.0 0.0 0.0 0.15541108538209567 0.16466917141607185 
0.0 0.0 0.0 0.0 0.1602775497959588 
0.0 0.0 0.0 0.1607516608313698 0.0 
0.0 0.0 0.0 0.15232090257602451 0.1526834109444489 
0.0 0.0 0.0 0.13594012209486434 0.1492695593383629 
0.0 0.0 0.0 0.16229441355941757 0.14146637100529233 
0.0 0.0 0.0 0.0 0.1576744821532388 
0.0 0.0 0.0 0.1368348854643973 0.0 
0.0 0.16227799479064495 0.1368597546806049 0.0 0.0 
0.13686258227895182 0.0 0.14213478617698108 0.0 0.0 
0.15782712966074022 0.14604357588140096 0.0 0.0 0.0 
0.1587418739963156 0.16107666088277098 0.15048970989691443 0.0 0.0 
0.16487436462285462 0.13503147585002223 0.15609959852800187 0.0 0.0 
0.0 0.14687404008841232 0.13679595647384374 0.0 0.0 
0.15264382128178575 0.0 0.1648991295688544 0.0 0.0 
0.15176902581459423 0.13729342668432482 0.0 0.0 0.0 
0.15625487289390969 0.1474330089460448 0.1430581244312354 0.0 0.0 
0.14529075726460333 0.1464791552033323 0.15695583698312154 0.0 0.0 
0.0 0.1515461531266476 0.15530041299530448 0.0 0.0 
0.1551387660912748 0.0 0.1350798283151936 0.0 0.0 
0.13995319203139883 0.1428040364248046 0.0 0.0 0.0 
0.1564658571096144 0.15944871205458633 0.15139642765381778 0.0 0.0 
0.1450136533618138 0.14606493492602046 0.14682782998658178 0.0 0.0 
0.0 0.14078577233068712 0.14985846726136284 0.0 0.0 
0.13989790917316475 0.0 0.14485508957654547 0.0 0.0 
0.141186184668475 0.15320750993589483 0.0 0.0 0.0 
0.1407603100537592 0.1446906689959919 0.16152463422610822 0.0 0.0 
0.1645589607469415 0.14452305372403187 0.1422047213164971 0.0 0.0 
0.0 0.13531085760061884 0.14669669130994 0.0 0.0 
0.16000431413264268 0.0 0.13964381115223157 0.0 0.0 
0.13510513013838152 0.15110958374083475 0.0 0.0 0.0 
0.1642519928880209 0.15857492541774681 0.15123878099233928 0.0 0.0 
0.16007780817146894 0.14036252754866832 0.13751260163399384 0.0 0.0 
0.0 0.13869404553694564 0.14909679151549737 0.0 0.0 
0.14052754003986687 0.0 0.16215162968843863 0.0 0.0 
0.1580265583352105 0.15985524549402677 0.0 0.0 0.0 
0.1637860915495518 0.1609500916874363 0.143820329079607 0.0 0.0 
0.15559510476247237 0.14638476265995978 0.15009613735562133 0.0 0.0 
0.0 0.14556622124521265 0.15260351715975268 0.0 0.0 
0.13533345758273232 0.0 0.13932611060545924 0.0 0.0 
0.14820900700265255 0.14973003433971738 0.0 0.0 0.0 
0.14132723578384646 0.15864589063295612 0.13938907749672397 0.0 0.0 
0.1611094850784346 0.1391290186264065 0.16413231764374633 0.0 0.0 
0.0 0.14648624078642056 0.1499971599210185 0.0 0.0 
0.15247786760716148 0.0 0.1374941523651131 0.0 0.0 
0.13888637076181035 0.16287307024989622 0.0 0.0 0.0 
0.14076257149793395 0.15282661761548563 0.14171630023329315 0.0 0.0 
0.1633659813862061 0.13844278758818634 0.14879160327660623 0.0 0.0 
0.0 0.1438823579278831 0.16092249823365626 0.0 0.0 
0.13704729310681313 0.0 0.13601253713716632 0.0 0.0 
0.1382066771376959 0.1636418766428033 0.0 0.0 0.0 
0.13579542207833448 0.143950046002237 0.14164263870600302 0.0 0.0 
0.14152173047191444 0.14033001916008395 0.14280377850186446 0.0 0.0 
0.0 0.13760804253336567 0.16294968375135915 0.0 0.0 
0.14836549322854298 0.0 0.13855610290192605 0.0 0.0 
0.15531255705873523 0.1506040191203541 0.0 0.0 0.0 
0.16120258849636104 0.16088236059597666 0.14758982459671544 0.0 0.0 
0.1570200057359528 0.15298101467379568 0.13693883008964872 0.0 0.0 
