file_name
position_num 5
robot_num 12
position_x
-0.10008144793945561 -22.46300832651316 5.888965159721373 9.579388921092026 27.85744713647518 
position_y
-16.320511994149744 25.235583857970667 -19.772709892269404 -20.05222938645465 -15.459023247092148 
distance
0.0 16.320818853458526 33.78492912127639 20.631043772341247 22.222884499284426 31.859359075719723 
16.320818853458526 0.0 47.19120258106434 6.912767144676253 10.373902897221921 27.970798476440894 
33.78492912127639 47.19120258106434 0.0 53.19380515503704 55.477033534925795 64.71629845284743 
20.631043772341247 6.912767144676253 53.19380515503704 0.0 3.700994283448529 22.387989923969002 
22.222884499284426 10.373902897221921 55.477033534925795 3.700994283448529 0.0 18.846351232098296 
31.859359075719723 27.970798476440894 64.71629845284743 22.387989923969002 18.846351232098296 0.0 
lay
0 1 2 3 4 
0 
1 2 
3 4 
0 1 2 3 
4 
0 1 2 3 4 
0 1 2 
3 4 
edge

0 2 2 4 2 3 1 4 
2 4 1 4 

0 3 0 4 2 3 
demand 
0.0988040006957664 0.10085094159189884 0.09698224122062148 0.0 0.0 0.0 0.0 0.0 0.09971513189390613 0.10670040864962381 0.0 0.0 0.0 0.10368441974848204 0.10028104222935977 0.09935742262441843 0.09079972746870202 0.0999487476067829 0.0 0.0 0.0 0.0 0.0 0.0921451766136791 0.1058350694588459 
0.0 0.0 0.0 0.10393831036153148 0.0923851424855126 0.0 0.0 0.0 0.09005467077266453 0.0930096635450232 0.0 0.0 0.0 0.09241544223552084 0.10167501207348562 0.09154788268372288 0.09325992139788478 0.10662206492696905 0.0 0.0 0.0 0.0 0.0 0.09540006211193269 0.10165470772122531 
0.1011004584530792 0.09840310062986785 0.09365348749182992 0.0 0.0 0.09970098146158178 0.10107354318429114 0.09968771054656338 0.0 0.0 0.10345555316500546 0.10965950441715576 0.09299184369091484 0.0 0.0 0.0 0.0 0.0 0.10440994924714407 0.09882703745100908 0.0971848227308103 0.09716290788002876 0.09736908728126928 0.0 0.0 
0.0 0.0 0.0 0.10553083119607387 0.10057635123655846 0.10973677416856485 0.09917959947457544 0.10194945311056097 0.0 0.0 0.09013806092169607 0.09485000499637251 0.10985494486751053 0.0 0.0 0.0 0.0 0.0 0.09607855029553082 0.09124237463314094 0.10620266486713177 0.09589157779696748 0.10474419170353971 0.0 0.0 
0.0 0.0 0.0 0.09998538999274253 0.10691116278002111 0.0 0.0 0.0 0.09494807165538686 0.10504247716312765 0.10703360322151736 0.0963164250171212 0.10082411036750252 0.0 0.0 0.10334939958639607 0.09443780038104271 0.10601601461576814 0.0 0.0 0.0 0.0 0.0 0.09200793948081788 0.10395727732175841 
rate 
0.09178859846337395 0.09588828051358965 0.09745196445259341 0.0 0.0 0.0 0.0 0.0 0.10740011086505562 0.10616706091928108 0.0 0.0 0.0 0.10791773884729881 0.10702944970937418 0.1090151566475842 0.10378342190161274 0.0995212414494282 0.0 0.0 0.0 0.0 0.0 0.0913556388479441 0.09897850163521531 
0.0 0.0 0.0 0.0926092298895756 0.09528593966592731 0.0 0.0 0.0 0.10523979578363196 0.1076661969092299 0.0 0.0 0.0 0.10710122413688708 0.09109579997998248 0.09490305971597052 0.09871408234001387 0.09769386139087784 0.0 0.0 0.0 0.0 0.0 0.09686038044659188 0.10963229119776688 
0.1094280047280515 0.10146865116779412 0.106372778042683 0.0 0.0 0.0995626711862992 0.09357718076370301 0.10047679063700027 0.0 0.0 0.10735006811956127 0.10919854654077361 0.09585928141225564 0.0 0.0 0.0 0.0 0.0 0.10849525990918872 0.09306104673486087 0.10937954375714527 0.09491351393492244 0.10866259997387298 0.0 0.0 
0.0 0.0 0.0 0.10469709585661682 0.1066845113207342 0.09293060847621178 0.10601723680531593 0.0985457213539438 0.0 0.0 0.10715845798675545 0.10225386498483502 0.09609198154750603 0.0 0.0 0.0 0.0 0.0 0.09073832389845606 0.0988934372907075 0.09505744447062266 0.1031417088324011 0.10570861857221761 0.0 0.0 
0.0 0.0 0.0 0.10198819308301454 0.09309454149892084 0.0 0.0 0.0 0.09670494264970017 0.09366602900721846 0.10832124280096125 0.10701949026033696 0.09372741765256544 0.0 0.0 0.09044347328047715 0.10143169917811534 0.10090319091465344 0.0 0.0 0.0 0.0 0.0 0.09576014913044434 0.10537757788514682 
ability 
0.0 0.0 0.0 0.138462247911259 0.14729733703715728 
0.0 0.0 0.0 0.1504183300102174 0.15960392114560878 
0.0 0.0 0.0 0.13720775576866284 0.1520739487993308 
0.0 0.0 0.0 0.0 0.1521539706951974 
0.0 0.0 0.0 0.16473364452424624 0.0 
0.0 0.0 0.0 0.15337109765580403 0.15422000420565363 
0.16268524652487634 0.0 0.14009416262859828 0.0 0.0 
0.1516564317634035 0.14156160774233253 0.0 0.0 0.0 
0.1639051169715175 0.13661183837489604 0.13631283838977457 0.0 0.0 
0.14156661649073568 0.15834628334194623 0.1475970002286536 0.0 0.0 
0.0 0.13895752069633505 0.16390991563864826 0.0 0.0 
0.1548452140778937 0.0 0.15721516759586288 0.0 0.0 
