file_name
position_num 10
robot_num 100
position_x
-10.7398263385947 27.464974567956588 -29.456487428008057 8.925420122564212 -5.576671750906652 29.977094255561816 1.5336872373626278 -24.822593351929747 -3.8669448070683963 11.759314128438483 
position_y
11.596454779016128 -16.681595774564236 -28.871412512687385 -22.96209129502303 9.957834020349992 13.355743247259866 24.08104842429723 -17.794396246200705 9.614515789869145 11.770774412640314 
distance
0.0 15.805746841732548 32.1341012882648 41.246128449518245 24.635761831233197 11.413050696207389 32.81770951321199 24.12983816264413 30.541802148564656 10.36301963785442 16.638287142748826 
15.805746841732548 0.0 47.531620584828254 44.586563956812 39.761979642990745 5.41694039907176 40.754910361640384 17.507261750113926 32.590588376682724 7.152942241000993 22.499815756800256 
32.1341012882648 47.531620584828254 0.0 58.212064624672735 19.574465586987838 42.44301604809692 30.142204312837684 48.311746239447785 52.299408064206624 40.9044576437849 32.499309825151215 
41.246128449518245 44.586563956812 58.212064624672735 0.0 38.83414611491045 45.58460247820236 72.90736118741658 61.35433191774697 12.007217149544859 46.216786656564615 57.88375986417657 
24.635761831233197 39.761979642990745 19.574465586987838 38.83414611491045 0.0 35.972658387674485 41.978066768761 47.62031824439708 34.1413749809853 34.9982846673425 34.848284254796624 
11.413050696207389 5.41694039907176 42.44301604809692 45.58460247820236 35.972658387674485 0.0 35.71576772739222 15.812096320283546 33.772648445752374 1.7438559659177706 17.430523780852134 
32.81770951321199 40.754910361640384 30.142204312837684 72.90736118741658 41.978066768761 35.71576772739222 0.0 30.398348210774994 63.034410858996026 34.05019475657627 18.286597249541128 
24.12983816264413 17.507261750113926 48.311746239447785 61.35433191774697 47.62031824439708 15.812096320283546 30.398348210774994 0.0 49.479353197606 15.441741901168662 16.0033212664612 
30.541802148564656 32.590588376682724 52.299408064206624 12.007217149544859 34.1413749809853 33.772648445752374 63.034410858996026 49.479353197606 0.0 34.50199508632456 47.035468223337745 
10.36301963785442 7.152942241000993 40.9044576437849 46.216786656564615 34.9982846673425 1.7438559659177706 34.05019475657627 15.441741901168662 34.50199508632456 0.0 15.774327864216072 
16.638287142748826 22.499815756800256 32.499309825151215 57.88375986417657 34.848284254796624 17.430523780852134 18.286597249541128 16.0033212664612 47.035468223337745 15.774327864216072 0.0 
lay
0 1 2 3 4 
0 1 2 3 4 
0 1 2 3 
4 
0 1 2 3 4 
0 1 2 3 4 
0 1 2 3 
4 
0 1 2 
3 4 
0 1 2 3 4 
0 1 2 
3 4 
0 1 
2 
3 
4 
edge


1 4 3 4 


2 4 3 4 
1 4 1 3 

1 3 1 4 
0 2 2 3 3 4 
demand 
0.0 0.0 0.0 0.09703058048496908 0.109474934573705 0.0 0.0 0.0 0.10880794834608827 0.1064348897253473 0.09219945005205665 0.10983098663597111 0.10973829580339017 0.0 0.0 0.10700536366210894 0.10664689786314614 0.10793634126904102 0.0 0.0 0.09748697117526292 0.0935614945570653 0.10984113595485362 0.0 0.0 
0.0 0.0 0.0 0.10979418440474831 0.1058390318771647 0.0 0.0 0.0 0.10350496502795747 0.10976905514589318 0.09097292035860766 0.09558991146531684 0.10029130306760488 0.0 0.0 0.0 0.0 0.0 0.10871180993864844 0.09417353128160626 0.09361755404899862 0.10806235655793855 0.10844862342885425 0.0 0.0 
0.0 0.0 0.0 0.10624736505724455 0.10352004238405539 0.10024779448436877 0.09126885699911703 0.0939773300910961 0.0 0.0 0.09614152910604573 0.09282808046568403 0.1081975953768303 0.0 0.0 0.09074665464045589 0.10179182874656892 0.10927604040823911 0.0 0.0 0.09179191797254599 0.10789262882225521 0.10693044054237762 0.0 0.0 
0.0 0.0 0.0 0.10384929392728298 0.10714429157026664 0.0 0.0 0.0 0.10090745736328194 0.09184447856887985 0.10358710652418855 0.09819649759555805 0.10833790181899593 0.0 0.0 0.09986781160121308 0.0984103896908869 0.09898099166264826 0.0 0.0 0.0 0.0 0.0 0.09339040824392791 0.09700432300376133 
0.10911735464408095 0.10979185617309549 0.09374083227306523 0.0 0.0 0.09721908932230428 0.10349436266912654 0.09862920462120295 0.0 0.0 0.0 0.0 0.0 0.09099426252628005 0.10823863980431113 0.0 0.0 0.0 0.09652408561722897 0.10167013749736308 0.0 0.0 0.0 0.09003397325788587 0.09660992792599185 
0.1072609296699167 0.10828344158174173 0.09771013515223224 0.0 0.0 0.0 0.0 0.0 0.10757822068279298 0.09113937265602425 0.09556734587617 0.09475985993960179 0.10463063453500449 0.0 0.0 0.0 0.0 0.0 0.09945976863646655 0.10390564305428723 0.10461943750735565 0.10392475061732803 0.10232366512515001 0.0 0.0 
0.0 0.0 0.0 0.104133494932508 0.09112913303304264 0.0 0.0 0.0 0.09608782239747149 0.09458839648945873 0.0 0.0 0.0 0.10215148183516923 0.09829858271553127 0.09495250561456817 0.10261275007486921 0.10143820986834076 0.0 0.0 0.0 0.0 0.0 0.1078222175248077 0.10382757210344169 
0.09421779661043654 0.09890395881055884 0.09708828384600923 0.0 0.0 0.10239012775885575 0.09166653836855633 0.10706157196628485 0.0 0.0 0.0 0.0 0.0 0.10783420993995992 0.10695983482500766 0.0 0.0 0.0 0.09564377301882711 0.1066116943777499 0.09437653002444862 0.10658138412841195 0.10602978455161792 0.0 0.0 
0.0 0.0 0.0 0.0919164727286557 0.10789668947711145 0.0 0.0 0.0 0.09737313981404044 0.09188360956432148 0.0 0.0 0.0 0.09648798145167015 0.10063125189281528 0.09948045607373644 0.09928302830993223 0.10955741409990304 0.0 0.0 0.09352025045647383 0.101781333291393 0.10868248597275146 0.0 0.0 
0.107700666993733 0.10039279275323794 0.10228294939328389 0.0 0.0 0.0 0.0 0.0 0.09938006185403529 0.10704687554278816 0.10425342612968254 0.09868531807626263 0.0905557083221161 0.0 0.0 0.0 0.0 0.0 0.09523653332342613 0.10531888201532993 0.09930847645994999 0.10993179132877562 0.10409385574022008 0.0 0.0 
rate 
0.0 0.0 0.0 0.0939123354504775 0.09411553793716368 0.0 0.0 0.0 0.10939976267877041 0.1004783362368791 0.10517862421803055 0.09852609281108553 0.1019371051977362 0.0 0.0 0.09776536505320768 0.09726297983100154 0.09684233495760707 0.0 0.0 0.10183092423122107 0.10637278629575204 0.10564263678022066 0.0 0.0 
0.0 0.0 0.0 0.09258669450479157 0.09928613739286374 0.0 0.0 0.0 0.09346817402769642 0.10164375857196016 0.10364538451281383 0.10287496036140005 0.0968937263727202 0.0 0.0 0.0 0.0 0.0 0.0977377759979019 0.10078251350418435 0.09650303754436455 0.09850668330194878 0.09309157771359554 0.0 0.0 
0.0 0.0 0.0 0.10225997290148783 0.10556374645764109 0.107222488289877 0.09574122545123592 0.10580309120816776 0.0 0.0 0.10933825278794423 0.10393963777844294 0.10832958267474734 0.0 0.0 0.09397028199994235 0.10591947377740625 0.10955720951736524 0.0 0.0 0.09536937325060088 0.09235747461144722 0.09264640374314473 0.0 0.0 
0.0 0.0 0.0 0.10615802238053779 0.0958534216249234 0.0 0.0 0.0 0.10445130988195941 0.10796295073534978 0.09225697050973047 0.09028232711929735 0.10080609600619693 0.0 0.0 0.09462184682662728 0.09204006638738123 0.09813058913158082 0.0 0.0 0.0 0.0 0.0 0.09008366429789788 0.09536810353248915 
0.1048264071585313 0.10683405584657589 0.10935190165088922 0.0 0.0 0.09832355240996098 0.09661018686534441 0.1032965765650539 0.0 0.0 0.0 0.0 0.0 0.09634508185964913 0.10767694181229635 0.0 0.0 0.0 0.09178773451636915 0.09457423416510871 0.0 0.0 0.0 0.09539908429355964 0.10118364039231947 
0.10511815396791309 0.10388774961476242 0.09590961692604756 0.0 0.0 0.0 0.0 0.0 0.09939257485972709 0.0999340789320951 0.10435993056582848 0.09932799586816861 0.09816409410993916 0.0 0.0 0.0 0.0 0.0 0.10999710510013033 0.1092005050011856 0.09081867360520589 0.10467723550980815 0.10715517741465855 0.0 0.0 
0.0 0.0 0.0 0.09390319316048433 0.09525341569348801 0.0 0.0 0.0 0.09680090267588619 0.10024232614628903 0.0 0.0 0.0 0.10609130916999386 0.0939850704034495 0.10452678953185113 0.09379239920302479 0.10431465325791772 0.0 0.0 0.0 0.0 0.0 0.10495705905636173 0.10595074710090213 
0.10462677764427278 0.10181751642921576 0.09810218100269724 0.0 0.0 0.09140586859141056 0.10898955698305356 0.09915530910465548 0.0 0.0 0.0 0.0 0.0 0.09009041037182909 0.09839648400351238 0.0 0.0 0.0 0.09867949516701975 0.10647817578051766 0.10112728671137622 0.10288647319627 0.10113390389701225 0.0 0.0 
0.0 0.0 0.0 0.09452414110702852 0.09576236930800167 0.0 0.0 0.0 0.10181722767723192 0.1030526026100144 0.0 0.0 0.0 0.10361818368868728 0.1053121237333383 0.1011469429568505 0.09454894931680598 0.09783339397576298 0.0 0.0 0.09606035585942704 0.10194326722135386 0.09163559400290247 0.0 0.0 
0.10438012512337665 0.10914155520327846 0.10356129110899492 0.0 0.0 0.0 0.0 0.0 0.09580990939252858 0.10144238342655652 0.09791366429646647 0.10295943314213224 0.10528470318988209 0.0 0.0 0.0 0.0 0.0 0.10909115355943816 0.1078989400481258 0.10137054498679261 0.09408339662893506 0.10074720621651741 0.0 0.0 
ability 
0.0 0.0 0.0 0.14416119488069645 0.1487647046515287 
0.0 0.0 0.0 0.1365365828917328 0.13677731558938072 
0.0 0.0 0.0 0.16230375726349344 0.13807564652094037 
0.0 0.0 0.0 0.0 0.15267219471226925 
0.0 0.0 0.0 0.14092386745531024 0.0 
0.0 0.0 0.0 0.16151038354542094 0.14937983406933045 
0.0 0.0 0.0 0.15078466036607682 0.13839707037526802 
0.0 0.0 0.0 0.15027171205744236 0.15885614755396776 
0.0 0.0 0.0 0.0 0.13895769688337067 
0.0 0.0 0.0 0.14719250533073583 0.0 
0.0 0.0 0.0 0.16135061912143503 0.16252087200661533 
0.0 0.0 0.0 0.1557683210024413 0.1420057665418484 
0.0 0.0 0.0 0.15787358934528845 0.1635920796903961 
0.0 0.0 0.0 0.0 0.1615767501536068 
0.0 0.0 0.0 0.14937805648828364 0.0 
0.0 0.0 0.0 0.1354682335152604 0.16471085510471134 
0.0 0.0 0.0 0.14953255051989195 0.1529311790774441 
0.0 0.0 0.0 0.15713813632875026 0.15883097656304213 
0.0 0.0 0.0 0.0 0.1639092713879096 
0.0 0.0 0.0 0.15649992629219675 0.0 
0.0 0.1425604982613875 0.15363431089500282 0.0 0.0 
0.15134469960164912 0.0 0.149220592276073 0.0 0.0 
0.15299965895724058 0.1382016555815825 0.0 0.0 0.0 
0.14043521838980952 0.16340910262833996 0.16386797644321718 0.0 0.0 
0.15460482932334885 0.15488973555158467 0.1631333724142542 0.0 0.0 
0.0 0.14942680922249535 0.14263051146857056 0.0 0.0 
0.16393948126005972 0.0 0.16247089002819373 0.0 0.0 
0.16115292582354931 0.14800047386155651 0.0 0.0 0.0 
0.1500625151015912 0.13797230114172926 0.1610826968996613 0.0 0.0 
0.1588993811659805 0.15542258763941244 0.15963770801101448 0.0 0.0 
0.0 0.151742234360934 0.13950987335371623 0.0 0.0 
0.14192702650912686 0.0 0.1429782924974102 0.0 0.0 
0.13846999652361716 0.13685892084719264 0.0 0.0 0.0 
0.1362549585604218 0.14243689869118703 0.15493224273357395 0.0 0.0 
0.14402685826085324 0.15374838683626402 0.13715050446405913 0.0 0.0 
0.0 0.14376436932426442 0.1640525129917213 0.0 0.0 
0.15133986795418364 0.0 0.16307147632009347 0.0 0.0 
0.15724761328118128 0.15519848566214894 0.0 0.0 0.0 
0.1491783130261093 0.16177042154224272 0.15397838885075657 0.0 0.0 
0.1390017936847496 0.16000715400659257 0.15500612296982866 0.0 0.0 
0.0 0.14570116363379473 0.15035082403366537 0.0 0.0 
0.15685694209375656 0.0 0.1501365937419645 0.0 0.0 
0.14544676830817074 0.15792076762321552 0.0 0.0 0.0 
0.1573164777333821 0.15068879046556827 0.1575127842137072 0.0 0.0 
0.13511346904156185 0.1481020508527367 0.14162469998772975 0.0 0.0 
0.0 0.15601141205189298 0.15161344572238453 0.0 0.0 
0.1600520470191374 0.0 0.16156935106603368 0.0 0.0 
0.15327417401736682 0.1417015872054212 0.0 0.0 0.0 
0.15546276549353744 0.13727977917978046 0.14335405217282782 0.0 0.0 
0.14288196581820836 0.14770323532838547 0.13922697023484876 0.0 0.0 
0.0 0.14745184391837657 0.14709073179753235 0.0 0.0 
0.13924022843410644 0.0 0.14937485360620645 0.0 0.0 
0.16468873767934444 0.15091589958579466 0.0 0.0 0.0 
0.14780875862142623 0.14162866685011427 0.14893741863992088 0.0 0.0 
0.16104947053228097 0.1527371563174612 0.15011739268990862 0.0 0.0 
0.0 0.14966258411624428 0.13632540386766048 0.0 0.0 
0.1387674521087111 0.0 0.15532821659302204 0.0 0.0 
0.13528341381644182 0.14908561331683928 0.0 0.0 0.0 
0.1592641926737704 0.14472427564046686 0.16200601879150037 0.0 0.0 
0.15204719572671657 0.13830000973583115 0.16394086211353928 0.0 0.0 
0.0 0.15260561861692223 0.13807692364917273 0.0 0.0 
0.15846993269204762 0.0 0.1530598358692337 0.0 0.0 
0.1540822910207786 0.14272582242905688 0.0 0.0 0.0 
0.16362427638952293 0.15971426627936444 0.13730164924826163 0.0 0.0 
0.16051967591982863 0.15356479327446257 0.1466388957220535 0.0 0.0 
0.0 0.13998330441771717 0.14180357503523425 0.0 0.0 
0.15652128300935406 0.0 0.144082304160479 0.0 0.0 
0.15246181087033503 0.15407062011634867 0.0 0.0 0.0 
0.15570279955700464 0.14833644763582948 0.14929242418177305 0.0 0.0 
0.16054532240554945 0.1444647950413733 0.16238774355921087 0.0 0.0 
0.0 0.14642722467930405 0.15511447398233125 0.0 0.0 
0.15629659022927547 0.0 0.15175296834978033 0.0 0.0 
0.15682457829377083 0.13520932285423617 0.0 0.0 0.0 
0.15230540473432014 0.153344855427397 0.15355942407979561 0.0 0.0 
0.16323370313030852 0.13648366769612605 0.1513824481593799 0.0 0.0 
0.0 0.15480070977365376 0.15971964277372894 0.0 0.0 
0.15890415443704745 0.0 0.14218900284934863 0.0 0.0 
0.1452720797530728 0.14765452130360107 0.0 0.0 0.0 
0.13675192187622245 0.13781799751564724 0.16417332843764354 0.0 0.0 
0.1529639723990221 0.14853529620543274 0.13887767300414997 0.0 0.0 
0.0 0.15148445235288424 0.13845998428033016 0.0 0.0 
0.15036697274143387 0.0 0.1561297822928435 0.0 0.0 
0.15251809669877991 0.15777770390274534 0.0 0.0 0.0 
0.13829287510520774 0.14214068857394216 0.14875646582523672 0.0 0.0 
0.1581210022699496 0.15247735815615596 0.13860724666689248 0.0 0.0 
0.0 0.15199295423169815 0.14928891523599627 0.0 0.0 
0.1483504339259149 0.0 0.14871707329391518 0.0 0.0 
0.13976813621042344 0.1442034190216533 0.0 0.0 0.0 
0.1523934978303319 0.14370085560604606 0.15647915648166552 0.0 0.0 
0.14699298596126317 0.15665500150907288 0.15145866321105386 0.0 0.0 
0.0 0.1399418761039618 0.1498798738129024 0.0 0.0 
0.1504080083946516 0.0 0.16307516944332429 0.0 0.0 
0.15908449858270554 0.16232115119440252 0.0 0.0 0.0 
0.15600780856933633 0.16372438196624334 0.13781087979826462 0.0 0.0 
0.16032453737549238 0.1545683278500072 0.14669329206991594 0.0 0.0 
0.0 0.16438536877809884 0.14332292184256712 0.0 0.0 
0.14969100807430805 0.0 0.1512008576618346 0.0 0.0 
0.15870144879825637 0.15398099789530445 0.0 0.0 0.0 
0.14150038428443762 0.1541941888464288 0.1574990007289482 0.0 0.0 
0.150683852636401 0.1471561784419226 0.14285732499551052 0.0 0.0 
