file_name
position_num 10
robot_num 50
position_x
-19.844315291006122 -4.103379545847204 15.344191634880794 20.106849639921073 9.081946375426249 -10.71683470091871 -29.235477135978453 1.8001560652009587 0.6326656448973935 24.064019855397135 
position_y
-9.979921655591212 -2.128584975483424 28.312976061795524 -28.659505037513405 -14.962588910828167 17.574038118317596 -27.32498313568775 18.34874314505811 22.845313006652148 -25.865963087128314 
distance
0.0 22.212511916048527 4.622618056375734 32.20355307110928 35.00932206481083 17.503165910216243 20.583910264837808 40.0170941815362 18.43683641144534 22.854071676402505 35.328813991211646 
22.212511916048527 0.0 17.59035377124712 52.00554812005574 44.10240826372558 29.35226715215241 29.026394904372935 19.724225676735518 35.651036305796445 38.68853549671658 46.69377054483162 
4.622618056375734 17.59035377124712 0.0 36.12335343259069 35.91691685773225 18.400121648039452 20.78295325175234 35.58764967692344 21.311327965831573 25.419002822118934 36.83565539860012 
32.20355307110928 52.00554812005574 36.12335343259069 0.0 57.171203537131234 43.726310608023354 28.186909760190193 71.29466579892451 16.81448295760967 15.694723197257632 54.87615922691843 
35.00932206481083 44.10240826372558 35.91691685773225 57.171203537131234 0.0 17.58277575847792 55.566536954230095 49.36037034267574 50.44710523739629 55.06350991386799 4.843869604232983 
17.503165910216243 29.35226715215241 18.400121648039452 43.726310608023354 17.58277575847792 0.0 38.08705594480589 40.26231160183418 34.09793708510249 38.740518740268534 18.529600486455607 
20.583910264837808 29.026394904372935 20.78295325175234 28.186909760190193 55.566536954230095 38.08705594480589 0.0 48.5681194530447 12.540941978877907 12.51389216223579 55.64837417568225 
40.0170941815362 19.724225676735518 35.58764967692344 71.29466579892451 49.36037034267574 40.26231160183418 48.5681194530447 0.0 55.220465414252395 58.38805158753691 53.31946285396876 
18.43683641144534 35.651036305796445 21.311327965831573 16.81448295760967 50.44710523739629 34.09793708510249 12.540941978877907 55.220465414252395 0.0 4.645661890591742 49.503736001103526 
22.854071676402505 38.68853549671658 25.419002822118934 15.694723197257632 55.06350991386799 38.740518740268534 12.51389216223579 58.38805158753691 4.645661890591742 0.0 54.053832230679184 
35.328813991211646 46.69377054483162 36.83565539860012 54.87615922691843 4.843869604232983 18.529600486455607 55.64837417568225 53.31946285396876 49.503736001103526 54.053832230679184 0.0 
lay
0 1 2 3 
4 
0 1 
2 3 
4 
0 
1 2 3 4 
0 
1 
2 3 4 
0 
1 2 3 
4 
0 
1 2 3 4 
0 1 2 
3 
4 
0 1 2 3 4 
0 
1 
2 3 4 
0 1 2 
3 4 
edge
1 4 
1 2 3 4 
0 1 0 2 0 3 0 4 
0 1 1 2 1 3 1 4 
0 2 0 3 2 4 1 4 
0 3 0 1 0 2 0 4 
1 3 3 4 0 3 

0 1 1 3 1 2 1 4 
2 3 1 3 0 4 
demand 
0.10742862841039243 0.10210792238901581 0.1088755280063495 0.0 0.0 0.0 0.0 0.0 0.10516503596235666 0.10417682324956178 0.0 0.0 0.0 0.09050070291535238 0.09651996029232833 0.09153868722944711 0.09932225377664056 0.09136667318267988 0.0 0.0 0.0 0.0 0.0 0.09839687812635879 0.09138162914912228 
0.0 0.0 0.0 0.09304229124053517 0.09053793598363014 0.09606015359756775 0.10447656778488584 0.09438266787670022 0.0 0.0 0.0 0.0 0.0 0.09254864543481324 0.10517934739431478 0.10533911961714196 0.094713402702929 0.10000757838858294 0.0 0.0 0.0 0.0 0.0 0.09521991620534519 0.10613723146104957 
0.1013607151402328 0.09817742788544061 0.09750201710107981 0.0 0.0 0.0 0.0 0.0 0.10887168984551723 0.09726679013931666 0.10907289364550299 0.09571031568663979 0.10321143220506157 0.0 0.0 0.09044051138409533 0.10363034173319459 0.09437693316600888 0.0 0.0 0.09518223333833938 0.09542335540722319 0.10935691614309767 0.0 0.0 
0.0 0.0 0.0 0.09369652040939264 0.09069637372419641 0.0 0.0 0.0 0.09379355403432771 0.09654457828259412 0.0 0.0 0.0 0.0995259330132065 0.09657232441983275 0.09903616205373388 0.09666338108234285 0.10552938681462501 0.0 0.0 0.09168607578820613 0.0936874961941335 0.09544631558564795 0.0 0.0 
0.0 0.0 0.0 0.10573663099040674 0.09760358561417266 0.09469751812354045 0.10283821301278695 0.10316814176713152 0.0 0.0 0.10469253392783165 0.09254722777357755 0.09517966216082809 0.0 0.0 0.0 0.0 0.0 0.09223237965559804 0.09810327289152114 0.09837709197164894 0.10627254408728595 0.09051540486410271 0.0 0.0 
0.10193876040710836 0.10319129173589299 0.09394994480311425 0.0 0.0 0.09324068725966646 0.09720051238276518 0.09948610547570547 0.0 0.0 0.09388804539350525 0.10526058848889384 0.09680243054448098 0.0 0.0 0.0 0.0 0.0 0.10418346135466526 0.09916941044689964 0.0 0.0 0.0 0.09966244937815594 0.10371877623380454 
0.0 0.0 0.0 0.10582245488570684 0.10897837249278569 0.0 0.0 0.0 0.10621278241738229 0.0983302711047061 0.0 0.0 0.0 0.09189971210556036 0.09376226497193982 0.09934912287163716 0.0905513376421278 0.10825610358479809 0.0 0.0 0.0 0.0 0.0 0.10613801763874456 0.0941209882607425 
0.0 0.0 0.0 0.09450588673451477 0.10235226205406359 0.0 0.0 0.0 0.09566247829956732 0.10445783768336028 0.0 0.0 0.0 0.10539809012916793 0.10625866313335633 0.09881513963732133 0.10613091539036748 0.10004052833987818 0.0 0.0 0.0 0.0 0.0 0.1002946421207433 0.10061710733646903 
0.09049532770989045 0.09023566263180942 0.10483233633566934 0.0 0.0 0.0 0.0 0.0 0.09098894347674646 0.09207949958395152 0.09399796725161558 0.09648359205080845 0.10566442973480278 0.0 0.0 0.09319505077276047 0.09205602310737504 0.09121137110715498 0.0 0.0 0.10861274153581256 0.10650392555612159 0.09238692352110223 0.0 0.0 
0.09755552722616384 0.10893881138354836 0.09203308831034622 0.0 0.0 0.0 0.0 0.0 0.0979130515617471 0.10209061408622691 0.0 0.0 0.0 0.095890092767027 0.09729730577175505 0.10261931383760022 0.1010931703652228 0.1017358975524893 0.0 0.0 0.09720659252470248 0.10866891021388524 0.09973571394386976 0.0 0.0 
rate 
0.10225957987391275 0.10973523023529308 0.10061334308228809 0.0 0.0 0.0 0.0 0.0 0.10556512750869446 0.09589919568063254 0.0 0.0 0.0 0.0972244519224616 0.10722675947235237 0.09298312712319845 0.09677407025372309 0.1042306562728209 0.0 0.0 0.0 0.0 0.0 0.09601842684968359 0.10649433508625628 
0.0 0.0 0.0 0.09163010056383357 0.10993421912856981 0.10969114906152072 0.09649204058479745 0.10548393831746439 0.0 0.0 0.0 0.0 0.0 0.09441553028363998 0.10297494807735666 0.10039912219765901 0.10709666382194438 0.09242615520289257 0.0 0.0 0.0 0.0 0.0 0.09997691904737971 0.09901060726425168 
0.1044666700457372 0.09174493446825421 0.10838951863998605 0.0 0.0 0.0 0.0 0.0 0.1053339768226487 0.09070764169822174 0.09930913399200536 0.10660402420324339 0.10818451570883143 0.0 0.0 0.09371787976781183 0.1074039472908389 0.09623237534211647 0.0 0.0 0.09383170726480326 0.09336066617682783 0.104508117511342 0.0 0.0 
0.0 0.0 0.0 0.09319227964278703 0.10813020058092948 0.0 0.0 0.0 0.09503585013406943 0.09320989581109092 0.0 0.0 0.0 0.09382876005845764 0.09153949568142014 0.10729350745321149 0.09050411885703984 0.10797465094636208 0.0 0.0 0.10328012078566702 0.09471228570317647 0.09970901629808432 0.0 0.0 
0.0 0.0 0.0 0.0947685716187503 0.09559398732382249 0.10706686487221125 0.10809920659267927 0.09294596783339461 0.0 0.0 0.10726730294078356 0.09400443605370942 0.09655802036421693 0.0 0.0 0.0 0.0 0.0 0.09760441367117717 0.10164308590860212 0.09289874196938865 0.09051840384931892 0.10151029513666912 0.0 0.0 
0.10894578086657059 0.0970123660211078 0.10848549960891907 0.0 0.0 0.09547059193931437 0.09292553001816677 0.09042728101738534 0.0 0.0 0.10584965890026483 0.09588754449690905 0.10209203549572743 0.0 0.0 0.0 0.0 0.0 0.09262876518735468 0.09057594717094455 0.0 0.0 0.0 0.1059606289071416 0.09154755652199663 
0.0 0.0 0.0 0.097777955963127 0.10579206061544465 0.0 0.0 0.0 0.09251992510466368 0.0926967034419186 0.0 0.0 0.0 0.09734508957520815 0.10300152549186228 0.0979181106743917 0.09692907586977542 0.10556959753771376 0.0 0.0 0.0 0.0 0.0 0.0929486822572882 0.09567197989492099 
0.0 0.0 0.0 0.1058200221848664 0.09322855068954228 0.0 0.0 0.0 0.10023338044304185 0.09679177897239942 0.0 0.0 0.0 0.09995976946706488 0.10516301527898503 0.09124172432087697 0.09009712465274607 0.1025022784407834 0.0 0.0 0.0 0.0 0.0 0.09774302122253749 0.09182795953924683 
0.0952587628689314 0.10777114294271334 0.09918871591872745 0.0 0.0 0.0 0.0 0.0 0.09303932872556897 0.09893655823804764 0.09993937890699763 0.1039916818426081 0.10015901839162039 0.0 0.0 0.10148227859142762 0.09188064775936776 0.10142929819976594 0.0 0.0 0.09895090551811248 0.09928889864867287 0.10976824249162798 0.0 0.0 
0.0916304170537019 0.1053102805262717 0.10064132264807855 0.0 0.0 0.0 0.0 0.0 0.09474463382077758 0.0999538085026895 0.0 0.0 0.0 0.09507894138096584 0.10711335594070977 0.10698460691595434 0.09377407596435385 0.09042811977067636 0.0 0.0 0.10996400823023476 0.09789919708144892 0.10553801704454971 0.0 0.0 
ability 
0.0 0.0 0.0 0.15282904658805616 0.16285749834737356 
0.0 0.0 0.0 0.1647766718435664 0.143675508976459 
0.0 0.0 0.0 0.14500641017282104 0.16171199707727962 
0.0 0.0 0.0 0.0 0.14017643474582636 
0.0 0.0 0.0 0.1448782084490647 0.0 
0.0 0.0 0.0 0.14132671589203913 0.14189799830925778 
0.0 0.0 0.0 0.148526785659214 0.161926274013932 
0.0 0.0 0.0 0.15203816806127413 0.14945441741903187 
0.0 0.0 0.0 0.0 0.142765491315863 
0.0 0.0 0.0 0.1604375955789006 0.0 
0.0 0.0 0.0 0.16365259610912603 0.1575366290886684 
0.0 0.0 0.0 0.1631321768338874 0.16471188327222597 
0.0 0.0 0.0 0.13958706245371594 0.1521479168336422 
0.0 0.0 0.0 0.0 0.1634481761167506 
0.0 0.0 0.0 0.15158047247257503 0.0 
0.0 0.0 0.0 0.13638458454277716 0.13775379940243063 
0.0 0.0 0.0 0.14939557114324853 0.15125133359976792 
0.0 0.0 0.0 0.1480385916137238 0.1387447509276803 
0.0 0.0 0.0 0.0 0.13707635315750513 
0.0 0.0 0.0 0.15397933794551866 0.0 
0.0 0.0 0.0 0.15442274684954632 0.1466358142398639 
0.0 0.0 0.0 0.16494391972971642 0.15356201243342288 
0.0 0.0 0.0 0.1649770762203403 0.16376717251426212 
0.0 0.0 0.0 0.0 0.15260180195627454 
0.0 0.0 0.0 0.1512413757586888 0.0 
0.0 0.16042694082375353 0.15201888351609086 0.0 0.0 
0.13636062886214362 0.0 0.13839790454953407 0.0 0.0 
0.1442377247041628 0.1630749352627447 0.0 0.0 0.0 
0.1635852659691767 0.1647738686492927 0.15775812887671087 0.0 0.0 
0.1350474121824742 0.14210210796579384 0.15282531775788352 0.0 0.0 
0.0 0.15210630840581818 0.14776194702047654 0.0 0.0 
0.13918532983822077 0.0 0.15446007879911186 0.0 0.0 
0.15675135326180217 0.1433626271083652 0.0 0.0 0.0 
0.16190692951970725 0.1399454534995634 0.15327034745063906 0.0 0.0 
0.1366225499459359 0.16063726640993856 0.13677309680921837 0.0 0.0 
0.0 0.14237544302739233 0.13577269082400362 0.0 0.0 
0.15310592170258988 0.0 0.15189262376898663 0.0 0.0 
0.15589672438986218 0.15763985881621378 0.0 0.0 0.0 
0.15619416642192888 0.13946085890465165 0.13917158052426765 0.0 0.0 
0.14101400250509338 0.16086925813325129 0.13802654775067455 0.0 0.0 
0.0 0.15322145379540833 0.15122796820517168 0.0 0.0 
0.1382535274233107 0.0 0.1424626786583435 0.0 0.0 
0.16263740562868015 0.15095155357283246 0.0 0.0 0.0 
0.13985612747101256 0.1632152811109974 0.14052288632912222 0.0 0.0 
0.16254682444536975 0.1628497828978978 0.15825255811820768 0.0 0.0 
0.0 0.14162677806444354 0.14712769806779094 0.0 0.0 
0.15653718062571387 0.0 0.13684931389875934 0.0 0.0 
0.15805326884193968 0.1568663478944271 0.0 0.0 0.0 
0.1359769545627533 0.16355487190780454 0.14100476677904453 0.0 0.0 
0.135781268123622 0.14873222494015859 0.16371244583320715 0.0 0.0 
