file_name
position_num 20
robot_num 50
position_x
-94.8283858607636 -67.4078277906319 86.99339278681367 -47.35350031189969 79.38389977196019 9.556872980421758 -77.42768664441738 20.82473500007083 -65.86840768757489 -58.10141970272387 -85.58753823227549 -81.68914971743202 -24.022705063441705 -41.2215969402028 24.30017124807098 44.250964621776546 29.43682674410394 55.29827128211679 -23.930542587618817 74.11476686868312 
position_y
66.25013523637676 98.83455745142845 27.468841593409834 -99.16459882637987 -97.99853388886324 -5.9256831579563 -94.99584633453904 -28.588759344442025 -81.0268569522398 -68.98269906661653 59.81095102052322 0.693675544830711 -8.638748577517234 86.0915683502432 32.38270044535969 -11.171581851601346 -40.326961860088595 -99.78444717401082 -86.71118850574622 -63.785405440619215 
distance
0.0 115.67844736075982 119.63312665842683 91.22712122524028 109.89072596077408 126.11707333811428 11.24488959716379 122.55308025472654 35.36929104007594 104.42221353167776 90.19084067679736 104.4154038570969 81.69209488878663 25.528774658229562 95.45144417611047 40.48626447104591 45.639370186547794 49.92785416606078 114.08257844479822 89.9527713893068 97.78331460542451 
115.67844736075982 0.0 42.5867535269621 185.91166700126868 172.09270467666613 239.43171422096594 126.90796280861582 162.18215347560863 149.5662404761263 150.09727766990775 140.13132953338678 11.263052794807976 66.8602193663731 103.06206553365381 57.1609157238195 123.84916736965435 159.17659378029222 163.70864573761014 223.8425690995521 168.5932108411426 213.19247335054737 
119.63312665842683 42.5867535269621 0.0 170.0964500385956 199.0121652998836 245.54241411085349 129.99335820461758 194.0892140312825 154.98931188916242 179.86800217254256 168.07510469055788 43.050478866282 99.17453734392546 115.8998722296309 29.122198704508747 113.25284273358325 156.74513264326558 169.54296083601366 233.46583422002348 190.5715040907967 215.57805345191272 
91.22712122524028 185.91166700126868 170.0964500385956 0.0 184.62154781560452 125.69791841694436 84.33035564430718 205.01680699547805 86.72223415137859 187.45145144058037 174.2280238855586 175.58527783846512 170.79434903598434 116.74044736015493 140.98123166969881 62.88549940743698 57.619419377959105 88.93272322679766 131.1410699564482 159.18919156901154 92.15854060957533 
109.89072596077408 172.09270467666613 199.0121652998836 184.62154781560452 0.0 126.74276424102037 109.23500347093315 30.361738766105326 98.12859363526354 25.918708984491612 32.038490044633136 163.50861477250032 105.59645723458532 93.48398563500047 185.3576211433799 149.79633037465493 127.02027016232009 96.73997029741683 102.65364301068028 26.527766154870893 126.51571940466727 
126.11707333811428 239.43171422096594 245.54241411085349 125.69791841694436 126.74276424102037 0.0 115.55614874277394 156.84033208001676 90.81240323374705 146.24045486923384 140.51381334761305 228.29675618490782 188.90388951717298 136.66783511300238 220.07919388163938 141.53968847856447 93.66558990551432 76.29364537312493 24.151749129469334 103.92919785059705 34.6164977975595 
11.24488959716379 126.90796280861582 129.99335820461758 84.33035564430718 109.23500347093315 115.55614874277394 0.0 124.49822320591676 25.309676740889174 106.43852342608498 92.48692785525544 115.64499149606986 91.48580528045544 33.68900095839493 105.09818068169884 41.04749807366677 35.08845177437601 39.7323613442232 104.41141269619773 87.45115708625266 86.69180541386189 
122.55308025472654 162.18215347560863 194.0892140312825 205.01680699547805 30.361738766105326 156.84033208001676 124.49822320591676 0.0 118.58937372933802 18.131453178520758 32.40661081761281 155.0217006914425 95.78436545190999 101.53639933876015 184.67141816991582 163.0148804592794 147.75723836775487 120.03629097671363 132.8123134559289 54.1348314634306 154.7230003508305 
35.36929104007594 149.5662404761263 154.98931188916242 86.72223415137859 98.12859363526354 90.81240323374705 25.309676740889174 118.58937372933802 0.0 101.31858205573856 88.66232718831685 138.34045209946828 106.61405888961343 49.084578126441755 130.38912863963392 61.07043119229895 29.19154511337141 14.558623647377342 79.1027854712775 73.35701495809369 63.864163605086524 
104.42221353167776 150.09727766990775 179.86800217254256 187.45145144058037 25.918708984491612 146.24045486923384 106.43852342608498 18.131453178520758 101.31858205573856 0.0 14.331358677063427 142.2115757032873 83.2378598354141 83.6128044152208 168.92611803862172 144.88650846919188 130.40719158540082 103.63189263247764 122.60999667022344 42.32134395730247 141.04097563855464 
90.19084067679736 140.13132953338678 168.07510469055788 174.2280238855586 32.038490044633136 140.51381334761305 92.48692785525544 32.40661081761281 88.66232718831685 14.331358677063427 0.0 131.6939293004395 73.5607108872766 69.30188418864593 155.99024594944981 130.63294534475085 117.55056720645146 92.10915191138798 117.50845757616223 38.496080068091906 132.31829749705796 
104.4154038570969 11.263052794807976 43.050478866282 175.58527783846512 163.50861477250032 228.29675618490782 115.64499149606986 155.0217006914425 138.34045209946828 142.2115757032873 131.6939293004395 0.0 59.245672354034255 92.06296789789212 51.565565971516484 113.25907303369115 147.97485190505824 152.50641342023732 212.88377685346882 158.9664193572994 201.94277799671235 
81.69209488878663 66.8602193663731 99.17453734392546 170.79434903598434 105.59645723458532 188.90388951717298 91.48580528045544 95.78436545190999 106.61405888961343 83.2378598354141 73.5607108872766 59.245672354034255 0.0 58.4167183178849 94.50091493410291 110.62518003544564 126.49781315444355 118.4553727681261 169.88645224740614 104.7648173638266 168.61913387365425 
25.528774658229562 103.06206553365381 115.8998722296309 116.74044736015493 93.48398563500047 136.66783511300238 33.68900095839493 101.53639933876015 49.084578126441755 83.6128044152208 69.30188418864593 92.06296789789212 58.4167183178849 0.0 96.27894280174898 63.386588920324805 68.32063536502422 62.1455099112053 120.8277934130037 78.0724943259076 112.57049862377488 
95.45144417611047 57.1609157238195 29.122198704508747 140.98123166969881 185.3576211433799 220.07919388163938 105.09818068169884 184.67141816991582 130.38912863963392 168.92611803862172 155.99024594944981 51.565565971516484 94.50091493410291 96.27894280174898 0.0 84.72157103207017 129.48235079404807 144.82492056994738 209.4420638478017 173.6656941875804 189.1179105462054 
40.48626447104591 123.84916736965435 113.25284273358325 62.88549940743698 149.79633037465493 141.53968847856447 41.04749807366677 163.0148804592794 61.07043119229895 144.88650846919188 130.63294534475085 113.25907303369115 110.62518003544564 63.386588920324805 84.72157103207017 0.0 47.906259117610794 72.89087886873949 135.7535896967781 128.4895176370374 108.304194408813 
45.639370186547794 159.17659378029222 156.74513264326558 57.619419377959105 127.02027016232009 93.66558990551432 35.08845177437601 147.75723836775487 29.19154511337141 130.40719158540082 117.55056720645146 147.97485190505824 126.49781315444355 68.32063536502422 129.48235079404807 47.906259117610794 0.0 32.703132334655535 89.29884033454789 101.75927524706414 60.49843896580006 
49.92785416606078 163.70864573761014 169.54296083601366 88.93272322679766 96.73997029741683 76.29364537312493 39.7323613442232 120.03629097671363 14.558623647377342 103.63189263247764 92.10915191138798 152.50641342023732 118.4553727681261 62.1455099112053 144.82492056994738 72.89087886873949 32.703132334655535 0.0 64.83831331433593 70.70765581536583 50.462034332718105 
114.08257844479822 223.8425690995521 233.46583422002348 131.1410699564482 102.65364301068028 24.151749129469334 104.41141269619773 132.8123134559289 79.1027854712775 122.60999667022344 117.50845757616223 212.88377685346882 169.88645224740614 120.8277934130037 209.4420638478017 135.7535896967781 89.29884033454789 64.83831331433593 0.0 80.30015591150844 40.62008754153222 
89.9527713893068 168.5932108411426 190.5715040907967 159.18919156901154 26.527766154870893 103.92919785059705 87.45115708625266 54.1348314634306 73.35701495809369 42.32134395730247 38.496080068091906 158.9664193572994 104.7648173638266 78.0724943259076 173.6656941875804 128.4895176370374 101.75927524706414 70.70765581536583 80.30015591150844 0.0 100.68999074153932 
97.78331460542451 213.19247335054737 215.57805345191272 92.15854060957533 126.51571940466727 34.6164977975595 86.69180541386189 154.7230003508305 63.864163605086524 141.04097563855464 132.31829749705796 201.94277799671235 168.61913387365425 112.57049862377488 189.1179105462054 108.304194408813 60.49843896580006 50.462034332718105 40.62008754153222 100.68999074153932 0.0 
lay
0 
1 2 3 
4 
0 1 2 
3 4 
0 1 2 3 
4 
0 
1 
2 
3 
4 
0 1 
2 3 
4 
0 1 2 3 4 
0 1 2 3 4 
0 
1 2 
3 4 
0 
1 2 3 4 
0 1 2 
3 4 
0 1 2 3 
4 
0 1 2 3 
4 
0 
1 2 3 
4 
0 1 2 
3 4 
0 1 2 
3 
4 
0 1 2 3 
4 
0 1 2 
3 
4 
0 1 2 3 4 
0 1 2 
3 4 
0 1 2 3 
4 
edge
0 3 3 4 1 4 2 4 
2 4 0 3 1 4 
2 4 1 4 
0 1 1 2 2 3 3 4 
0 2 2 4 3 4 


0 1 0 2 1 3 1 4 2 3 
0 1 0 2 0 3 0 4 
2 4 1 3 0 4 
1 4 
2 4 
0 1 0 3 3 4 2 4 
0 4 0 3 2 4 
1 3 3 4 0 3 
2 4 3 4 
2 3 3 4 

1 3 0 3 0 4 
1 4 3 4 
demand 
0.09295801830065237 0.1091195185578246 0.09910743687269852 0.00916636671183761 0.010263553691271162 0.10599560134508955 0.10332114114051671 0.0905544763357797 0.010254157359103542 0.010741891836058351 0.10976745227467642 0.10120844790065359 0.09626207955966681 0.009778274009250675 0.01088549243487536 0.010320433941434224 0.010009478230875668 0.010359453159942206 0.09621863538273195 0.10270622727451517 0.009476294705906205 0.009945349453538678 0.010660944825121858 0.09055014424224128 0.0962691395885149 
0.10294759873972328 0.10912262645347548 0.0954090409594707 0.009847328197004417 0.010503583586364535 0.01006854179343412 0.009711391794692234 0.009165664395032053 0.09409854029029163 0.10191582229728187 0.009138273783413442 0.01044122726505656 0.010581404765027736 0.10107346232850985 0.0987322540011783 0.09159416359122766 0.09814878557075045 0.10181238965537108 0.00998243836949696 0.010158117299694075 0.10251455568466308 0.10881858664746297 0.10156272585847743 0.009786404574089856 0.009866896079168335 
0.09579522865601779 0.0917311102002654 0.09108089371586506 0.009732860994610527 0.01039943885809356 0.09498404924927441 0.0968295052213191 0.10585868803444534 0.01018454487287798 0.009527617624300917 0.010563722581225201 0.009782267977634441 0.010695169107450426 0.09800694407935394 0.10201371116469359 0.009400862545948298 0.009841299812419076 0.009027396241261693 0.10786928726353616 0.1060448552826008 0.10416377654164942 0.09180936839257177 0.09172725789853667 0.010941448778117629 0.00993291393523254 
0.09324379447860484 0.10424646373963518 0.10265510524838427 0.009640768451621463 0.010013779519021498 0.10221560674628752 0.10365592032664234 0.10657708805970573 0.009308929921990939 0.009715313675599451 0.010072274022396927 0.010819924839467863 0.009312350442359217 0.09738713284903354 0.1085838024461861 0.1085408356137375 0.09394559776506076 0.09997335863127323 0.010713655206781055 0.009794848472318221 0.010282847739889963 0.009333500653619103 0.00911203720206499 0.1090930367866241 0.10815647950742487 
0.09104748089177346 0.09635627758691835 0.10079391186534713 0.00907551365212929 0.009129507022662473 0.10899412817950514 0.10693417100595409 0.10112978626617736 0.009551175778040929 0.010246287254595173 0.09027920287033356 0.09311764094717068 0.0961569813062092 0.010833028762621525 0.010793602703860672 0.1015618852072827 0.09106674325344158 0.0905218665334037 0.009019267783299523 0.009491125234807486 0.0925033033643328 0.0965029819047676 0.10478877664399473 0.009661750697090094 0.00968962043421899 
0.09885894813123527 0.09463092957477602 0.10381932156174192 0.009425342852520018 0.00924383314335453 0.09354126511646255 0.10910652823816458 0.10700862410081471 0.009480171562272845 0.009411522884060875 0.09354441833380674 0.09101010414922352 0.10241527061621669 0.009101083778570683 0.010913232050542728 0.09997389211967472 0.09967136316857783 0.09520059280163679 0.01046982120787513 0.009683535833650786 0.10127354393029708 0.09476289934392616 0.09127890289481441 0.009864226621820751 0.010308974904384031 
0.010682135237177474 0.009282667953418455 0.009909980275881334 0.10629319763697449 0.09214228309919872 0.10310046993026543 0.1049758721007438 0.09228631064455557 0.010585863961433729 0.01069720634728329 0.10339763721283911 0.10397057414119351 0.09379164650781954 0.009554775791535434 0.009415759941762506 0.009281816957420072 0.010951150211212585 0.010294136295861202 0.10270341559864815 0.10625446521478087 0.010955120246553133 0.009537454127369054 0.009880816746650015 0.10052288197298376 0.10165967258007627 
0.009936970203541813 0.009381135872198824 0.009063521790999568 0.09870985883919196 0.1015056695228313 0.010492177141014 0.01069615357414114 0.009566422670887822 0.09896022616713099 0.1089925137232754 0.010271491282903247 0.009919528892135118 0.010700122851653598 0.09094125992432828 0.09948732506436464 0.009198912019154067 0.009302503792555166 0.00987757381016056 0.10284458203257141 0.10853178692863 0.009772788221454802 0.01099753206170686 0.009776718600569084 0.10443620174486788 0.10319069715445556 
0.09436233087927182 0.09705492798007642 0.09580053630015614 0.00905430746883272 0.010431038357884765 0.009933640615221746 0.010456784113365798 0.009062140523770048 0.10448741876513522 0.10633715728896331 0.10762052435948358 0.09360230131841704 0.09851937206213751 0.010529679961948462 0.010811777800744271 0.009475178565417684 0.0095388479526291 0.009380538663655852 0.10690561059140385 0.1030034390863318 0.010005528467083018 0.010670763807876705 0.009777237675354546 0.09438848687950141 0.10084366626595667 
0.09080951704598617 0.09910150909073412 0.09308814726049504 0.01006670157218722 0.00951009566111071 0.09863027531513202 0.09395816531774492 0.09743698971589869 0.010533842451427527 0.010538068725437982 0.09300131622597314 0.09970155775168718 0.10045726276329976 0.01077708532545503 0.009508286485111686 0.009438869601921597 0.01054004301915879 0.009048160529497862 0.09976083804815822 0.10335435945862531 0.10338591736338501 0.0964049121929677 0.10054418916134518 0.00927608895910675 0.0100342864810239 
0.09736841453795657 0.09434652335097729 0.09770500154719404 0.009542222566739577 0.010408749223900003 0.00997389036270503 0.010004550684041345 0.009508635529873284 0.104800748699809 0.10122178119813492 0.10691922499077872 0.10722361962392016 0.0959084187842288 0.009141214126824287 0.009363330353204379 0.09900714968384723 0.09392409932944126 0.0913566804193729 0.010639019312969587 0.00987671962915857 0.0963731091089751 0.09516539874824191 0.10221969888503778 0.009338044446338616 0.009275765034487357 
0.010014770608553679 0.010378134921162512 0.009011334157436431 0.10135380760337864 0.10236180664674949 0.010518778980532632 0.009297736409840097 0.010255125871137558 0.10537981025928969 0.10502245934911954 0.10029824941996474 0.10385843277128817 0.10635666359378826 0.010042870005481506 0.00969717778270154 0.009929722164897741 0.009832476854069136 0.009523501849357359 0.10269670028444065 0.09324447499822265 0.009045015973208165 0.009739383905762908 0.009438344096745875 0.1012412810775683 0.1061477519521757 
0.1020138107699537 0.09142990638005422 0.10150859757117635 0.010732113593420974 0.009275369523208274 0.00918001911956143 0.009330014209902163 0.01077176429017697 0.09448226494444713 0.09284204779929796 0.009563532736526062 0.010304994495166432 0.010733056884959137 0.1026851266664492 0.10952408326959467 0.00994365699932758 0.009113825132666361 0.009227613362363858 0.09133321091374194 0.10626966579985775 0.09064100528289232 0.10194423538705673 0.10842683307536671 0.00979152430142608 0.00990752971729626 
0.09283258787274924 0.0917928476181967 0.09752860401240704 0.010141697891831829 0.0103469195321699 0.10638277717041525 0.09641871289881428 0.10899125278779898 0.00955129578310044 0.0096512797110299 0.09373716720007753 0.10868836069222634 0.10714192907316976 0.009210992413755455 0.01030205581309832 0.009163646623404608 0.009045682419486839 0.009100585651357442 0.10070378997260727 0.0954852161169916 0.009884190058096473 0.01025107007766509 0.01064438181008677 0.10173602121709885 0.09522794321721882 
0.09538463743129133 0.0982189691912237 0.09465806747541113 0.009841295238624497 0.010001411365548924 0.009728921479296677 0.010328427174575999 0.009133757339801762 0.09896711480382575 0.10496171572763757 0.00912874521725113 0.010036444471025894 0.010371746617568227 0.10089479135891229 0.09754592847365347 0.1046120642387461 0.10513288274792228 0.10609566810624958 0.01044174325700746 0.009665292371887629 0.1047730203096591 0.10453531524409482 0.1095635507069745 0.009936830223296878 0.009289036378832142 
0.09162680770583272 0.10284634252496268 0.09705568183706641 0.009891724573229867 0.010000207922142105 0.10749121273683103 0.10856065138780756 0.09690503230371288 0.010158352575696373 0.010528572569542809 0.00954660967635487 0.009097258356839034 0.009911098342673992 0.10853247265890438 0.10384844550956943 0.1024220663102049 0.09922101923557967 0.09611894246142866 0.009218289028896863 0.009130541979698432 0.01093836363581592 0.00971918477012941 0.010417765124376453 0.10118587943432023 0.09095782173812259 
0.010619241379416016 0.009812726904216798 0.010731815420128188 0.09798931866196024 0.09779832733425448 0.010578192650603868 0.01008671155297079 0.010746356911362324 0.10512586809651688 0.10806685021237553 0.010822233420176724 0.010770047032123219 0.009734663535297174 0.10129361696266892 0.09280495355355427 0.09512533375175124 0.10990286001727484 0.09611497702786574 0.010401837588371906 0.009521912951701485 0.010709982050671743 0.010673137890015347 0.009785695294427967 0.1052084708795565 0.09503057519520652 
0.009037089959864601 0.010647137227343447 0.010455224565851906 0.10183668294671884 0.1060366455423766 0.009444992993636145 0.010147652082511874 0.010070389022820645 0.10002984014743553 0.10707722624096389 0.010609992133629067 0.010079646238673322 0.009536770652236378 0.10203161866866368 0.09992267631419892 0.10032562449410234 0.10705989281070488 0.09651812266923052 0.00929519799772087 0.010215651609303027 0.010374914510164803 0.009545143821713618 0.01093654121226225 0.09063242299303481 0.10394507808797054 
0.010060919390786287 0.010944474210152278 0.01057110954435953 0.10675154046325952 0.10053682701816179 0.009460110380613972 0.010924167821202717 0.009274262773759909 0.09199781373970028 0.10562350052971939 0.09992084267303189 0.10402002667685316 0.09106915589022957 0.009698396767223125 0.009622095905644737 0.009976326275012963 0.010501341422620786 0.009704006502524645 0.10690806686356935 0.09334060693031283 0.009145979055121937 0.009769491782918846 0.010879177132314873 0.10940533818806109 0.09155438855563089 
0.009322172297494642 0.010255764065306717 0.009115305406915747 0.10328620891464076 0.09538242548706306 0.010525995795439452 0.009456467107198175 0.010089935258506986 0.10728310251285444 0.0976338209198149 0.010537471209853046 0.009264128707121521 0.01030609677659828 0.09870433914088764 0.107156741332836 0.09728127593257004 0.10339408856699982 0.10762809946214968 0.01087325180222795 0.010851817213020287 0.009253981147736033 0.009938378979724199 0.009224655703384278 0.1074490753918621 0.1028550753514296 
rate 
0.10028754353683866 0.10866810968579187 0.10052275122294559 0.009931957017643118 0.010246681655777912 0.10269219046504388 0.09471254034630833 0.09581781492442587 0.009531340125159106 0.009263667407485514 0.09223443944522652 0.09118910233487326 0.09178413025098886 0.010734575006813008 0.009276139779202717 0.010792810709988259 0.009948647282732901 0.01043554253782651 0.10717580136902148 0.09673622225731202 0.00923512552973607 0.01068798689978021 0.01022047463165969 0.10685387080374023 0.10976869291427623 
0.1046009726455891 0.09658473699389987 0.09255794361151182 0.010412067308526007 0.010979144896547444 0.009263519870239333 0.009476299333666892 0.010355904944138069 0.10974504797088534 0.10162935471406052 0.009162005319590752 0.010825898064137026 0.010992269520965383 0.09145379559340633 0.1033060410816878 0.09551280227164466 0.09547748371306936 0.10469505354308846 0.010604539640668095 0.0098671993821177 0.09516840537111106 0.0955196691316334 0.10466376905313944 0.0106320872049968 0.009906509569633964 
0.10960964397421845 0.09755664592810662 0.09684076402245442 0.009733741648619126 0.01010906792236843 0.10966367381563345 0.0916804163764872 0.10267692534615779 0.009081957331435601 0.010912560365283796 0.010247690470502438 0.010096190888677256 0.010306727896844016 0.0925092640616224 0.10224779196642271 0.009671222886901126 0.009121918992478242 0.010812840655617936 0.09793069172385534 0.09922897257730584 0.09401612395157494 0.10507900480045758 0.09475583270016723 0.010968891514096751 0.010803418716602524 
0.09247051365471111 0.10707198109374456 0.09873751695181388 0.010618049899206956 0.009520115114788083 0.10889319534054052 0.09933379980005638 0.09749537560347 0.009494706476329672 0.010759187881504787 0.00971083432676209 0.010108433367266564 0.010333697552194394 0.10665451955129271 0.09165236075543122 0.10797990302527716 0.10134807415891821 0.09009450579564024 0.010858320489180204 0.009563520987295532 0.009803818110729034 0.0090680014718496 0.010172022687775426 0.0914323071072429 0.10224398411297982 
0.10442549346978583 0.09522118925480118 0.1099524686367013 0.009301422737024364 0.00999730966895739 0.09414683876073687 0.10944075798373998 0.10765458935865163 0.009846969944920982 0.010271992945773823 0.10118370001523663 0.10882349481979417 0.1092241929899416 0.010710784567655507 0.009684249318706588 0.1012989515427742 0.09550694288442792 0.1006553186425278 0.01081534969835485 0.010749026539052622 0.10505385722245582 0.10145638672906805 0.09780419829123237 0.00975899186555307 0.010481033960023959 
0.09431293199603882 0.10796584408125905 0.09958188314914995 0.009955361882700768 0.010417871041602147 0.10173849908170945 0.1029378350645252 0.0939798278316749 0.009189742870954403 0.010245334247250184 0.10866830818576761 0.10491353500478587 0.09664652243322269 0.009910524877115221 0.009483769641768175 0.09186354193226394 0.1065842657877577 0.10887896104687866 0.00961888350162023 0.010292688303413778 0.10258914739684165 0.09424454112107475 0.09138416984486974 0.01093183077587886 0.009595754155163764 
0.010535190597346708 0.00962123474060492 0.01048811934473084 0.09406473074841765 0.10363806552621176 0.09789726111001341 0.09523787045222527 0.10771050445265225 0.010473821392336873 0.009257079493201967 0.109310924720138 0.09380209629703894 0.10270664126608964 0.009868480416253898 0.01035425975433174 0.009216420437548918 0.00906605462831747 0.009850471107938857 0.09333550433326296 0.10627487084945955 0.009976197037719573 0.010644526806236416 0.010307157118301363 0.10183276177513848 0.10928674518006361 
0.010755983981844191 0.010549153858785637 0.010538004933044732 0.10268457939810981 0.0976901278794395 0.009994704596868614 0.009320314765988269 0.010387648269061394 0.09337429240825165 0.09399498044177777 0.00990828862993088 0.010322562022167511 0.00916904845849745 0.09209651623974507 0.10695370658121653 0.009873740815096581 0.010426564392972381 0.009614230036691823 0.09183201363674277 0.09986703339180449 0.009171549786805464 0.009143854178450164 0.010888334459372016 0.10343621599552832 0.09376003586961108 
0.09199304892882507 0.10481947285601484 0.10164388847156103 0.00973384904280632 0.009575706847817092 0.009294134196388573 0.010082440584193135 0.00914661930506148 0.10207356923235118 0.10430800635506099 0.10094030953355489 0.0999049946620536 0.09032454541139884 0.009177584922918097 0.010917876318272427 0.010678529168008693 0.01077510783527854 0.009822220426557756 0.09717394479956742 0.10484298586058159 0.010563316510787955 0.010314732355318839 0.009720146737140762 0.09966519735691033 0.10792177029026973 
0.10765802274311805 0.10563407073209406 0.10170228996525849 0.009616710976819515 0.010304945587280503 0.09406785005883003 0.09892706489147604 0.10680826934811927 0.010460517950509323 0.010469240266798727 0.10171755820808281 0.10909655148985267 0.0981992814369692 0.010144485749037393 0.010893362893424706 0.010747538074232994 0.009614933966816508 0.01099183876631299 0.10064520911518691 0.10187110962836704 0.10143900438560186 0.10553909447833217 0.10731611313997254 0.010637891824504388 0.010222206916206135 
0.09824083143193005 0.09865164226243965 0.10836452031455202 0.00932896233387125 0.010792381801969267 0.01036463196838154 0.00995350326798783 0.010777076264390917 0.09198891573436618 0.09270987815112822 0.10697999023439674 0.10508806555858118 0.10946996106250154 0.010935622939057484 0.009495545697138006 0.10879133820046981 0.09042457165157708 0.09784595545641873 0.010924091792208162 0.009622462828025579 0.09918389557213188 0.10264938517002659 0.10792963538864045 0.010589621061767904 0.009291599275231219 
0.010729433105703524 0.010347779677031767 0.010926632175934354 0.09129768222330026 0.09364173233936378 0.010048907346529596 0.01036763340836788 0.009064624536262498 0.10124608728573144 0.10194867942028496 0.09421924646612384 0.10671748331334184 0.10275499463489353 0.009034641966904965 0.010643886793068338 0.009938964885065975 0.009608933196043315 0.010603527657629475 0.09857432115093893 0.09961421573579349 0.009464547826242743 0.009936814824001128 0.00966527705475794 0.09532155615306892 0.0965708061449637 
0.105454677729505 0.0903764119797617 0.09311876077462558 0.010038444472931266 0.010395073584850421 0.009616435710444866 0.010099877781348396 0.009283070072212409 0.1037464500921695 0.10585727398143084 0.010715297133389161 0.01096832351564679 0.010155151235962352 0.09729982830371751 0.09385878470418754 0.00921922710835384 0.010134129619661971 0.01014261174437934 0.10115665938135426 0.10106873973221187 0.10483651245602997 0.09148452349975593 0.1050620233550196 0.010382085758313564 0.010335012909525508 
0.10542264890708403 0.10142133320784741 0.09830217807312835 0.010089278633644607 0.010146853777705385 0.09107423674409462 0.10998519116342294 0.10636375206007087 0.010526458351485373 0.010336734704619996 0.09352880848190787 0.10973423793428783 0.09632749699553059 0.009392580253490214 0.010879775908101446 0.009909479330100666 0.010855883383947747 0.009769348432751922 0.09625696259569 0.10269919124005585 0.01036051346670841 0.010309972386239477 0.010039604197008214 0.10780549729690343 0.09114324974310617 
0.0985301380956577 0.10928153541346664 0.1096231254604132 0.009441988689458065 0.009568872653922826 0.009935411748859323 0.009297457530258062 0.01001895717816945 0.09549629419267036 0.10118410716048909 0.00953303999926322 0.009573058724264989 0.009746470924513178 0.09720423579444026 0.10506677215586915 0.10852043386669859 0.0946802422187107 0.10320342690099504 0.00982059843267665 0.009731968346089775 0.10808420566266663 0.09641600668737417 0.10939887612065145 0.009101240134438734 0.010281428454316628 
0.0933855144235631 0.09178574289008161 0.10797786179556002 0.009195748324532429 0.009222895425613317 0.10139449209195112 0.10546938544256977 0.10904972407255782 0.00976424683034269 0.009897786155643701 0.01093284813543878 0.01039232230105431 0.010666588807222556 0.09832417156051253 0.09326287714638094 0.09165868612387958 0.09002501405053948 0.09646640310551464 0.010366889085653214 0.009201078064025849 0.00976537293191045 0.010986827622237213 0.010874486311739965 0.09346428814872049 0.09221901483720903 
0.00911295444076782 0.010080210246524255 0.009155265241927661 0.09650125962020809 0.10979069262225996 0.009099283092104364 0.01082662999226703 0.010108233685703643 0.09941268603748188 0.1039411199383441 0.010449445919599256 0.00902473776684412 0.009820873890196211 0.09974207800601705 0.10674007459156479 0.0962860273999227 0.09704313321586254 0.10575529830782278 0.00933882464652348 0.009635864011364617 0.010005168324146036 0.009735071114367427 0.010815393323666513 0.10275134131360456 0.10679017422062219 
0.01094005637974428 0.009471390623757979 0.010668770610923948 0.09810251972340034 0.09417126742079521 0.009924804390754625 0.009514248875623861 0.00960690066103077 0.10983871145736655 0.10313060509625023 0.009258687642816782 0.010525098787102987 0.009409770147893761 0.10749041665709434 0.098406966744556 0.1046112749043076 0.09996864598083799 0.10643226310566606 0.009900069992757663 0.009589251935092448 0.010930642835725929 0.010129660720286883 0.009633415012624515 0.1051094382064243 0.09868835059879094 
0.010127115516778815 0.009411672980079753 0.010055986408164833 0.10833639404163026 0.10868556048165307 0.010220135259900471 0.010589261675143983 0.01080432651045156 0.09703661422444534 0.09994810006896424 0.09006212031948846 0.0918589195442542 0.10327221377341107 0.009159680923974536 0.009977291633174946 0.009216155409617162 0.010443864464997375 0.009692555046843175 0.09342575604716466 0.10090201504886154 0.009264285481319119 0.009999285440359459 0.010154739914018995 0.10850149813425328 0.10122898217551157 
0.009928733538582878 0.009292512968076108 0.010323728386121783 0.10473870076990244 0.09797390159781369 0.009193457216875508 0.010811337351206537 0.00978988033283967 0.10460212168633716 0.09045560129422546 0.010748742231387134 0.010143801405010464 0.010598580229670737 0.10755953426744141 0.0999636613882235 0.09299565847038987 0.10263660022324356 0.10342973477851769 0.010937094543703925 0.009608056447099958 0.010044287378634956 0.009424911418797534 0.010822153533472748 0.09914498163150853 0.10957908743450395 
ability 
0.014162561843014447 0.014559621232640244 0.014021494542529978 0.1388701821106268 0.154401391853594 
0.014351704315234982 0.015836118818334525 0.015029953031645017 0.13919693518824466 0.14378763859014804 
0.016252885104075465 0.014026553356581116 0.015742252091452018 0.15682626648332834 0.16489193835760033 
0.014411273342821997 0.014163144120372019 0.015758168303900245 0.15862414441691872 0.15080092452764146 
0.015291812029016309 0.016121489404044762 0.015145865911900619 0.16378892246843882 0.13503768895053836 
0.014456578361244365 0.013517316283864909 0.013989532336145027 0.16483036902508225 0.16062724586187213 
0.0163057447113922 0.01433678857077533 0.015408111043162956 0.14503506365522692 0.14920560286297113 
0.014722504213354595 0.016270653800243423 0.015650581226317822 0.16227657651411692 0.14177487129393382 
0.016253825900439025 0.013552808784805711 0.01446294129501084 0.1639398538316321 0.14029011094607644 
0.015271270365735803 0.014833342359810875 0.015392337314260577 0.15454312682247764 0.13895781689664205 
0.16135806662222216 0.14709437029392705 0.13932694904099663 0.014522064288765553 0.015199707085676572 
0.14171321806560802 0.15951083859545673 0.15366472384971777 0.01377114834607325 0.013826866941752983 
0.13764782289266247 0.15304359301197198 0.1404076373158549 0.014799586593639556 0.016387786041659955 
0.15563007091117437 0.14589839412201433 0.15369280641726243 0.016172750590631807 0.015081607580122088 
0.15020149386845805 0.15532638405335533 0.14665698504715716 0.014080950215171192 0.01465625234055606 
0.14354240326459342 0.15380907509188554 0.14000022471210496 0.015748803122611205 0.016468626588686443 
0.16440208575629056 0.1352638241452735 0.16013513826081313 0.0161834401992314 0.014082817664092036 
0.16155459253594076 0.15032746221752688 0.15680277199626946 0.013812398581671192 0.013966424688921982 
0.16090482393761504 0.15074882292081665 0.14775673847208767 0.014415672060583015 0.015360578896084462 
0.1356079821183097 0.1406798969675841 0.14040246609766865 0.015710743217785317 0.014533573421688996 
0.15470271948799644 0.16196706733911148 0.14755858768219585 0.01586150980768737 0.014945740508050849 
0.136370693064581 0.14084429237616583 0.1531168716085066 0.01552401744634962 0.014162276530196256 
0.14549514975267408 0.16072217531735455 0.14862213435432006 0.0146613268041529 0.016238597702926124 
0.16248529733655978 0.14658823966693788 0.15621175421621156 0.014246589349085317 0.015055186650709708 
0.16275014454885045 0.1350599401563108 0.14585094464118398 0.014200228244194493 0.01641661613346075 
0.16459820238398068 0.14356669266332334 0.1377070737482983 0.015613606429446404 0.015677348599575636 
0.14176876657982254 0.1477719696359123 0.1375429557225089 0.01474208915681912 0.014442655536418457 
0.15369188082428523 0.137567163101731 0.15009878455373535 0.014373613963402022 0.013970529052169082 
0.1464581249226492 0.14535232783071658 0.15731156720128028 0.014168867424160929 0.013568325373015997 
0.1396470061379763 0.15625395846695783 0.14464283068759975 0.014360446017753744 0.01495443721257271 
0.14156000026592488 0.1490507744195999 0.1546529535446086 0.015387316353827705 0.015235859186199473 
0.1426966916466122 0.16192739130784028 0.15934617502013126 0.016019482938633218 0.01436661246526177 
0.16021824355522732 0.15120693292421536 0.1411215631106564 0.014878128358881066 0.014313695852919655 
0.1352018001409717 0.14002247014698962 0.16356523339149917 0.015126262150793242 0.014968537450524544 
0.1534926804512039 0.13829805725581004 0.13646993896137832 0.014625255602112882 0.01633090090244178 
0.16001418523180921 0.14218995933529388 0.1409421964961246 0.014016661022992974 0.014907927545555628 
0.1520078906447967 0.15339184433411485 0.15376615672081648 0.014239051747437987 0.01439986514348343 
0.1643264814963687 0.15181506922063084 0.15080558821015425 0.015899068645710144 0.015291988744654645 
0.16173396325217806 0.16162086052773939 0.14853117928591816 0.01554157256565247 0.014637937944163383 
0.1562792737684038 0.13790296554811593 0.14141767903588603 0.01541681339039258 0.016298739973284876 
0.15306362756891195 0.13517074939452123 0.16271326597162025 0.015109812454748055 0.015860152852912285 
0.16417747766945165 0.14356723197529167 0.13821386799170599 0.015556256228440753 0.013606964507730291 
0.15041141758239363 0.15872166505930643 0.15857770286104322 0.016429098802679946 0.015942477007807508 
0.1522371500435248 0.13974131148510385 0.14931411692667637 0.01576421123379464 0.014476966669168078 
0.16017356278904193 0.1615803634406447 0.15869603135998459 0.014560196637156483 0.014389902847948215 
0.1559232930646575 0.14826039210425948 0.16445607802483955 0.01594809076284432 0.014834233519686506 
0.1626379880856518 0.14504835591342793 0.16449739967530635 0.015455103947785065 0.01559057184303367 
0.16488530310717395 0.14307118994690843 0.1358093915720548 0.015022741101126233 0.014134335280131373 
0.15754718588857544 0.14665112633532326 0.1452064271986294 0.013834802491739847 0.013557113379465854 
0.1379590002018385 0.15401575426345954 0.1377097902739872 0.01593310379709081 0.01501624168559139 
