file_name
position_num 20
robot_num 200
position_x
84.18755071020524 -30.92523916229159 -47.215746898622825 88.41073618956275 -15.756496112946223 34.206470497019836 90.36798596312136 -55.8369063369672 -2.2272918055426203 -30.936011521386902 60.787242918512646 61.10253168683073 -20.14085743104721 -34.20380935773596 77.24034200960969 26.242344452504526 49.25498702667315 73.78141865454296 58.51422866529384 -14.471645567232486 
position_y
73.73200093958349 -63.73438270413894 2.405018431745077 73.11751397141384 44.30375877468279 -97.50945528166355 21.931475792980052 -66.76882361698473 55.18705551668842 6.37782614408647 -87.09232716638229 -82.34853929080244 61.59424577305097 -89.0636560865937 -90.3692548878355 10.43741771422377 32.23861649227027 15.649820868144573 14.742293900491049 -51.031502167481314 
distance
0.0 111.91046267949267 70.84096241527622 47.276959175182206 114.72850178983582 47.02223103301854 103.33526258344841 92.99119591385504 87.03927800986901 55.231982812398535 31.58660277990617 106.20810869651355 102.54170518315455 64.80358979569556 95.40563615474395 118.88091799251912 28.24181883139057 58.867496467349625 75.42290522037688 60.3427724399762 53.04378134044791 
111.91046267949267 0.0 179.29852488047047 149.513762096162 4.267656245189677 104.18653431372181 178.38650371608873 52.16792295443037 198.361614916876 88.38235122330511 133.3792316789748 162.51781107152925 157.77849391447074 105.0320991210327 201.2931694949474 164.24824465687797 85.81288477798347 54.24006783178428 59.00700997517954 64.33432211020558 159.0583814756599 
70.84096241527622 179.29852488047047 0.0 68.11608492067673 181.57509916526155 109.09780373543256 73.36821608000221 148.49473315027882 25.095796322798027 122.33511618092653 70.11220967578257 94.6402289669836 93.89141298804378 125.79176445737096 25.540577765774746 111.39663085792594 93.64608157128698 125.0587271903385 131.39762542746894 118.98742444556639 20.78662830090453 
47.276959175182206 149.513762096162 68.11608492067673 0.0 152.95358753660395 52.3945503112777 128.88940818799162 138.96246286408396 69.70900095284665 69.35347525898344 16.7574754981789 140.26553631790995 137.5355045882521 65.08774287792004 92.38954993239084 155.23009971107444 73.89594456520422 100.97844362695547 121.71991974808176 106.447339556882 62.67086967445007 
114.72850178983582 4.267656245189677 181.57509916526155 152.95358753660395 0.0 108.07888218381062 179.02978817995177 51.223445130918094 200.93673088401977 92.39455319031605 136.74001652943505 162.57383115954926 157.84622817822827 109.1615050626614 203.31517085833744 163.86793859133383 88.28195397691955 56.606156481583 59.30052851494648 65.58557372225492 161.23821719495228 
47.02223103301854 104.18653431372181 109.09780373543256 52.3945503112777 108.07888218381062 0.0 150.35719375360694 108.45701794594471 118.08284313514633 17.363338307077314 40.85087580377707 152.0653655029568 148.14896138547647 17.83770065923294 134.63718176169326 163.6619458204555 53.95212382905314 66.12155925496519 94.01109689000498 79.93760544695566 95.34391863058357 
103.33526258344841 178.38650371608873 73.36821608000221 128.88940818799162 179.02978817995177 150.35719375360694 0.0 131.98580164330906 95.14618303857937 156.98293998237781 122.62181782028608 28.549150962741013 30.874770949887225 168.12977054117698 68.92965917404096 43.62220259255732 108.2402637341722 130.61783943549645 119.87993285124568 114.8534818872316 67.30348511963508 
92.99119591385504 52.16792295443037 148.49473315027882 138.96246286408396 51.223445130918094 108.45701794594471 131.98580164330906 0.0 171.00764207455143 98.38607141163814 122.29708019050214 112.96552558543262 108.30876400306468 117.41098666994026 166.8473898220333 113.06541976756304 65.14761139340388 42.38532565574265 17.736217287705724 32.65495659577871 127.7299670879122 
87.03927800986901 198.361614916876 25.095796322798027 69.70900095284665 200.93673088401977 118.08284313514633 95.14618303857937 171.00764207455143 0.0 133.21871950095837 77.26892605624471 118.38174262143136 117.97270746150856 133.2339502181218 31.065260980084393 135.15374350592975 112.68454690264235 144.38413779824455 153.60254923786547 140.4287874876554 44.257746044654766 
55.231982812398535 88.38235122330511 122.33511618092653 69.35347525898344 92.39455319031605 17.363338307077314 156.98293998237781 98.38607141163814 133.21871950095837 0.0 56.62624355959147 155.60930024636974 151.41567416428677 19.024928919722324 147.75237890747817 165.83649876537208 53.03819635052917 56.36537844648477 85.67681710625774 72.97472885389898 106.92196311117141 
31.58660277990617 133.3792316789748 70.11220967578257 16.7574754981789 136.74001652943505 40.85087580377707 122.62181782028608 122.29708019050214 77.26892605624471 56.62624355959147 0.0 130.95734024837665 127.8415478597486 56.261784085434705 95.49740851504028 145.12794752031888 57.322287773547345 84.25779919727125 105.12711386133316 89.84046855567266 59.72358264084379 
106.20810869651355 162.51781107152925 94.6402289669836 140.26553631790995 162.57383115954926 152.0653655029568 28.549150962741013 112.96552558543262 118.38174262143136 155.60930024636974 130.95734024837665 0.0 4.754253928423046 169.28394607481783 95.01150535730217 16.776254796380712 103.46690846112546 119.88689269648863 103.56059861649831 101.85998547824862 83.45228214801068 
102.54170518315455 157.77849391447074 93.89141298804378 137.5355045882521 157.84622817822827 148.14896138547647 30.874770949887225 108.30876400306468 117.97270746150856 151.41567416428677 127.8415478597486 4.754253928423046 0.0 165.28766937463192 95.5426158155845 18.02112096131871 99.11844667543399 115.19800599371762 98.81514442929644 97.12532729577221 81.80594771660579 
64.80358979569556 105.0320991210327 125.79176445737096 65.08774287792004 109.1615050626614 17.83770065923294 168.12977054117698 117.41098666994026 133.2339502181218 19.024928919722324 56.261784085434705 169.28394607481783 165.28766937463192 0.0 151.3128216961229 180.4882365629745 69.05376509655883 75.3494273267604 104.55756369072687 91.55177749826322 112.76834246507806 
95.40563615474395 201.2931694949474 25.540577765774746 92.38954993239084 203.31517085833744 134.63718176169326 68.92965917404096 166.8473898220333 31.065260980084393 147.75237890747817 95.49740851504028 95.01150535730217 95.5426158155845 151.3128216961229 0.0 111.45179882899 116.422511560123 147.2399810742017 150.4184886402412 139.18444535062508 42.846271944969864 
118.88091799251912 164.24824465687797 111.39663085792594 155.23009971107444 163.86793859133383 163.6619458204555 43.62220259255732 113.06541976756304 135.15374350592975 165.83649876537208 145.12794752031888 16.776254796380712 18.02112096131871 180.4882365629745 111.45179882899 0.0 112.97247893152239 125.76116339268465 106.07548526840905 106.76659126180303 99.79252203638602 
28.24181883139057 85.81288477798347 93.64608157128698 73.89594456520422 88.28195397691955 53.95212382905314 108.2402637341722 65.14761139340388 112.68454690264235 53.03819635052917 57.322287773547345 103.46690846112546 99.11844667543399 69.05376509655883 116.422511560123 112.97247893152239 0.0 31.699747418652002 47.823976440964415 32.55774054848972 73.72962155572701 
58.867496467349625 54.24006783178428 125.0587271903385 100.97844362695547 56.606156481583 66.12155925496519 130.61783943549645 42.38532565574265 144.38413779824455 56.36537844648477 84.25779919727125 119.88689269648863 115.19800599371762 75.3494273267604 147.2399810742017 125.76116339268465 31.699747418652002 0.0 29.609694166870153 19.79532419431344 104.85702820206066 
75.42290522037688 59.00700997517954 131.39762542746894 121.71991974808176 59.30052851494648 94.01109689000498 119.87993285124568 17.736217287705724 153.60254923786547 85.67681710625774 105.12711386133316 103.56059861649831 98.81514442929644 104.55756369072687 150.4184886402412 106.07548526840905 47.823976440964415 29.609694166870153 0.0 15.294139248903383 110.61194413947489 
60.3427724399762 64.33432211020558 118.98742444556639 106.447339556882 65.58557372225492 79.93760544695566 114.8534818872316 32.65495659577871 140.4287874876554 72.97472885389898 89.84046855567266 101.85998547824862 97.12532729577221 91.55177749826322 139.18444535062508 106.76659126180303 32.55774054848972 19.79532419431344 15.294139248903383 0.0 98.25034395195452 
53.04378134044791 159.0583814756599 20.78662830090453 62.67086967445007 161.23821719495228 95.34391863058357 67.30348511963508 127.7299670879122 44.257746044654766 106.92196311117141 59.72358264084379 83.45228214801068 81.80594771660579 112.76834246507806 42.846271944969864 99.79252203638602 73.72962155572701 104.85702820206066 110.61194413947489 98.25034395195452 0.0 
lay
0 1 
2 
3 
4 
0 1 2 3 
4 
0 1 
2 3 4 
0 1 
2 3 
4 
0 
1 
2 3 4 
0 1 2 
3 
4 
0 
1 2 
3 
4 
0 1 2 3 4 
0 
1 
2 3 4 
0 1 2 3 
4 
0 1 2 3 
4 
0 1 2 3 4 
0 1 2 3 4 
0 1 2 3 
4 
0 
1 2 
3 
4 
0 1 
2 
3 4 
0 1 
2 3 
4 
0 1 
2 
3 4 
0 
1 
2 3 
4 
0 
1 2 3 
4 
edge
0 2 2 3 3 4 
2 4 1 4 
0 4 0 2 1 3 
0 2 2 4 3 4 
0 1 1 2 1 3 1 4 
1 3 3 4 0 3 
0 2 0 1 2 3 3 4 1 3 

0 1 1 3 1 4 1 2 
2 4 0 4 
0 4 


0 4 3 4 
0 1 0 2 1 3 3 4 
1 2 2 4 2 3 0 2 
0 3 3 4 2 4 1 2 
0 2 2 3 2 4 1 2 
0 1 1 2 1 3 2 4 3 4 
0 2 0 1 2 4 1 4 3 4 
demand 
0.1054999776382323 0.09692397299285337 0.0950371433805184 0.009832677268726565 0.00947615091024367 0.10158325372260579 0.10935634540489994 0.10112854142489347 0.010750825063392542 0.01019231784879331 0.009228430734157618 0.00920945720123366 0.009533849017253928 0.1008154732405161 0.10951809531972795 0.09446092213987257 0.09366466679718971 0.09767118918293147 0.010830156964883242 0.010064149252909363 0.09857723238691272 0.09941251276441762 0.10782489374818392 0.010734733596191823 0.009945361982316277 
0.010140024237184528 0.010645761369775157 0.009224713075023261 0.0984321240639825 0.10356725836457255 0.10733413360136429 0.10832767145496017 0.0983657751797335 0.010078392728962058 0.010039965378024962 0.009801747685073789 0.009211405897526007 0.009824337521254537 0.09414802232852881 0.10583376179593425 0.010976327715047177 0.009011499961158069 0.010688017748167512 0.10850159197379883 0.10628898143820659 0.00903277598681634 0.010723805045766735 0.009754498502407134 0.10715849358707948 0.0977814964190882 
0.10419671284742181 0.09576756894204984 0.09452367345555174 0.010367319509507606 0.009770423204133514 0.10748269793177712 0.09991121928241149 0.10453995156160052 0.010571875848870258 0.009275167212091295 0.009671767093125994 0.0091940632275226 0.010582430178707348 0.10849804311559297 0.09921297749193907 0.09071571646157754 0.10355744675987957 0.09168147875994472 0.009606277333778153 0.010255066629440842 0.01031885484583101 0.010636226052463128 0.010364752487942004 0.10665137255597382 0.10440579714508763 
0.01085860569511536 0.010297242340669626 0.009339426890942207 0.09389255111228746 0.09025619445760501 0.010815834398426854 0.010369909313484735 0.010318769221877386 0.10665920638093938 0.10932062342731148 0.009282401604713525 0.010227041517665071 0.009133227698189623 0.1010085452189077 0.10331940522886184 0.09046292279214802 0.10243010943270457 0.09000855242620369 0.009542102611252849 0.010967450982913254 0.09302971836567214 0.10987537043969353 0.0978636385277431 0.010886306271868582 0.010896370163371081 
0.09366400186346585 0.10041034174263307 0.10296592845286144 0.009487454386611001 0.010848879521991763 0.09013771055323822 0.09202423684967026 0.09107366286541939 0.009306563965290957 0.009712599097906014 0.00967468199159145 0.01036426367046975 0.009012335907569674 0.10578029646774834 0.0927005458430053 0.10314088071437288 0.09844448173183706 0.09558420634456977 0.009743299648739658 0.009087403553725266 0.10402839460694545 0.10301431350568982 0.10840802773384849 0.00941790784566679 0.01006895199156736 
0.009642096416227689 0.009503505530062337 0.010258870118980443 0.09905324777304338 0.09022521669968386 0.10022269677790288 0.10381285995076445 0.109065256996873 0.010108884687189526 0.00956654143708487 0.009320685597836699 0.010737484501712285 0.010484757894237378 0.09739873507330757 0.10353467412673623 0.009658745275983429 0.009154674797024946 0.009403500436573247 0.10271176502848639 0.10659097255517924 0.10681912451310693 0.10590327354578398 0.10369379711818744 0.01063592106045948 0.010601243887430459 
0.010111691806756046 0.010077587817173573 0.01097111646072995 0.09368854552200928 0.1089805126409499 0.10660952945337165 0.09980471499214376 0.10950324722875754 0.00960699066352242 0.010121524186940137 0.10835904015799835 0.10234645389101048 0.09769515192428582 0.009010668991638224 0.010304048098253065 0.10172843507740066 0.10119941996071913 0.10892338319746755 0.009636196817090032 0.01013650510156091 0.09731174102864897 0.09718074418186287 0.10437440842152759 0.010484581434418555 0.010878070090441685 
0.009560101482012638 0.010628920616345412 0.010271835868075993 0.09062661028054758 0.10877164728355249 0.09694844719841278 0.09819637324756225 0.10869882342764928 0.010173949463036656 0.009821173549569694 0.09244232042764627 0.09486163932861036 0.10908752331663259 0.009947926971116077 0.009341759502506614 0.010232240637960925 0.009563596364211766 0.0092500037520119 0.10483276092882794 0.0939543617629551 0.00974658456696463 0.009518477231148242 0.010053920069860287 0.103575478009253 0.10640332232007102 
0.10169154425154768 0.10176434318216776 0.0921001939269564 0.009916593135496232 0.010181583042360979 0.10253162889633034 0.10283780952898136 0.09709766464397974 0.009306096307682789 0.010291038001203425 0.0957269457088221 0.10223619757532001 0.10747709411835632 0.010141043208003164 0.010666989088353332 0.09494347261915337 0.09733347151642807 0.09280257560707544 0.010719518696142396 0.0099271819286147 0.09223441025328637 0.09652251932210885 0.10132822648624706 0.010328514063432126 0.01038459507923072 
0.10588879105539711 0.10872759389300815 0.10904188012496559 0.009187352752994187 0.010811309733096987 0.009685461091838916 0.010335453400938917 0.010618983420463095 0.10649179028943773 0.09584109856155744 0.10682791539009151 0.10641196986632506 0.09415834691741487 0.009910799816812421 0.010894452344706406 0.010518884556365234 0.009217232895435658 0.009480706678907276 0.1067230829561245 0.09017946708181636 0.010617795072560356 0.009611425527858725 0.010324065854608851 0.09061387781352184 0.09285797893557009 
0.009076723233869648 0.01070571125182376 0.00922357434085419 0.10070712685554793 0.10966608174181419 0.009799387809149239 0.010685700807572878 0.010372356971248987 0.093686034301664 0.10396191269940827 0.09976225334217927 0.09651253795453678 0.10080208541538471 0.010786396087540931 0.009356373128948025 0.09382461025280094 0.09218093717304057 0.10321649783969283 0.009879803460126008 0.009719686311025403 0.009148377726582566 0.010140792801385865 0.01052457421917957 0.10267534411436229 0.10564355655625 
0.09353284129248406 0.09783963992873468 0.10679242424301671 0.010505870064295 0.010397216929493762 0.010812613544531544 0.00930466329514898 0.010615450266530584 0.09832032078289514 0.10090990782473637 0.10484049669319387 0.10316074829890115 0.10665051974823435 0.010231876945984047 0.010051774911736082 0.009464995384995005 0.00924448690486989 0.009700871846218798 0.09578843261287742 0.10099825523976486 0.010874872020270905 0.009322526607078448 0.009817669192222118 0.09409291511548 0.0946982419879624 
0.10621259958250123 0.10388096738692898 0.09134311116765056 0.010348691407004179 0.009088878591946417 0.009682283659463688 0.009314521804356764 0.010486743634847584 0.09586435424298019 0.10816046814914503 0.0929031419487868 0.10953485583704317 0.10838499678233456 0.010417840183635556 0.00967889299422298 0.010109241796637978 0.01027836576763609 0.009304555184915788 0.09276983745880898 0.10822042587326995 0.09311570082337356 0.10328386437653464 0.10581582027857112 0.010899166240638643 0.00973881430254443 
0.10468428612503466 0.09620831588701165 0.09299311323984044 0.01096697959815425 0.009654291110080968 0.09427523517907403 0.09408660753068278 0.09093633359345385 0.01095829540194489 0.009079443175243455 0.010030546224774206 0.010643672218525729 0.009035763503838879 0.0966368558892919 0.09393528335398572 0.009558328331810107 0.009978201953582254 0.010635105598133628 0.0943754651549998 0.10371838072567728 0.010259461017175462 0.009413287303893975 0.009068485485515105 0.09960978947689852 0.0991955519970903 
0.10966092736113103 0.09142456344301524 0.096140706517493 0.009116836393591262 0.00990849768730605 0.010925330242082148 0.010083700693721399 0.010181835259111063 0.10071490405534521 0.09023516658490797 0.09025540696335015 0.09542615234281213 0.10881509024834733 0.010585001624239627 0.0105585821281301 0.010745629054610963 0.010047441605788982 0.010362864828013215 0.09805807820969387 0.09458286739811794 0.010982003966966443 0.00933242667025192 0.009503808877450044 0.10071747443366184 0.09859658314117822 
0.0964982563331279 0.10046825135081572 0.09466761289702222 0.009783806402991747 0.00992728562251094 0.10435273263201435 0.10366799253403935 0.09402811482304525 0.009073927593079446 0.009507060519363177 0.10932648386785858 0.09404937540069293 0.10134768199072915 0.009869232439901555 0.009428207696071054 0.009252156481070426 0.009795489898606506 0.009948978069700156 0.10376986156463504 0.10028437199195915 0.009567423384813891 0.009415304944330422 0.009204193370937492 0.10322750287880911 0.10991301987680208 
0.010251121897568827 0.00962433528095481 0.010302403006214404 0.09380176617837734 0.09422195603597125 0.010217911552373447 0.009510595551587795 0.010252105768161475 0.09630645768373447 0.09305857264004075 0.009360803781197283 0.009923885912007638 0.010418639521670872 0.10542997179153686 0.09054789461306767 0.010724390398883578 0.00984412328795324 0.009111453098145287 0.10125918981330147 0.09961025977888259 0.1017724230707541 0.10444628701415513 0.10890587095613227 0.010350948140562114 0.009796093610929583 
0.00925001498577257 0.01074347901896394 0.010350266687267818 0.10051127562623292 0.1039159119225503 0.010642300736526507 0.009787915538224456 0.009659530489643688 0.09225128592871307 0.09153050428965474 0.10700621799226542 0.10605114901879104 0.09392016732761711 0.010652012007547774 0.009533500134422368 0.09996553331363761 0.10573407543162845 0.0912644322006595 0.009652021867775484 0.010319796326983906 0.10374255719769657 0.09850011222290199 0.09524924058928105 0.009930721647236095 0.010758606513176344 
0.09859569793776268 0.09538469257185288 0.09795489231586489 0.009127263513053265 0.009987327750106346 0.010736261214157737 0.009222161189547334 0.009713753930812929 0.09851443568391378 0.10850157711470138 0.009805360066068558 0.009558238744819062 0.009810147992789814 0.10333849953208081 0.09862692261058789 0.1082220266758551 0.10577876147093553 0.10231898421434434 0.009417011414807795 0.010515292457075614 0.10109838588207021 0.09271923557189271 0.09754004770399702 0.010447523086975795 0.010690492448294045 
0.010165573556111519 0.010677695174817379 0.0097885826133424 0.09047609791298175 0.0970899912082629 0.010551353717680382 0.009465129935893291 0.00946580649482824 0.10749108630634963 0.10581282658274496 0.00950118593863693 0.009051250078800463 0.010266676393375479 0.10002574070381352 0.09190936705265706 0.009521897518072295 0.009070120275137036 0.010594638160786566 0.10045524984866888 0.10555678816455827 0.010212546702568825 0.01093503459977633 0.010742732875837673 0.0968763861904115 0.10401421039076414 
rate 
0.09554990021998383 0.0950939570546783 0.09228921119698844 0.010301160580119522 0.009220376634373497 0.09789523725026571 0.0970930493792394 0.0942995574219136 0.00956913815533828 0.009485410669825304 0.010333881885839844 0.009698744062628568 0.01042771742089633 0.10085500884008036 0.09673008531155249 0.10604874959960778 0.10828843691052832 0.09680149764273122 0.010756906411532836 0.009168239540823577 0.09282127374091936 0.10889039627593118 0.10416896500213935 0.009945075806294472 0.009578181292578328 
0.010013482289570719 0.010260885942301788 0.01090194501499715 0.10034739766763534 0.10899038979018943 0.1062214267929109 0.10427227549343909 0.10856459521127837 0.010382934319204467 0.009138392973885107 0.009683662150469133 0.010467539101872234 0.009522760736529325 0.10785569397863913 0.09688446156071025 0.009590303849554708 0.009276151890371221 0.010502760315932507 0.09307147600309007 0.10385458299145967 0.0093429072192169 0.009673195983407233 0.010851469604142603 0.10287605208590898 0.10209561823501023 
0.09575792639578853 0.10354129340229734 0.09208947427965442 0.009930932763343918 0.009749275186146222 0.09756541830600074 0.09586081776170989 0.09300496862475731 0.010194552557965971 0.00906272493437128 0.01085661215239904 0.010041343298746327 0.009119566323245221 0.09947742319713669 0.09147512993471467 0.10134950878809756 0.09724470109745988 0.09846126776587785 0.009072954935953986 0.010881553190572466 0.010980079788331789 0.010044982833861417 0.010773167810616595 0.0942234737141582 0.10772333046711864 
0.010912813487823676 0.010438634518795318 0.010660641092633918 0.10758563085828868 0.10608912674584958 0.009131744106106642 0.009025689439676807 0.009502365685102364 0.10788505117633176 0.09965284495574263 0.009984261527535674 0.009731678329877196 0.010139668364394677 0.09982698688686108 0.10167213115018635 0.09983793681560867 0.10519207777563161 0.10523079382952061 0.00927665671093271 0.009399136179940057 0.10042377973037936 0.09352293505728468 0.09684062370917855 0.0105650984586289 0.009401086108568317 
0.09050014414110398 0.10085307769948836 0.1001422898887751 0.009755619268583999 0.009421323075955662 0.09108367703153651 0.09185978876564257 0.09532900844363262 0.010007169573434485 0.010879201593867944 0.010773726221328075 0.009757170609979736 0.010502270331431744 0.1038569629893425 0.09136706859351457 0.09045678304794647 0.10629982467137343 0.10772913949189858 0.009155667532073999 0.01071769550247856 0.09877422317890122 0.09677084312641325 0.10797605824263266 0.01082730135879116 0.009778181445074686 
0.010804086316056546 0.009495641370213706 0.010280042959688946 0.10643155493222829 0.10951838334238623 0.09636746517953795 0.09975193769599083 0.10241613918090327 0.0101277705731131 0.009683538107014614 0.009602307676480832 0.010180339353625644 0.010004366240377108 0.09401384228186846 0.09539049509797748 0.009313097678388428 0.009522265935261258 0.009360965226944995 0.09600991206816555 0.0998148895927167 0.10405446550270539 0.1050535911319958 0.09905405507248355 0.010286516667601497 0.010431884413678231 
0.00996917793351095 0.009773581430476916 0.009204724157141398 0.09293947875035632 0.10265334337939047 0.0973267929462621 0.09506698500830786 0.09704868145927441 0.00934716182935611 0.010970256601801096 0.0992116632489295 0.10549460944285949 0.09420072313870376 0.009697537367171494 0.009440688593784432 0.09699538439688044 0.09239577553190063 0.0998619402680189 0.009420198599236467 0.009404799939349947 0.09500628344891883 0.10728570047095039 0.10586717669019063 0.009211994417773779 0.010791954707263471 
0.009162380022663593 0.009917024874608467 0.010050574434705084 0.10872230655574083 0.09396300149421 0.09188311965977815 0.10334465047780306 0.10303814571776145 0.010889080945914635 0.009374751007069377 0.10490781811980993 0.09128753893294837 0.09602988713331737 0.009628535008310065 0.009800776202497282 0.01044000864437947 0.009568053621495745 0.010009821366494259 0.09920790596840547 0.09354205056792711 0.009779852251892941 0.009355427252170463 0.010375355158805858 0.09781372639742919 0.10936170436831741 
0.10068651864413768 0.10577701461720501 0.1060046764744336 0.009018998218521417 0.009631780342571186 0.10386222376658893 0.10076682535660225 0.10837753055269375 0.01042273128080608 0.010075609226506273 0.10034151553518843 0.09871242397066282 0.1050571991495182 0.00906855461573108 0.009911566633167942 0.10431488201645273 0.10683017920981414 0.09502375841517854 0.009058948591491194 0.009112426786809886 0.10591661973581357 0.09271959831777847 0.1074433828032479 0.010311011703752494 0.010646317893310126 
0.0920969761035994 0.09880944765352634 0.10817905477506207 0.009141218208063306 0.010084021897480373 0.010607832680686043 0.009325319784089132 0.010963948929516297 0.09474588935023147 0.10152567425094237 0.09561265423437584 0.09036053609049745 0.0980406344508229 0.009657921421898802 0.009365492179920155 0.010229083197294321 0.010066840450546637 0.010569835988084125 0.10495491056277646 0.10084729535765746 0.00953641906142863 0.01021570243156782 0.009766983140059297 0.10533731648324117 0.10088684943118119 
0.009233154943075918 0.009342160559148518 0.009294771234250406 0.10828025098909429 0.10878066770356412 0.009967728964583566 0.010400046978962586 0.010934058137346893 0.10603850502563175 0.0936293221271068 0.10484441045075346 0.10778159801599291 0.10480568843237015 0.00986565673191093 0.010765199193295803 0.10710776357397978 0.10155717418441763 0.1027551113660014 0.010854153744792226 0.010264288495688665 0.010650140808808654 0.010189673346517573 0.009391184325518439 0.09332430538424563 0.09345144118171662 
0.10152027491362076 0.09750393495723658 0.09128722076968354 0.010531208038555324 0.009351433133948548 0.00934086484603065 0.009145440244695331 0.010321610047462107 0.09303612957740726 0.1039302586181151 0.10702282700089177 0.09025565423788845 0.09889515692673838 0.009232064849027036 0.009586469622146258 0.010809507531776771 0.009751671957003464 0.010631201845898545 0.09236614933997445 0.09476098275310627 0.010811674293612157 0.010747780539393594 0.010566536672843112 0.09543237327238951 0.09768814766515477 
0.1054130033089505 0.1089213666083375 0.09417249907976738 0.010700775350642953 0.010394320404869832 0.010026375889912563 0.009100190826915176 0.009997496324771872 0.09938130813499685 0.09505845090119347 0.10508349159121436 0.10665093615062991 0.10515879175414462 0.009480395878167186 0.01088105422319559 0.009383442888643057 0.009984268878778077 0.010751363293808857 0.09658010393514431 0.09075576117799969 0.0992925907584865 0.0907207542363869 0.09620496468498696 0.009225358449319857 0.009457376452490266 
0.10469837866211978 0.10593609877544646 0.10600185414210156 0.009353237752983688 0.00932695009427315 0.09785173249774054 0.092702901485603 0.09741126457240054 0.010430333032286914 0.010118401678103479 0.009952606790990618 0.01009884882854974 0.010185022052412784 0.09593609862253372 0.09090353425392245 0.009161511975039078 0.009088607167697871 0.009463975492578398 0.10228936301261267 0.10649607926218958 0.01012823595142751 0.009126959843900854 0.010938625384836077 0.09889174168159053 0.09567999632593853 
0.10933972180627093 0.09425194881699436 0.10679691983978189 0.010390879226066801 0.010327374534967067 0.009374809518723519 0.01065301882616539 0.010381329881125905 0.10207379028588073 0.10168333232427956 0.1019098165509037 0.09476319078806322 0.09448512768768089 0.009949941784508667 0.010251937424660606 0.010887318783051944 0.010123134332920702 0.009061236979294333 0.09118713015723445 0.10985104379653854 0.009763982438816125 0.010687049003874927 0.010891012334037472 0.10394829633552705 0.10304383496917469 
0.09762066551301773 0.09479101817665189 0.10974905651926999 0.009512837103075716 0.00973231069558796 0.09768747692440434 0.1031091264813273 0.09550349657788001 0.0109508989051755 0.01085204894831327 0.09923253155960719 0.09314477915076752 0.10044572872176366 0.010446338639887642 0.010283700524461765 0.009544330221588137 0.00954343137955417 0.00980810020377914 0.09747013025955192 0.09639204535834145 0.010036061464772329 0.010696511370859781 0.010691607916860094 0.09810773319997379 0.10206708936877569 
0.009969190541239029 0.009276002936682973 0.00958662024543362 0.09843909881418939 0.10016254059357194 0.010946024712532029 0.010795141430256137 0.010536694305891095 0.10866990035811513 0.09872342479331958 0.009666749784939402 0.010645093818613956 0.010948023612813431 0.09733126287951914 0.0906728547525566 0.009617799897499488 0.010352179650532778 0.009779948357053887 0.10854806243668445 0.1063864036817208 0.10069851917059386 0.10695239906999435 0.09345475760481256 0.009283241748454175 0.010174450961575423 
0.009406161375354423 0.009636807610163474 0.010972410946283298 0.1034393102589593 0.09796786889110876 0.010403452366610801 0.010066344064047602 0.009537554509969659 0.09477934989298947 0.10951723595809604 0.09459451593927626 0.1019203024890068 0.10588231594942449 0.009024959311968719 0.010528701373497895 0.09267022432756651 0.09851251592235351 0.09109656164487412 0.010690009498417178 0.010912233480577108 0.0914758956814687 0.10884818022531831 0.09692239383629404 0.009921208956280998 0.009946651609251102 
0.09856487701293312 0.10981004276672438 0.1086406328651115 0.010312180756555902 0.010382444352295142 0.01014871977914033 0.010444310823401342 0.010409430722074202 0.09155768890158125 0.10890186444919435 0.009645732946523546 0.010751389929052294 0.01044585779602952 0.1095004342823454 0.09513284470969124 0.10448981697684215 0.09703011275282136 0.10966918793289958 0.009261617098797352 0.009811454053977896 0.10715821020728855 0.10457490464057635 0.0947655065375842 0.009308670733766657 0.010878336459945218 
0.009678791255839304 0.010728167916500731 0.010267148562001007 0.0918342009586634 0.09758353895370252 0.010435705926351338 0.010588224957332134 0.010754656099678673 0.10575765138259277 0.09316462572002195 0.010823338731563357 0.010119610924889218 0.010944789746059344 0.10628605481344278 0.09690568245781266 0.009503975627217848 0.010915699398779686 0.010899968689011925 0.10219798631920339 0.09175721982981323 0.010459920537399161 0.009963397890157632 0.009207082161937215 0.10426891296622556 0.09396250472955994 
ability 
0.01588274672045611 0.01462997670774398 0.014283910795890704 0.1521244196865784 0.15398947121814863 
0.014948078832884147 0.015927227712612343 0.0136378521569999 0.1356760114678202 0.15426935748134954 
0.01428044661720059 0.014409658433814731 0.013854765865366587 0.13699613943036318 0.14390808922318846 
0.01473091004247091 0.01635721264207797 0.015458593784301923 0.14911839677293323 0.13920525013423324 
0.016043590310830122 0.016369703468482412 0.013571674857269074 0.14595964177393966 0.13959990669320185 
0.014330854964038716 0.01622033809849161 0.015615383682809642 0.1359104630254379 0.15258757148153795 
0.01493808950557756 0.016030452740793715 0.01488206201032901 0.13932427350890514 0.13925231593211174 
0.013844591382950534 0.01400777707469594 0.015578010171617177 0.1468940805955138 0.14697028676497442 
0.013995463778053083 0.014892701822710823 0.014631430776758339 0.16157964914813966 0.14668509830545243 
0.015007796811078354 0.015328123760845434 0.015480379014051877 0.14520332131577657 0.1565639308490987 
0.014027540320811337 0.015257276828836359 0.01473789666530095 0.14193093514086022 0.14844254286748462 
0.01488072244886959 0.015944379978547224 0.015919305908702427 0.13843420733217485 0.14985376195425992 
0.01588655352097056 0.015408045783450508 0.015143573110871075 0.14681052920922188 0.1488987093462927 
0.013884259604237326 0.014278418705405188 0.015129054076037925 0.15595190726726407 0.14810945822028446 
0.015993539941936894 0.01649606712134453 0.016024166309873973 0.16274678507012208 0.13793450121382855 
0.014250466253386919 0.016031518485682305 0.01350650630849575 0.13583383696733703 0.15443558696788354 
0.014189497625528446 0.014381041717789776 0.01430710348547495 0.15042884600772358 0.16354690688061288 
0.01572694373046492 0.014142694074266639 0.015845017040579605 0.15375398106337726 0.14480123491538024 
0.013763453132088809 0.014415200939133257 0.01431045493862481 0.15642687419092025 0.1609748893273564 
0.0163555374747838 0.01410053491007044 0.015005278002563485 0.1587707123435896 0.1528478634193724 
0.015936831133965063 0.016249615951220382 0.01395749074944808 0.15265764561531786 0.16383464969460365 
0.014878626059882955 0.01523073051358184 0.013839295544174623 0.15665584678197977 0.1469527565428568 
0.01578045473349792 0.013967674895758245 0.016432707407971755 0.1600297017564261 0.1602424682088948 
0.014477418581448347 0.014054376836573792 0.01460778889623022 0.15373638147696916 0.1449974035516869 
0.015348602840564916 0.016132836429361478 0.014798378649846212 0.15748969617789815 0.15334952203691013 
0.013692191952045605 0.015258607746663422 0.015175118254959059 0.14588658380257172 0.14121751064880445 
0.014826101867570982 0.015225496963259215 0.01429700267839093 0.143900426148849 0.1458050790042721 
0.015009148921527306 0.01454999046188621 0.015050503479760764 0.14933548763433818 0.1513498504954494 
0.014624524982993924 0.016253401456661053 0.014304856371121534 0.13513356482814554 0.16169840808961233 
0.014552764638727272 0.016265996492436985 0.01503804552980183 0.15279209874401153 0.15420603528929802 
0.015014205256206909 0.01528852583123268 0.015657604530799254 0.14001632436132985 0.1477761768854192 
0.014350369147338005 0.015352340180724471 0.014302174590429609 0.1554794719238721 0.15038702460255576 
0.013606547991908037 0.013971497243672375 0.015294591872075228 0.13884721704041322 0.15622770255993493 
0.016181708240982598 0.015316653645649108 0.014343414391353526 0.14355514726285115 0.16287180348386518 
0.016479734277735466 0.01365117897482278 0.014699191709706145 0.14353146534970063 0.16032721304463168 
0.015136245591247294 0.015221677773821721 0.013875409438741907 0.14745429626776171 0.15083126202518793 
0.01608702168935816 0.015177140427118584 0.013682252713909222 0.1576537043127371 0.1413835215927345 
0.015057965243253904 0.014570887826086863 0.014312270871107298 0.13581532396507168 0.15817015817144703 
0.013811034679802478 0.013971695997400283 0.015108458808977631 0.14856805413792878 0.1539666993036446 
0.015973872491996926 0.01609850345481147 0.0155216618817458 0.1479350054619521 0.1452971284275397 
0.013991285930155509 0.014375493641160586 0.016103343051423177 0.1405434907155876 0.14385204929804593 
0.0154720640059099 0.014125424140062156 0.014782518791718548 0.14959083287873065 0.14379639919416537 
0.016061849437218865 0.014219034042582292 0.015124828887044318 0.13641592133918318 0.15755051767878517 
0.014468780573179388 0.014637909327674219 0.015360473968474349 0.15725728404042547 0.1599829051993132 
0.01515174114082663 0.013780974179453185 0.016244971879026796 0.15356897561308872 0.13874375199573613 
0.0163945736223437 0.015008405160992642 0.014136345525042695 0.14707043404108563 0.1393852544797217 
0.014990626616084322 0.01581189612757658 0.016226813054988038 0.15586337468844533 0.14529680101780537 
0.013841895280138511 0.01419091209012442 0.013631601099111785 0.15519820953613095 0.1425396650060014 
0.0159749983591886 0.01618547240219099 0.01408852607945927 0.14400872481764346 0.16428156053256013 
0.013938251433912629 0.015116969786506503 0.014696065457775518 0.14083304433779453 0.16130502435177033 
0.014574324764563799 0.014841515903707055 0.01563859170116069 0.1581976023061322 0.14473668988467536 
0.01647127561616682 0.01567874364329688 0.013830150814322088 0.13818153541829561 0.15817735423429255 
0.014672331564846163 0.014767255580848645 0.014084224862713227 0.16164489739006996 0.14346320618986771 
0.014564363845597136 0.014666444618001206 0.01536301295970831 0.1618354191468338 0.14412538041111914 
0.01563476923820199 0.01593137061369563 0.014303441689215783 0.1640093914192627 0.16112313190015193 
0.015955171189588214 0.01430056182707508 0.015410902390573146 0.15608666970223306 0.14401599254890537 
0.01575263419059898 0.015873393249594615 0.016200309063788783 0.16000956019321977 0.15345003170513585 
0.013690659491764096 0.0159438847107987 0.016319850771482475 0.15716915637295562 0.137423910033196 
0.016074698675138475 0.013547308937109969 0.015342857501125474 0.13502839275612077 0.1622939154213509 
0.016438872725804816 0.014340154843877356 0.01487377695436385 0.1384950598669998 0.15414404046233918 
0.01625544455737016 0.014861657676159497 0.015626130490972917 0.13626278988510176 0.14525091681908653 
0.014876121514384062 0.014223471594566326 0.01575398947091673 0.16431729875219572 0.15991832510761472 
0.013595252065759332 0.01396851061291589 0.015557410630750924 0.153761439962523 0.1372941276216663 
0.01591459079756976 0.016178754572990648 0.014153390960123016 0.1444084740508779 0.1445037291550414 
0.014402897676745135 0.015219959982532906 0.013892315078707387 0.1514030842062967 0.15416731848252357 
0.016034361191719856 0.013614754881211005 0.015817767665996574 0.13523845202672904 0.14788941733086958 
0.015426112827767461 0.013534844748578724 0.013526324154598524 0.1379668746992278 0.1485192197075441 
0.01622224829189333 0.013616366564602933 0.015102528540776518 0.14682963793345924 0.1399780302237567 
0.014215649504111076 0.013855057834876762 0.016074602125845838 0.1431946186201723 0.13911600586364387 
0.016114079141266315 0.013690282984694333 0.014469587024691774 0.15652137829545656 0.1373517399179229 
0.013709087823492953 0.014573044924891426 0.01602303124811139 0.1644663244023286 0.147944039170528 
0.013729971028716627 0.014268217721073556 0.016071417956189906 0.15591969160810576 0.14854657014401945 
0.01520272928167517 0.013808009884126506 0.015710248986747593 0.15427228028798357 0.15152806981908792 
0.01565597974631401 0.015929247270659152 0.015230782989569099 0.14255432113025956 0.14613678724885304 
0.016208558555843824 0.01422253329639077 0.016326710574145236 0.15307206599683645 0.15161285628665588 
0.016155898170723593 0.015819819200325394 0.015603401712109444 0.13793184967656827 0.15335598164791728 
0.015306954722290477 0.016060729114340606 0.01358650038674691 0.14961080572482732 0.14203187684198074 
0.01582505396915152 0.01609136546309512 0.014182517638675379 0.16380306129466676 0.14030237000103718 
0.01357380562545499 0.014171051491550353 0.014133456134096655 0.14168452627334596 0.16018750217587313 
0.014895405558782954 0.013852052408962198 0.014236153175302002 0.16230862206756266 0.14014455753297514 
0.016448772155222068 0.014776427411388364 0.015427696277049643 0.15125924070438182 0.15352012427603232 
0.015084135045507704 0.013754495680377312 0.01603670255425358 0.15391453293527016 0.13991685558931052 
0.014336030069457056 0.014910777447762924 0.015089098316961008 0.1478364025887889 0.16438056217293587 
0.014802746923001328 0.014029664516404569 0.01543244648014297 0.1648959917440074 0.14986173107270806 
0.01526941601068543 0.014977288919213511 0.015159061205813243 0.13982136011965013 0.14792989390999842 
0.01359428031070976 0.015254226266788483 0.013758550815056598 0.14132815517925787 0.15893989775887687 
0.015331267157222847 0.01544209184626503 0.01446063222947789 0.1400390646083674 0.15882183361161184 
0.015075798472670796 0.015893945315454953 0.016018596177466916 0.16394744519311322 0.15149601996760637 
0.01639827663938435 0.01452816283581552 0.016082988984759114 0.14461431614279716 0.14855718515504882 
0.014914416394334513 0.014260319623628047 0.01636585479727483 0.13978571019872635 0.1477107168669441 
0.01451056571844225 0.01577956958699731 0.013614991009254314 0.13516472474922564 0.15129145092006394 
0.013594915988138527 0.014351056560818276 0.015077678148857453 0.15229441756908993 0.143145342734832 
0.013817151968277458 0.015578406758708807 0.014960191718229543 0.14673846885056957 0.15222553982611295 
0.013730077459970295 0.0164099700389502 0.014187740086966242 0.15897459972782757 0.16479715741888368 
0.01560418479747445 0.015221121563563105 0.015394525818406422 0.15868166307923307 0.1560065808949179 
0.013598987279927529 0.013719790950663975 0.015216704746912283 0.1365390806092471 0.15527785660768392 
0.0153316122895428 0.013624254059383438 0.01471442735604219 0.1556918082317341 0.15851383856861845 
0.014686151239668679 0.013826087319041289 0.015277700396988182 0.14058532568815452 0.15131884017409414 
0.015427373490322508 0.014398623149224327 0.01432401899496991 0.1351745193453922 0.14180571091367608 
