file_name
position_num 20
robot_num 50
position_x
7.296975853042525 -21.004411013647072 -52.58430862996492 87.23178665709534 36.971583617280146 -67.76256316871749 93.31794574640506 69.37191489486912 58.79283528062484 -64.62058506545102 33.82911342470419 22.905985257892738 -71.54489325944668 40.22283471852194 68.45078820234872 7.4539598978426085 74.50568832833994 -34.78073583487485 -95.14585236678104 -71.13853245373348 
position_y
2.349145956369398 -25.754635545658246 -95.99968580764582 40.8388447086696 -79.32334295297372 75.80164082644393 99.6125060666462 -68.32156891754282 80.06403085624547 78.58023881755867 33.761080767794795 -11.999466792947572 -13.898466710855814 28.007875440455507 66.10571862849687 49.963042977751854 -57.763688307899066 22.83015178034171 45.531649278045705 57.11597322793162 
distance
0.0 7.665790456581264 33.23381612333891 109.45797910275029 96.31820098261713 87.5162312511492 101.67425298066192 136.4950195545853 97.36682882550667 99.33200147628412 101.73826196090508 47.793508865860275 25.858680630493332 72.88236500291676 49.0134422325305 95.160267133467 50.51600916299035 94.27481784767258 41.60427160194956 105.4792126846814 91.23006739800586 
7.665790456581264 0.0 39.88472180286258 115.14452197426257 88.71883051710353 86.89636235544113 105.02001428678935 129.84517118990667 94.0619370300032 93.22782242006033 104.80131243107833 41.117684427978425 21.201977795256834 80.49860397879617 41.74305428172427 88.34415274227506 47.614155810568924 90.16963943518132 46.79749374115121 111.17221616394478 95.66365209804327 
33.23381612333891 39.88472180286258 0.0 77.01725144255849 127.08172999532064 78.93555831648926 111.80340810334681 169.665911282179 99.89906957228779 132.53373410277882 113.08464372895868 80.92487806994018 46.014427825837465 51.912513761879474 81.48118314972734 128.22073676194 80.88909516066057 100.73111999303961 50.500185000578185 102.8527477993974 96.8553970157302 
109.45797910275029 115.14452197426257 77.01725144255849 0.0 195.63569187442485 91.09532505681476 172.47050543230966 244.03195987815164 125.057581181716 208.334587889729 174.99434857324255 155.90104570991292 112.93724481229562 84.26217387814567 154.8904164343559 202.30584967472623 157.82810865716118 132.7172137729789 120.15613802655928 147.79243490923076 154.23574249700263 
96.31820098261713 88.71883051710353 127.08172999532064 195.63569187442485 0.0 130.2499111448274 158.8887837145829 59.08793956369185 110.6118028169189 48.449862576742476 156.47221998503403 53.8696598352755 83.24479496035524 167.9470373265279 48.72858847457987 31.48238905543292 80.29789932795792 99.42038571619335 123.33437746970769 182.43800489659415 159.20459443149974 
87.5162312511492 86.89636235544113 78.93555831648926 91.09532505681476 130.2499111448274 0.0 187.1710503671855 187.59784271030065 34.217254402190015 160.87418050748477 187.76184349761724 113.12807789036964 68.77750619510815 126.7132202456935 107.38045015523694 148.79701701907794 132.61319578786575 43.285421620629855 124.83481819185545 181.77949822796415 174.07895966141658 
101.67425298066192 105.02001428678935 111.80340810334681 172.47050543230966 158.8887837145829 187.1710503671855 0.0 162.83085596975147 198.94060586185395 126.62715682442669 4.194357304478578 109.9467027386782 126.21339141699875 89.7798157333728 118.08933129896332 136.55800232504205 79.53086495825883 195.14085305439085 62.40015693923163 40.81809544362505 18.988189545490222 
136.4950195545853 129.84517118990667 169.665911282179 244.03195987815164 59.08793956369185 187.59784271030065 162.83085596975147 0.0 169.63273839190927 39.67525848341733 159.33278313217482 88.74306386918163 131.96619516166447 200.16117662015327 89.14209971823887 41.726254669527194 99.18514632150125 158.49658540479098 149.34792316135406 196.06973828267556 169.85843672100773 
97.36682882550667 94.0619370300032 99.89906957228779 125.057581181716 110.6118028169189 34.217254402190015 198.94060586185395 169.63273839190927 0.0 148.76223696123756 198.8319168580767 108.09328426468926 73.01549016997541 151.06098395747242 100.64308583031331 134.430443394974 133.51060842582618 11.739866806471968 138.40668639996113 200.07161477393734 188.355416151493 
99.33200147628412 93.22782242006033 132.53373410277882 208.334587889729 48.449862576742476 160.87418050748477 126.62715682442669 39.67525848341733 148.76223696123756 0.0 123.42233979442815 52.60371275673728 98.81069579735303 160.67630326228223 55.26923409591796 16.97381910135579 59.512600319848765 138.7204884683203 109.68924343518215 157.76439690902376 131.94231190271555 
101.73826196090508 104.80131243107833 113.08464372895868 174.99434857324255 156.47221998503403 187.76184349761724 4.194357304478578 159.33278313217482 198.8319168580767 123.42233979442815 0.0 108.17162317859606 125.95865822186745 92.73757070452425 116.40320704149065 133.6547942923313 77.54794600374463 194.79678234620815 63.23360504321088 44.98890101312604 22.432082726721248 
47.793508865860275 41.117684427978425 80.92487806994018 155.90104570991292 53.8696598352755 113.12807789036964 109.9467027386782 88.74306386918163 108.09328426468926 52.60371275673728 108.17162317859606 0.0 47.04617351079207 115.65082684763316 8.601107110223873 47.3796999014235 30.95403532689067 100.15671270688838 69.4751511257867 129.51095738959424 107.53444882029967 
25.858680630493332 21.201977795256834 46.014427825837465 112.93724481229562 83.24479496035524 68.77750619510815 126.21339141699875 131.96619516166447 73.01549016997541 98.81069579735303 125.95865822186745 47.04617351079207 0.0 94.46996693862776 43.594273796253695 90.41431891557633 63.860141753770435 68.97023508607077 67.38590446373466 131.32427682243846 116.71039097223574 
72.88236500291676 80.49860397879617 51.912513761879474 84.26217387814567 167.9470373265279 126.7132202456935 89.7798157333728 200.16117662015327 151.06098395747242 160.67630326228223 92.73757070452425 115.65082684763316 94.46996693862776 0.0 119.36568405475654 161.2434820380842 101.58302623900849 152.49567222675017 51.967246294282674 63.94485090482545 71.01560257382928 
49.0134422325305 41.74305428172427 81.48118314972734 154.8904164343559 48.72858847457987 107.38045015523694 118.08933129896332 89.14209971823887 100.64308583031331 55.26923409591796 116.40320704149065 8.601107110223873 43.594273796253695 119.36568405475654 0.0 47.41585192175374 39.4439924272899 92.36923297002234 75.18207511141782 136.49822010821126 115.10271697609555 
95.160267133467 88.34415274227506 128.22073676194 202.30584967472623 31.48238905543292 148.79701701907794 136.55800232504205 41.726254669527194 134.430443394974 16.97381910135579 133.6547942923313 47.3796999014235 90.41431891557633 161.2434820380842 47.41585192175374 0.0 63.09674350055282 124.01730439866115 111.93534848776329 164.88527264477628 139.87849714517782 
50.51600916299035 47.614155810568924 80.88909516066057 157.82810865716118 80.29789932795792 132.61319578786575 79.53086495825883 99.18514632150125 133.51060842582618 59.512600319848765 77.54794600374463 30.95403532689067 63.860141753770435 101.58302623900849 39.4439924272899 63.09674350055282 0.0 126.88964858887428 50.19923613328911 102.69546595082869 78.9173255071184 
94.27481784767258 90.16963943518132 100.73111999303961 132.7172137729789 99.42038571619335 43.285421620629855 195.14085305439085 158.49658540479098 11.739866806471968 138.7204884683203 194.79678234620815 100.15671270688838 68.97023508607077 152.49567222675017 92.36923297002234 124.01730439866115 126.88964858887428 0.0 135.78987284238477 198.62419799013057 185.49818242183497 
41.60427160194956 46.79749374115121 50.500185000578185 120.15613802655928 123.33437746970769 124.83481819185545 62.40015693923163 149.34792316135406 138.40668639996113 109.68924343518215 63.23360504321088 69.4751511257867 67.38590446373466 51.967246294282674 75.18207511141782 111.93534848776329 50.19923613328911 135.78987284238477 0.0 64.49267619310642 49.974062545627646 
105.4792126846814 111.17221616394478 102.8527477993974 147.79243490923076 182.43800489659415 181.77949822796415 40.81809544362505 196.06973828267556 200.07161477393734 157.76439690902376 44.98890101312604 129.51095738959424 131.32427682243846 63.94485090482545 136.49822010821126 164.88527264477628 102.69546595082869 198.62419799013057 64.49267619310642 0.0 26.656105694255317 
91.23006739800586 95.66365209804327 96.8553970157302 154.23574249700263 159.20459443149974 174.07895966141658 18.988189545490222 169.85843672100773 188.355416151493 131.94231190271555 22.432082726721248 107.53444882029967 116.71039097223574 71.01560257382928 115.10271697609555 139.87849714517782 78.9173255071184 185.49818242183497 49.974062545627646 26.656105694255317 0.0 
lay
0 
1 2 3 4 
0 1 
2 
3 
4 
0 
1 
2 3 
4 
0 1 2 3 4 
0 1 2 
3 
4 
0 
1 2 
3 
4 
0 1 2 
3 
4 
0 1 2 
3 
4 
0 1 2 
3 4 
0 1 2 3 
4 
0 1 2 
3 4 
0 1 
2 3 4 
0 1 
2 
3 
4 
0 
1 
2 3 
4 
0 1 
2 
3 4 
0 1 
2 
3 
4 
0 1 2 3 
4 
0 1 2 3 
4 
0 1 2 
3 4 
0 
1 2 3 
4 
edge
0 4 0 1 0 2 0 3 
1 2 2 3 3 4 
0 1 1 3 3 4 2 4 

2 3 3 4 
0 1 1 3 3 4 2 3 
1 3 3 4 
2 3 3 4 
2 3 2 4 
1 4 
1 4 2 3 
0 2 1 3 1 4 
0 2 2 3 3 4 1 2 
0 1 1 3 1 2 3 4 
1 2 2 4 2 3 
0 2 2 3 3 4 
2 4 1 4 
1 4 
1 3 2 4 
0 2 0 3 2 4 3 4 1 4 
demand 
0.09577317283274106 0.10953751636018272 0.10133517448614203 0.010734897551269306 0.010796397021649777 0.009103543649790456 0.010807507769819907 0.00923272763916241 0.09934370887917256 0.10962652818868004 0.009823062485711721 0.009348686767709695 0.010673759966782308 0.0992317194460478 0.09551508667207276 0.10031091968444855 0.10934599775648968 0.09294793436359647 0.010710221651418083 0.010022268350551408 0.09959670656259287 0.09781641980274856 0.10362065685938676 0.009514437037189951 0.010295000306955897 
0.10754244721350069 0.10405811328767248 0.10364115103077982 0.009904853228721892 0.010575822688531127 0.009137290366394739 0.010897473015575266 0.009603342493054662 0.10067518648967333 0.09962209561040197 0.010350388030658957 0.01080105683788837 0.010126624182845748 0.10058775489559375 0.09450185008901668 0.0991543835295261 0.09646617454226984 0.09590977978485944 0.009334655940028117 0.009996357177136896 0.010765194195303182 0.010282765449587871 0.009633642118613436 0.10279146467993446 0.10563515457600621 
0.010055517451522267 0.010940414020312126 0.00942471464766225 0.09814182176915293 0.10834923007085002 0.009094005200397272 0.009474601115263923 0.009839292051094422 0.10846481510629308 0.0912664493958728 0.009733941965425775 0.010812779458554488 0.009634004628751554 0.09008058750823107 0.10013552509514226 0.09995600168185718 0.10919806995691309 0.10672268671980141 0.009824605443456348 0.009401270439151904 0.10792174493089278 0.09667518759982553 0.10821412258915397 0.009514742930344182 0.009373310935706994 
0.010173720054174782 0.009910787693351717 0.009561242633660646 0.09001768464660373 0.1002861769444706 0.09670091155726009 0.09466974417936916 0.10622036031776934 0.009364034161814926 0.010244479577125527 0.1015118230163406 0.10940068467300434 0.09779757167522324 0.010187850041608883 0.0105492418780846 0.10048107108098668 0.09834498614658332 0.09708464402117345 0.010035375764727466 0.009874103722910503 0.09131033524279865 0.10359452247467127 0.10645685743133844 0.009144331365295761 0.010997368433978449 
0.010813512170889935 0.009235801845748215 0.009802478268449525 0.10803922881750286 0.10355501983889462 0.010541939562939879 0.010011415930596977 0.01083351826850874 0.10153349582670729 0.10046400743687463 0.10964458736786771 0.09452308353342675 0.10643506934577476 0.009499137368279165 0.009094985188652503 0.10403759458401157 0.10945903075333659 0.10151880925668572 0.010694074582901131 0.009705953729410832 0.009060886529966979 0.010746625774430411 0.009874128719757073 0.10004193064664593 0.10445683258252499 
0.10796587160891616 0.09068375092234081 0.10447669845160897 0.010056439989313156 0.009627616764089382 0.009660793488933768 0.01054371956079399 0.009854386263471144 0.1030016354616288 0.09766246770670393 0.009985169645460382 0.010553600287544259 0.010986569849877432 0.092400999763096 0.09341292988872255 0.009066502074235311 0.010779672487111152 0.009519900442749503 0.1034171383268423 0.106249423895245 0.00943218271244333 0.009079083769460861 0.01033135816122559 0.09493021000504981 0.10818672221253821 
0.09528199398619235 0.09337701901839351 0.10202003634334561 0.010194305397014412 0.009510994073506114 0.09501712422821536 0.09231944646728835 0.09881365363083508 0.010113071410319932 0.00917603703005502 0.010052229469464517 0.010201107141934293 0.009994059005983805 0.09927673881984152 0.10202514431271913 0.10868997191452573 0.10440407137106754 0.09677344463424664 0.009188218666590727 0.010972554615086831 0.10737215910414566 0.09040361238809205 0.10307661999999176 0.010314207860295422 0.010596213260877825 
0.09127593758796493 0.1050789080176978 0.10344745819648027 0.010281134655536763 0.009832298720579107 0.09209297077089829 0.10208024252011239 0.10849886658165833 0.010137497838465575 0.01054161138040077 0.009423840010634501 0.010547956064545906 0.009913398905247329 0.10742730948530683 0.10759458253767298 0.010617792568385812 0.009485614309138453 0.010050114928201202 0.09607338764899467 0.10176984564487242 0.09393153422360791 0.09713999799378079 0.09972858924865516 0.010627812445226042 0.010823552536180081 
0.00941966052697026 0.009342945842209011 0.009839712739387448 0.09526253766592663 0.09483552403076355 0.010142037553944154 0.010821447554729073 0.010602853401308947 0.09697171302123234 0.09339763404927084 0.09471459409721339 0.09020384784100925 0.09947155138188896 0.009829587981236922 0.00996901191218473 0.009983302529756438 0.00934217207543668 0.009801616204479257 0.10041337323580193 0.10434102647927285 0.010294942068656344 0.010025090237433117 0.010909608384491391 0.09991574373702967 0.1037398191856172 
0.09062445118407109 0.10964420173251709 0.09217091102500453 0.010534160634069397 0.009894276750668061 0.010126706282475823 0.010650754576772357 0.010225078604569879 0.0936437049375235 0.09780027777101537 0.010519590890406074 0.009786515557769776 0.0097777660475854 0.0926166985636436 0.0976549156418385 0.009909112928759676 0.009719579062172688 0.010056620336769533 0.10257793072070842 0.0987919483493281 0.10257434292116263 0.10979608131906052 0.10683166134708694 0.010990516167371414 0.00984389669283053 
0.10259123062924705 0.09789446148958053 0.1017744007426229 0.00946832734222714 0.00974810084347626 0.009545182623096298 0.009035898240201474 0.010939114817999909 0.1017165710622467 0.10081026873488885 0.009919505197555778 0.010932046759091443 0.009428083785561462 0.10067752372949697 0.0945436013240157 0.010304578887177365 0.009408015149174864 0.009155183862239145 0.10401611121453128 0.09485865739805205 0.01014854750175616 0.010250884552773565 0.009827223102618368 0.10415226677419578 0.0954508530225775 
0.00975075424440857 0.010898452607810772 0.009596217195445298 0.09844988184742422 0.09587904216894863 0.010817987259582664 0.009860933995571999 0.00990508473409363 0.10666785610461008 0.10160080919718238 0.009337107538084852 0.009485778831102248 0.010814376020851831 0.10198446044970103 0.09967430527959119 0.09274662619378791 0.108804262449747 0.09108082108609344 0.010440524958849702 0.01005791167200552 0.09662358434682758 0.09678031524220354 0.10240237184500312 0.009556340654932684 0.00932488175131671 
0.09735391571172462 0.10980976402522949 0.10938374846196397 0.009921385471888193 0.010277184389964968 0.10956044021234486 0.10851944835689481 0.09217211594168387 0.009544277820200455 0.010051915734375203 0.010198369366485566 0.010686170509308819 0.01051032191623626 0.10565922341032097 0.09925596838702185 0.10205375236934695 0.09938528156193001 0.1071136602713342 0.010890395021174767 0.009202889716009107 0.09609034238577453 0.09398807779321405 0.10267088458660707 0.009396784671682595 0.01070642320736872 
0.010184020500887259 0.00999077983437746 0.00962566715562075 0.10140457952931681 0.09612564096426351 0.09351610819077182 0.09975094612261814 0.10648154118105196 0.009227033864607808 0.010847948705688684 0.009587900644616424 0.010159302817963851 0.010760637537690923 0.09344445565497952 0.09046237432424353 0.010914652239668018 0.010980558162008916 0.009574603823628474 0.09039920087056927 0.10841691909070797 0.010546933350936495 0.010723338052951422 0.010120284806776556 0.09247627419606103 0.09645969919060213 
0.10262997486021203 0.10125287507306485 0.09231477992447489 0.00975960906759292 0.009957233354565102 0.010752266632060463 0.009927560655797323 0.010420290298210401 0.10631999849017389 0.10899465858457769 0.10422033335640409 0.10714953388139672 0.09830974827940064 0.009828271256463962 0.01053826360627163 0.10117951972957802 0.09287846012613118 0.10415458544628915 0.010415870003431058 0.010500016353690387 0.10136993571917514 0.10203862568436305 0.10536391824086691 0.010172043032792113 0.009667528030752912 
0.0987887120957812 0.09829841194721756 0.10254204310452085 0.009474991240456332 0.010854236771131847 0.09041534524774661 0.09694929033348437 0.10688185348198825 0.009543634789715092 0.009208295210416209 0.009067666845611198 0.009387130854767133 0.010173537362209637 0.09711699378263801 0.10864754033566759 0.01051196365610206 0.009955437098094823 0.009662871067485422 0.10234434395500343 0.10847262190109118 0.1022208516694376 0.10905991178902974 0.10153781875903777 0.009758392777294431 0.010241300731259721 
0.009793218794521177 0.010880390302423753 0.009875261298392923 0.09463987169404418 0.09607088083714276 0.09286682150770154 0.10549636232998556 0.09540822412620284 0.009395011418136463 0.009806153139312107 0.00938320755086531 0.010594565772523086 0.009765314256002642 0.09024734506131081 0.09046766511131123 0.1013007837018857 0.1022785722173396 0.10445400186273722 0.010581752476342906 0.010357510907092778 0.10271162649384775 0.10233641179035086 0.09094221781733447 0.010982395402514831 0.009954466971527264 
0.009371084035613118 0.009169878269788769 0.010733225678138598 0.10267167832181663 0.1047528100171214 0.09669770928888735 0.10049637225796984 0.10397206213357642 0.010536605028674591 0.009058548557994192 0.09619471709070125 0.10812580808125423 0.10274826372364552 0.010713196998301032 0.010060372941934745 0.009771607570068128 0.009286463429828388 0.010331570031467383 0.09423927284215389 0.09034486534567143 0.009579487431085857 0.010553538091628794 0.009886639144233062 0.10364566105119165 0.09017181978398556 
0.0966742453114951 0.093327096520198 0.10937803283874309 0.010618365519229988 0.009455727871082738 0.01088177516774538 0.009573378419960586 0.009610284794028975 0.0968535733052284 0.09346915937909467 0.009021576263592459 0.010187987786643789 0.009197834450697205 0.10871122384108821 0.09925591854207333 0.10945121499395348 0.09669051892576003 0.10057488293296242 0.009880878771618503 0.010338820430376691 0.0963747822373888 0.09030343174804634 0.10737230647831733 0.00952753748819441 0.009014847447476399 
0.01073851661123039 0.009089806663414227 0.009936665791273933 0.09097118335177089 0.09519162513977353 0.010776936616018988 0.010474406230134202 0.010131561997177184 0.09806080382413096 0.09689458376244336 0.09986164645752091 0.10507764971956315 0.10729757169850573 0.009334520476434916 0.010089820444399438 0.099719609500739 0.09134527791656967 0.10637955775119189 0.009571578927434604 0.010120475308828042 0.1023602843646922 0.10118065419941885 0.09199824872627055 0.00953104487477923 0.010498438146710446 
rate 
0.10727470708647067 0.10573329887252388 0.10754461104548073 0.010980767590422462 0.010068690634020999 0.009109691953492684 0.010956706884285109 0.010214300528294895 0.09879672731436392 0.09046078529308806 0.009032607108016346 0.010594538907004713 0.010562359469310723 0.10156072034187609 0.10664060021622242 0.09678382972975852 0.0938127646487657 0.09101956964397592 0.009615348772741407 0.010350273594664694 0.09708951191162714 0.09933800488227207 0.10687599816656101 0.009089633944470791 0.009307239826749605 
0.10952701896015825 0.09015666722880171 0.10291088807094922 0.010110798842118 0.009372573198299473 0.01062726581914079 0.009404421884738735 0.010157723690540583 0.0911722534007135 0.09449711702172722 0.010282856926417496 0.010414401623230525 0.01031361879122561 0.09118919624674514 0.10732157792207675 0.09702602544706211 0.09989573506970295 0.1046024035968885 0.009888806076275809 0.009178030836254713 0.009301701075730463 0.010691500104763454 0.010562993029696415 0.10470648275586834 0.09179912709631416 
0.009609565725686697 0.009469201843228804 0.010732338486303896 0.1009243911750094 0.09389228841607354 0.010139539956155607 0.01032457116851447 0.010450020787553445 0.09413355534045977 0.10257179918801534 0.009910379682843444 0.010626299306979654 0.010526388617724227 0.10453123902851483 0.10527384902608666 0.1050609933602892 0.09505047523717731 0.09519892709244843 0.009644661585629393 0.009246207328271413 0.09682231670399817 0.10243018033965426 0.0910924795418247 0.010999040789665258 0.009511184827768505 
0.010635132546102112 0.009780023923561374 0.01076713518242555 0.10159723192378885 0.09846588982615408 0.10049963064691113 0.10415545742882176 0.10953253338435141 0.009632164580553514 0.0095204971998802 0.09655761782956201 0.0934787865799821 0.10193827752135615 0.0101862433922199 0.009631229468243359 0.0998872307747252 0.10402487097382945 0.09387736686002784 0.009143316244293822 0.010012085475300293 0.09441945610537252 0.10967277449648452 0.10805390071251907 0.010469389367525157 0.009861599383874035 
0.010357377986233722 0.010793064051646832 0.009927413892810252 0.10103476975523935 0.10056095000641103 0.00928930325459693 0.009008920927439702 0.010230498640310516 0.10014715781265607 0.1003538105968578 0.10206292834048963 0.10272166584849302 0.10779663327097755 0.009253337044941235 0.010411044736357655 0.10424161295961297 0.09241269700500138 0.10920720368305475 0.01063228597016046 0.00912727034254078 0.009388807204402308 0.009795042820956506 0.00911165119258729 0.09675969903426092 0.0983328379269217 
0.09650519821146186 0.10155681413874135 0.10825204439474022 0.010896073102266455 0.009011145070990313 0.010538426926026741 0.0096581094710945 0.009746467213832167 0.10418574320237735 0.0964763746597783 0.010172291726047618 0.009252915115645735 0.010672082386328335 0.0984278776331973 0.09801274330215397 0.009426958520425778 0.010299905290815085 0.01066469799605851 0.10750803121375106 0.10079245804170611 0.009584327669255616 0.010024070334169357 0.009232715502229275 0.10224852770590692 0.10402230359138341 
0.10157891126658057 0.10340772735660207 0.10415760939209705 0.010590010787446306 0.010500057489661114 0.10214893732479709 0.10894361462467402 0.10846222364427159 0.009520912198565634 0.010026732907836003 0.00934371417506526 0.01089336917949166 0.010217595215935604 0.09068238897778182 0.10499493363662915 0.09925512059764398 0.10196429184363032 0.10589665066338089 0.009114475320072422 0.010306950428306032 0.0967095995988102 0.09797625907382167 0.09433591864621414 0.010060050358185938 0.01050203687596805 
0.10553878706112906 0.10435411142972442 0.10476116349328198 0.010975852710195345 0.010673943674205997 0.10988745888650547 0.10573648849184997 0.10022372789323218 0.010554275900772686 0.010886616089804518 0.009167755339148046 0.010020432614801818 0.010138577800384314 0.10852072169054967 0.09206466783985719 0.009396720048725793 0.009662139766762208 0.010798002341182777 0.10566189570374021 0.09445294383179752 0.10294249943076712 0.09927117049077401 0.09044515993212171 0.010586005059351622 0.01006859899062469 
0.009822283019869685 0.009159942510099132 0.0097880152656688 0.09113313437692233 0.10146748435927291 0.009500475787766171 0.009377981372527414 0.009935305863691072 0.10956052601566904 0.1070032757015387 0.09163895898838431 0.10092809639704503 0.1064332225711564 0.009236663355492773 0.009754248422997382 0.009658377788884016 0.009667788234776532 0.00980465445027038 0.10688187510798552 0.09748057700169703 0.009086398406676438 0.0094097264394875 0.010261090857393015 0.09152661064902483 0.10445509311745305 
0.10826427114279236 0.09417789817862783 0.09986754179106722 0.00947638441435968 0.010324832804762442 0.010175702785182232 0.010715867927991948 0.01099637736018895 0.09145584584988911 0.09262481782542839 0.010940902481244947 0.009804485646507969 0.010341431106119759 0.10613406571016984 0.09608852674004066 0.009297489652619114 0.01032554544054429 0.010336475742290945 0.09959506098438554 0.10779158135891338 0.09768948402779727 0.10357788038174312 0.09755732369304633 0.010214526032858013 0.010727137733706706 
0.09773521842476285 0.09143751725924001 0.09698794237303023 0.009291383947125592 0.009823504087950253 0.010751048408671008 0.010239583051718652 0.010864839304049894 0.09017962053997794 0.09591299814056582 0.009754723433499604 0.010045413933292436 0.010442135028390158 0.10858658486744828 0.093890797754224 0.009537587313372356 0.009369866248116799 0.00907619245277381 0.09851238016915233 0.09110452947146393 0.009028615125917764 0.009776499593604725 0.009002627238203649 0.09208716190525346 0.09500507970602025 
0.01032409911058362 0.010572343596662814 0.010578550854733733 0.10992008125912472 0.09984829710000831 0.009756141140087384 0.009719572688752844 0.01092101474069617 0.10821605538982981 0.09847483678806584 0.010820245623098738 0.009683411448194389 0.009826680217919699 0.09420852067703096 0.10373227500870873 0.09152564949153293 0.10235401186920429 0.10398999466308284 0.009967581904974201 0.009875775140460388 0.0963663643276865 0.09066006064363505 0.0901857579781234 0.010051915958038123 0.010936335622875545 
0.09006106324569817 0.09214125170655899 0.09524304153812609 0.010088625928752069 0.010044096042779288 0.09077276166494987 0.10204117381456522 0.1033875863873663 0.010371545264428473 0.01071209134594927 0.009809704615036132 0.00919483847463162 0.010304850162566605 0.0905138074562666 0.0952658540586635 0.09730604296350642 0.10635493597666604 0.10503462215342357 0.009481168404479991 0.009036829814546121 0.10256248728446074 0.09504574677105629 0.0968306480420085 0.010319415636668104 0.009242684390496074 
0.009385519325599605 0.00947982004179017 0.010324933768380591 0.09290031239055048 0.10078072342625835 0.09788407250472239 0.10531156966569558 0.1013780668479146 0.009210941016819444 0.010869254117991872 0.00915563101949613 0.010851650201657103 0.0102599884275205 0.10930063009066433 0.10667932155022293 0.010619751093920634 0.009336523980846773 0.009725907597753403 0.09488520814627129 0.10628617137531063 0.009431876130076957 0.00968340037651297 0.010603621880196017 0.09420895154093678 0.10191886285937402 
0.10105272378762108 0.09549088985114768 0.09767361521502374 0.009662175969366839 0.00967847249262348 0.0104481730014109 0.010400216577163248 0.009253118996197875 0.1038253678051684 0.10635274331158168 0.09490668698452204 0.09202112916305322 0.09787244611763245 0.009871094815748467 0.010496116509207865 0.09329632878740109 0.09150133380836341 0.09239998357811723 0.010882824179843684 0.010269533852106265 0.09284327828421711 0.1027144961470815 0.09688095408780031 0.009462472546981814 0.009887402345946952 
0.09528884786175079 0.10830578510941274 0.097022092334065 0.010882837400966417 0.009548890128746088 0.0921991817328108 0.09614803854696426 0.10179532777193488 0.010687397372439898 0.00972266796513079 0.010129869862733835 0.009990537758676253 0.010826810760343536 0.09062299516019709 0.10211464377720819 0.010913972921985966 0.01035952750003176 0.010464089023046122 0.09390699548270824 0.09813846676069038 0.10075236927463112 0.10465047901063905 0.09130581094425265 0.009792290503408222 0.009779584118290384 
0.009521380975283343 0.010336677938436307 0.010550198964804023 0.10840415351400415 0.09415385398663038 0.10370611168200922 0.09769280941088104 0.0902650397066497 0.01068321393538629 0.009251095162826767 0.009343257620143567 0.009552183278364717 0.010086780512242937 0.10892064798902679 0.09395510782153042 0.10321140703876815 0.09788385120233577 0.09371794541632163 0.010855549135600275 0.009350101982320377 0.09290387327695931 0.09754843760774692 0.10737012277465344 0.010233792128829673 0.009374430330810158 
0.010552111681112643 0.009090574981601153 0.009509351386890267 0.09332547590349193 0.10773347274365477 0.09247108890316724 0.0945397397127261 0.0966224629916134 0.009677760869754968 0.010963506544908035 0.10171294950108914 0.1038565873466155 0.10175972873390299 0.009411535996594441 0.010518170820552446 0.010135301449942529 0.009745465860744977 0.00947838524290006 0.09921676517490341 0.10129490170096758 0.010453666848580383 0.009318431251400831 0.010401406939366921 0.10028128178417473 0.09580795938408297 
0.10402179727624739 0.09591420832249291 0.10635190575235937 0.00972581255995926 0.009146078189967422 0.009743038956473292 0.009068935913757186 0.00952307064789463 0.10719593223651838 0.09474716758493587 0.010419711074667637 0.010446878340022623 0.010388380627019675 0.10265878427246461 0.10991770840129034 0.09225903131320877 0.09546504657310195 0.10876603533572911 0.009581471502207678 0.009838664866892605 0.09585575331591746 0.0929860908099648 0.10139890859816603 0.010299474714534487 0.009370578271682346 
0.009793345117092551 0.0099341352500435 0.010204785618634053 0.10946757210092424 0.10780226326622924 0.010140817070270125 0.010952093531918275 0.01052619551866914 0.10667413655616682 0.0903960366345447 0.1076916162020491 0.10911645883263824 0.09058291935605484 0.009847540385977172 0.01023589111737146 0.09420869068698218 0.0947036874507935 0.10790310849420913 0.010415415346159133 0.01016649714651333 0.10962117317490827 0.10087097338378699 0.10831051414323362 0.009185654445698094 0.009797293380543875 
ability 
0.01605395783084222 0.01627392031703716 0.016315239925193452 0.15995562348330192 0.1419887091359212 
0.01628604983697065 0.014449110949580415 0.01473684123660595 0.16075472300586088 0.15369358864834806 
0.015075508184984678 0.015426520157378389 0.013521271486766542 0.14093621363853698 0.14922137574986213 
0.013542586928649104 0.015549655477249374 0.013967148061974964 0.14424896560178874 0.15629816144770106 
0.014903038233635365 0.014109186285280038 0.013546659786744285 0.14560530553931916 0.13623605586003426 
0.01591804238373296 0.015907558225713773 0.01596545972031368 0.14332989676604926 0.13642745049960323 
0.016095545941714737 0.014066654365397417 0.015786836879829208 0.1582593825976912 0.14641747795626944 
0.014194945581492174 0.0157522100568463 0.014894670457424146 0.1602374164844323 0.1595755980439206 
0.015828783191224535 0.015697691469312852 0.014895594907286067 0.14054405626600894 0.14964005230649474 
0.015654678388507107 0.015498597098194303 0.0143491968282485 0.16233876592694235 0.14703226137629152 
0.014191221776312298 0.014545520233025024 0.013561842968530902 0.15803657510643707 0.16334376031805045 
0.015343985376099574 0.01484245944026005 0.01533720007646401 0.14767110838136494 0.14009556358868816 
0.015565280080342022 0.015652249048466436 0.013868466914400355 0.1501143742184533 0.16459596922363437 
0.01642378023645552 0.016278963085664844 0.015171069691029155 0.14690556059266976 0.14141804597680277 
0.014477144962454952 0.0141942171553377 0.015329699541078597 0.1448449093157906 0.15199056234957042 
0.016250127521374842 0.01578002074566195 0.016493696705611426 0.14275718929918124 0.1619996118915222 
0.01396964044233624 0.01486820949766864 0.015356546120443595 0.15445412828874608 0.1459200938296619 
0.01575649737494304 0.015246295670167305 0.014834557662556183 0.1517557075204177 0.15414596404813988 
0.014333015092396682 0.01571478982630004 0.01601178300054603 0.14654667683618947 0.150246243039053 
0.01414802698147888 0.013875083468609705 0.01641058519405683 0.13825634348418478 0.14271452630802736 
0.015102506585461011 0.014124579126065642 0.014179228735942667 0.14274015525208378 0.1583498567548265 
0.016402451619403596 0.013581513871061962 0.016161540806999972 0.1410365500043236 0.14369210223656415 
0.014206319689562274 0.01419000280433426 0.013664159088390299 0.1642050181260046 0.157922520144048 
0.016338549896540187 0.013939959715222537 0.013958337933523307 0.13737812165904603 0.15286692174769775 
0.013904369081689672 0.015809341370438018 0.014804391843821112 0.15997708440857852 0.1584833085160943 
0.1599414817430882 0.1490202384431394 0.14885431480295008 0.016469339663574053 0.016189206585704115 
0.14688061574481395 0.15512310053983983 0.163242071393168 0.016334086223402145 0.013585981527882098 
0.14929381895521704 0.1596151650046729 0.13995899766828646 0.01567284387395783 0.013501312153556223 
0.13922165543659196 0.13629293018927321 0.16320140123506713 0.0159552751097837 0.015292172448892579 
0.1437141183371076 0.14002414541484842 0.16075528102754552 0.014339274863772547 0.015287970380084571 
0.15749369310189867 0.13960819329192878 0.14453972402871745 0.013964478072130922 0.014457870685610462 
0.1611397675471757 0.15483302507964827 0.1408586115956386 0.014048968110125404 0.014985087191792774 
0.1561823839371632 0.1520230878751899 0.13720423614801822 0.014407467632159832 0.01614229206929687 
0.1636980347580423 0.1488965773032786 0.15114441236972573 0.016095028651136493 0.014339831538630256 
0.16382404969494477 0.1622663984287475 0.14326047701180794 0.014800685434550011 0.014148787217463397 
0.14942433880025982 0.14436993411070956 0.16422512692859836 0.015513476115532407 0.015958850647948063 
0.1378641608586282 0.154909223888228 0.16128088450477868 0.016457036427939716 0.015068776491708343 
0.1544805793247945 0.15074486890878505 0.1443552528396059 0.015444332096821263 0.016116161259339425 
0.14621276433693745 0.16311160017646292 0.14774688561098515 0.013667733769029035 0.014124545820639855 
0.15810538927579745 0.13673257777157843 0.15038278575893974 0.014627937068024623 0.015163339724305799 
0.14567145776263826 0.1611389078485799 0.14627775726545092 0.015213989947321352 0.013553694473049419 
0.14316916622068604 0.14546730129609145 0.15946289174638767 0.013857069817428519 0.014847221541813553 
0.1367493005916711 0.15219478320874694 0.13610099595221817 0.013654794958356442 0.016374986141186598 
0.1632936918363457 0.1579201063211666 0.1479695321623565 0.01577793622332967 0.01536299042919794 
0.15227100579332012 0.1611290501040408 0.15356087897371848 0.01483550082120097 0.014075913121590154 
0.1505345009074069 0.1640294111307428 0.138062254823759 0.01490763160789717 0.015931959549773087 
0.14821022581874094 0.15271874489966963 0.1531342758924066 0.016262163228156656 0.015521388818567747 
0.16023206912749244 0.15092283417539784 0.13982388044092156 0.016152170210339774 0.015290998272350021 
0.1609619350318859 0.1490964748675506 0.14949031278840497 0.015005639495586224 0.015602786949446924 
0.15922180708786984 0.16082863647853576 0.15664733116602314 0.016304821226471287 0.015614632198641842 
