file_name
position_num 5
robot_num 12
position_x
4.5092967795108905 -54.12156489157909 -71.09867105623782 -29.119255320909062 -78.64180776430683 
position_y
29.314681381059557 35.0302312016359 15.69771735213277 -45.57047638383032 38.71595473559694 
distance
0.0 29.65947238099065 64.46906920650764 72.81098375953013 54.07956497877481 87.65534256123229 
29.65947238099065 0.0 58.90878924274355 76.82438746658966 82.0893803719038 83.68088268860241 
64.46906920650764 58.90878924274355 0.0 25.728743176986388 84.38951088343532 24.795702621751815 
72.81098375953013 76.82438746658966 25.728743176986388 0.0 74.27020202710555 24.222678704844466 
54.07956497877481 82.0893803719038 84.38951088343532 74.27020202710555 0.0 97.7583023142231 
87.65534256123229 83.68088268860241 24.795702621751815 24.222678704844466 97.7583023142231 0.0 
lay
0 1 2 3 
4 
0 1 
2 3 4 
0 
1 2 
3 4 
0 1 2 3 4 
0 1 2 
3 4 
edge
1 4 2 4 
0 2 0 3 1 2 1 4 
0 2 2 4 1 3 

2 4 1 3 0 4 
demand 
0.10933651127515875 0.09423092553792235 0.10816234805933751 0.010719517147088457 0.010942361138925287 0.09250666332815768 0.09254415258647047 0.1062348720539589 0.009622252613682176 0.009302829189205995 0.01085392010180536 0.009134092910534592 0.009328843912883194 0.09094201966278061 0.09098920857866527 0.09994669263389847 0.10312742748875992 0.09326055904438865 0.010553322539418044 0.009726681338296262 0.010775448106271965 0.00951677786503574 0.010433641481384827 0.0989704528623051 0.10906465544887962 
0.009695318675466894 0.010844070727679461 0.010844281863912033 0.09852620834078485 0.10844833272138717 0.09320886003078523 0.1005672763901897 0.10358851746485986 0.009161744552633464 0.010467706331528966 0.009594043587138194 0.010038899274371182 0.009117128376825094 0.09921887453162957 0.09736907113018328 0.09389643390367547 0.0922126542049997 0.09127721003404815 0.010522192382290747 0.01052623462461976 0.10546367921584601 0.10647498866055581 0.09105027314674102 0.00936060439116694 0.009248422870458923 
0.010834411243958782 0.009493991973273037 0.010083496842649012 0.09812418635774137 0.09364200408986623 0.10025511948770725 0.09225819983836088 0.10429877833424778 0.009789494344748309 0.009810369654011424 0.010963570263916247 0.009324790395963196 0.0093266059982209 0.09855554662092125 0.10554086438767572 0.009893579987684167 0.009536236162705882 0.010736243344113518 0.09940983383984651 0.1025023009499309 0.010709010304918372 0.009186033434120127 0.010554076288013033 0.09047968518666258 0.09422958669746867 
0.010987071426173048 0.009637369103097511 0.010659970408825867 0.09208990640944628 0.10045498404476089 0.0098729013966361 0.010473594509337462 0.010892483747391678 0.0957064614666021 0.09853634918379922 0.10747443684299161 0.09354795707514524 0.09489440499603186 0.010556162489461948 0.009286697792127192 0.0104309152231975 0.009086259952568895 0.009621560269774749 0.09865195995765413 0.10900461295132702 0.01017894570314047 0.00977792397737596 0.009562696832782215 0.10273050965247206 0.09015157247995381 
0.09440258411999677 0.1091093575976254 0.09055842414503645 0.009541493742818983 0.009147414742144143 0.10747572830105737 0.10989228519945385 0.10567980439947942 0.010439211575507484 0.010919356820610673 0.010957363933746614 0.010913527790284481 0.01085025683975152 0.10001165556840681 0.09991049463840676 0.10355827352723984 0.10597582149063722 0.09970320089532994 0.010766338557787617 0.009891320541906256 0.10385518457792503 0.10561582130908985 0.10274541573372323 0.009090971765438785 0.009768925050930003 
rate 
0.10368065662461999 0.10739485073426103 0.09257855552580571 0.009714643554295814 0.009288088598431169 0.09462617952484426 0.10038425164742426 0.10255929438843657 0.009425717831678008 0.009812318400369478 0.009527990492281322 0.009800401493994781 0.00954157404841258 0.09892348529907728 0.09346101491782445 0.09931695245403838 0.10432668108042503 0.10303778730332179 0.010699404841677652 0.009625170134274172 0.009733495845447497 0.010450614223629353 0.01012561982898252 0.09619752046505231 0.10516943345126269 
0.009794018593925714 0.009368632219306847 0.009080250832424464 0.10192600916457262 0.0967136169398513 0.10088222219106718 0.10334860820933008 0.09121574259087162 0.010789021705484616 0.009537463442834371 0.009344305606204532 0.009693195838106346 0.010940930863149474 0.09613696202634275 0.1048106444346769 0.10903332001239352 0.10190505545056504 0.10130319152081083 0.009861848036913505 0.009462567873872854 0.10705923340764774 0.1039064373986018 0.09071946710655915 0.010351904168889724 0.010318419917998017 
0.010902865898092655 0.009538705922519439 0.010907839288246691 0.09113598459597058 0.10269447605994989 0.10443424115205771 0.09866043423532622 0.10636569092508386 0.009272309968102854 0.010728875297128718 0.010857468861627292 0.010714931001417079 0.009843899550350149 0.09999860232191264 0.09066288984021348 0.009216637227353993 0.009841932955508823 0.009577471341189673 0.0990412634308897 0.1086445346839128 0.010046087482443788 0.010819655393322698 0.009400246141245266 0.09385878017870149 0.10873837092956778 
0.009553274560650285 0.010488771225133517 0.01098934615251977 0.10756788877962827 0.09511053530642999 0.010376967491387626 0.009685636901476932 0.009597096796078326 0.09277601924330757 0.09716811030129281 0.10450771294306256 0.10103777612628931 0.09969367533661526 0.009659583384965623 0.009892837289713718 0.010660278041710802 0.009317194222752989 0.010944962522533639 0.10771766942115929 0.09542018387622085 0.009429541084879643 0.010081818628988522 0.010676769491582304 0.10679573853794158 0.10368563159259642 
0.10374920896460715 0.09840073972569464 0.10669692098680475 0.01089801049632787 0.009486144692888129 0.10391625575662884 0.10226792935249451 0.09741543061941396 0.009423785726519246 0.009897822269195477 0.009694796372355138 0.010147963168185687 0.009190597373664875 0.09647614118660573 0.10287610401778956 0.090924258131485 0.10248518576499328 0.10205946071299327 0.010535290576142012 0.009677059429037847 0.09493995025814053 0.09512544956800369 0.10890921961468676 0.009043537877106317 0.010826741912213058 
ability 
0.015610247132729349 0.01606963515383377 0.013823624953745698 0.14468556998206192 0.15401573712965128 
0.013930295625546705 0.015988961794033172 0.015863545011053425 0.15450397202413554 0.14916267860784613 
0.16483123195738045 0.15582502462606782 0.13709335497943728 0.0137427423146382 0.015850666471034225 
0.14733508887938265 0.1630687255041062 0.13646393508298252 0.01497241657881271 0.015601196374128904 
0.15968168044670825 0.13858755336738185 0.16426320554894147 0.015916950633640063 0.016468157090604042 
0.15878392126213636 0.1546706503117661 0.150332593470795 0.014171226323632371 0.015627161382561903 
0.14506982953755396 0.1482453139577894 0.1578621430626762 0.015933276306005127 0.015139873110680442 
0.15354418805700895 0.1359800597810363 0.15060724680671617 0.01354915255629487 0.016006171640575807 
0.16273076200412348 0.1483684393236677 0.1645032000290572 0.015258425772531213 0.014857737400965762 
0.13818884903593306 0.15516513449212327 0.15931161204655328 0.01568905283376535 0.013568310508547584 
0.1455877547894435 0.13985878734160628 0.15948914145165827 0.015854396697199895 0.016466437587920765 
0.15355392317540595 0.13752416468191098 0.1579805707866404 0.013694405018402205 0.015458171889368528 
