file_name
position_num 10
robot_num 100
position_x
42.05553327627135 -67.48814125329557 -97.52862155439404 2.1443008239941435 7.933142475615313 -48.14754280015365 20.131942187625754 -19.4982250231227 87.04398232735008 -96.60077026237266 
position_y
80.27767895623697 -8.494088810311396 46.45240838086272 13.96989509584428 40.43146513493275 -41.002183025701065 60.514422711262114 26.509569981825294 -26.994810044247686 -41.79447481539811 
distance
0.0 90.62656132587298 68.02057596449939 108.02619250294188 14.133506111813729 41.20240432906427 63.24053202310775 63.77531224794765 32.90802454833199 91.13382812506588 105.25439154913514 
90.62656132587298 0.0 140.99731693134333 143.62411082157635 77.3926913625328 52.46006395197961 151.14694788849445 29.51660792887079 81.73050044790152 116.3243200899133 184.73543579250384 
68.02057596449939 140.99731693134333 0.0 62.62226449355205 73.16630073048061 89.90038858740195 37.82637886505033 111.53229884036801 59.39939552398945 155.63564471071453 44.23189885035383 
108.02619250294188 143.62411082157635 62.62226449355205 0.0 104.83227138987114 105.63349577616033 100.4330448459147 118.49788397738695 80.53855962355897 198.64928894429272 88.2517608995685 
14.133506111813729 77.3926913625328 73.16630073048061 104.83227138987114 0.0 27.08736562682183 74.50636823867487 49.89938168724162 25.012844126352835 94.26591635679333 113.40305999156067 
41.20240432906427 52.46006395197961 89.90038858740195 105.63349577616033 27.08736562682183 0.0 98.87609576510265 23.49757220281259 30.76197470099956 103.94627249971684 132.99791018293746 
63.24053202310775 151.14694788849445 37.82637886505033 100.4330448459147 74.50636823867487 98.87609576510265 0.0 122.34258992906116 73.33907691836968 135.91524919648282 48.45970468116325 
63.77531224794765 29.51660792887079 111.53229884036801 118.49788397738695 49.89938168724162 23.49757220281259 122.34258992906116 0.0 52.219538128008836 110.15937060966748 155.22125070058763 
32.90802454833199 81.73050044790152 59.39939552398945 80.53855962355897 25.012844126352835 30.76197470099956 73.33907691836968 52.219538128008836 0.0 119.22231598608363 103.00604359954657 
91.13382812506588 116.3243200899133 155.63564471071453 198.64928894429272 94.26591635679333 103.94627249971684 135.91524919648282 110.15937060966748 119.22231598608363 0.0 184.2401292636295 
105.25439154913514 184.73543579250384 44.23189885035383 88.2517608995685 113.40305999156067 132.99791018293746 48.45970468116325 155.22125070058763 103.00604359954657 184.2401292636295 0.0 
lay
0 1 2 3 
4 
0 1 2 
3 
4 
0 1 2 
3 
4 
0 1 2 3 4 
0 1 2 3 4 
0 1 2 3 4 
0 1 2 
3 
4 
0 1 
2 3 
4 
0 
1 2 3 
4 
0 1 
2 3 4 
edge
1 4 
0 3 3 4 
1 3 3 4 0 3 



1 3 3 4 
0 2 2 4 1 3 
0 2 0 1 0 3 1 4 3 4 
1 3 1 4 0 2 0 3 
demand 
0.009081864334604556 0.009291583328944959 0.010001632245768088 0.10152560021669232 0.10377577788983375 0.00937644175237842 0.010935508012761965 0.01081879654566188 0.09892329849076609 0.10520170599447587 0.010883737977146217 0.01042400527020235 0.010989599897337983 0.09650282350659449 0.10933408602727164 0.1093106173309624 0.10349175834650698 0.10584551242232364 0.009909640104909488 0.0096842856205642 0.009550716883933283 0.010006652396970905 0.009499862033605328 0.10597749611806413 0.10898024966921167 
0.009794621470063826 0.009033621714783249 0.01075172197559067 0.1030256627666195 0.10983581250636308 0.010263254770885308 0.010097121424013419 0.010065230192363226 0.0954094555214125 0.09303967816228019 0.09710337852717875 0.09503749118491321 0.10383201026105003 0.009590572637766229 0.010180722347643738 0.10874345645151139 0.10617641259868463 0.09226699978646201 0.010760890453627523 0.01006185084160392 0.10947311438605195 0.09000590374430759 0.09574749080818037 0.009926647037785915 0.010172190837987214 
0.09958275544822283 0.10854234036110758 0.10863992672857226 0.010025478329940796 0.010272755414244533 0.1029163846084365 0.0974733137083868 0.09728075961677554 0.009331440768395675 0.010410133236771826 0.009996688016281157 0.009838343160834977 0.010315376317487817 0.09938591385869616 0.10050108647650494 0.10993551030352469 0.09772391048049525 0.10538686409442422 0.010644656306000063 0.009054990839446683 0.00997045291511242 0.010552548797938065 0.009060276870752292 0.09155311661928428 0.10490839037769338 
0.09743061348558729 0.09326612903444959 0.09822142496212533 0.010272478122415826 0.01008746933406189 0.09995304412227857 0.1040527730525749 0.0930468025449611 0.010190128744528919 0.009058643966736795 0.10053272869463104 0.10843677909733783 0.10353496415384052 0.01095943365001514 0.00983202868202973 0.009370424969549719 0.010165294206372345 0.009944378494196712 0.09237618738575115 0.10015491611928824 0.010982771656584662 0.010161093693859929 0.010741938391276115 0.10059837739431306 0.09920678408896572 
0.09941102095534876 0.10705027042620717 0.09487640784183227 0.010589434265503432 0.010891452958695584 0.10923264583138906 0.10674213099769277 0.0905042438797376 0.010050854314788653 0.010746468020666942 0.09983709070649703 0.10894024080921479 0.09707599245426285 0.009494838005587841 0.010347684269737005 0.09795989528785597 0.09949013577946336 0.09707616138615222 0.01078281692490489 0.00950536005848619 0.09050410400306519 0.09767352559562748 0.09967838213225222 0.010718300120138476 0.009472700937862677 
0.0987576165398732 0.0918574700025326 0.10809865121700693 0.009807274680283194 0.01010448824547115 0.1026381462241707 0.10582354619189004 0.10437745684393157 0.009318338319526845 0.010582985368703066 0.09648375203271853 0.09112867423834688 0.09280390208531292 0.010754977693318138 0.009458079384163171 0.010814928929910315 0.009010117360570738 0.010956864437319455 0.10711991286354182 0.09445008636861497 0.10132420062279453 0.09544189364760493 0.09523151413872215 0.010142983925189492 0.009411463583888089 
0.10304788751522237 0.10787176923782354 0.10697324905318982 0.00989789540247428 0.009745815988329139 0.009002490975319457 0.009007117201289137 0.009204961474312984 0.10166264438670616 0.09149238259506252 0.10293546287791405 0.10106002585349766 0.09292124555239065 0.009103821638104055 0.009640854104153117 0.009789750494968342 0.00987263275229785 0.009307420395364807 0.10002354219571913 0.09756982689349505 0.009090669567567065 0.009368383894564921 0.010868968735083391 0.10326786076242334 0.09272911226194246 
0.009365203141104136 0.009910202110431874 0.010202757671016058 0.10197941007380094 0.09991060600039921 0.010272796654311077 0.009126457485063242 0.009595008453084693 0.09234691053048626 0.10882408567427969 0.010691316062865065 0.009813955758661567 0.010556272836646728 0.09583216729231547 0.10538575349196555 0.09548383120382925 0.09444433803344421 0.09596940532190819 0.009444433410568345 0.01058191911189746 0.010978225013559703 0.010432341012754465 0.010582107266483327 0.09697335030244841 0.09098265593658289 
0.010802928657887964 0.010271875640412658 0.009380361882350821 0.100149574412367 0.09931896083867975 0.010252593245929299 0.00994299194540022 0.009288270159793218 0.09554833184814732 0.10888328678551285 0.009458997439695081 0.00981043307326536 0.0108820942909243 0.09553824100311181 0.1077421228193427 0.1014999543970736 0.10144380013598178 0.09947748037903247 0.010041540931324065 0.009904057383663968 0.1095185577514851 0.09757464228430668 0.10722449787883413 0.00991697429747568 0.009061185423925307 
0.00933140983505769 0.010612326026166496 0.01092092257953695 0.10831975285222582 0.10083552228696807 0.010022604953931423 0.00908596475508943 0.010500724888944806 0.10700370129233504 0.10453473669116847 0.01017899753280183 0.009408782810459844 0.010269320748329371 0.1088394919726772 0.10813464607996198 0.0970597145852955 0.10161383406923695 0.09830131988405073 0.010254630143313037 0.009494958044969281 0.009598475254181196 0.009508120566857025 0.010323782512531502 0.10663390780069631 0.10310884705409838 
rate 
0.010371110843423095 0.010177845562071157 0.010867025612863509 0.09937393826686569 0.10251484701475239 0.010126505616516018 0.009106697351169346 0.010751296477939619 0.10232758765122751 0.09730482180217731 0.009645782973848395 0.009154536040681114 0.010647212219349585 0.10399872917618108 0.09760148552080371 0.10605151107311586 0.10810504351353674 0.10913520635713202 0.010733473202530095 0.010099504464484573 0.009719508800650537 0.010201859051940067 0.009584477470651985 0.10692844629520924 0.10845982274656119 
0.010148960991011686 0.010607821955381928 0.01053841504635108 0.09364803103471703 0.10591206203089927 0.009133412164724655 0.009694914556317408 0.010906887297407294 0.10505348951703518 0.09818857218665955 0.10930212100809811 0.09013479541771957 0.0982399440810565 0.009514281613302082 0.009423039417043637 0.10177723029237438 0.106164638473296 0.09339404629228816 0.010497647867891235 0.010010422040098445 0.10323097319812287 0.09278405062200992 0.09757566632646114 0.009895625964993835 0.01069059865588488 
0.10947971315011205 0.1001195883883203 0.10972947044811354 0.010152728101734183 0.009905800404616458 0.10905648217594127 0.09344292747007603 0.10736812332476733 0.010249470789519741 0.010981565946028258 0.01081831225486296 0.00983503594531885 0.01020860424972912 0.09632439936465997 0.10352768773754412 0.10453518939451847 0.10557309954257842 0.09700835757075937 0.010917828299953294 0.009171088472953516 0.009396904110221196 0.010641248178331997 0.010989526487144461 0.10073230004998984 0.10667213109255225 
0.10165042099172666 0.09320208804122504 0.09276187937234465 0.010549235383045467 0.009379671281328576 0.09028848892903422 0.1011614339679456 0.0975987197230196 0.010352992382241084 0.010138079206443244 0.10110096062552015 0.09371270111438988 0.09197906813043846 0.010944191273748925 0.009249991417256288 0.009913016186974974 0.00965446403245107 0.009845268246235361 0.10909138089874731 0.10613343283893123 0.009883690090848753 0.010510974095245493 0.010589610553324365 0.10522523720125716 0.09163413031005183 
0.09024084416965572 0.10464618966451969 0.10102313148632991 0.009186142584477554 0.01040797941757526 0.10746784742438496 0.10151215955818965 0.09167899086556235 0.010106344747006515 0.010431752637182417 0.10120247729337138 0.09148214945914046 0.10665512077104262 0.009522828140714713 0.009951673258171654 0.1081478822225232 0.10669317211421087 0.10197577148934203 0.009576412212251842 0.010540670897722757 0.09987075253160022 0.09151934885262575 0.10262877622932505 0.010725641334469006 0.00938126702957171 
0.09883892617115936 0.10050558058710767 0.0940533940641695 0.010510305181371433 0.009318173201981918 0.09020707421127436 0.09292251176434489 0.09545705195467545 0.009384558583004795 0.010595090751394625 0.10447354988382183 0.09192255002440608 0.09988759947668864 0.009110520814108044 0.01072728199815548 0.009353868847629405 0.009449805259141223 0.009372279395842965 0.09086224977886936 0.10658481055448941 0.10590075455794344 0.10388609075558074 0.09488392194888376 0.010805788626255686 0.01017031936964979 
0.09162126768766829 0.09313031273744847 0.10232796824255291 0.009578329414673294 0.00982000883655855 0.010588310645148593 0.010808065600280001 0.009016010169296203 0.09624997308540514 0.10924587922594836 0.09973567864771984 0.09023520169735355 0.1030972322278788 0.009386179792705698 0.00970216552816066 0.0092937452296462 0.009786783176029183 0.009922585826232642 0.09592854000036762 0.09503043809707655 0.009837649926812051 0.01071652234766762 0.009260995540101319 0.10369121898182927 0.09059750631997486 
0.0093290842052166 0.010280166927222889 0.010791570961842929 0.09437057296998103 0.09727560242925878 0.009267750948831897 0.009082437018005303 0.010017383447839449 0.10644047131850856 0.10339380288460759 0.010407134801532148 0.009920434269591728 0.010181711979763789 0.09895066512456537 0.10136249200118225 0.09296214766309244 0.09362861954497656 0.1012003254478357 0.00997009118964233 0.01069116597302717 0.01034703983497928 0.00936441164121305 0.010528219813029711 0.09941802726583052 0.10062806239920766 
0.009026467549692184 0.009954204902764824 0.009155133421481302 0.10038945935729825 0.1060336669775494 0.010670954360952141 0.010611640822243031 0.009101254436556199 0.09168390129273812 0.09810961044291466 0.010885219345626891 0.010690946666503495 0.010403295220801079 0.10537056313349497 0.1031389874218285 0.10753236016531327 0.09423395042278854 0.09422442525078728 0.00961633534720862 0.010495407402275555 0.10493343797623596 0.10240742334291729 0.09010257589217653 0.009731459813546697 0.009028648335597817 
0.00987905340587336 0.009848216105996649 0.010992174508514708 0.09723349847169396 0.10969088282233413 0.010139138466711588 0.010925942668016431 0.009679365998499268 0.09026135356089537 0.09251056700598162 0.010964101477499736 0.010503479628221851 0.009427010921116908 0.09911128363924444 0.10856750902738371 0.10509900614673214 0.09794370906748971 0.09634861239240688 0.010866569823788894 0.010466152420472776 0.009933031656718019 0.010827152963811317 0.009341875404375364 0.09548955236718841 0.09382641859722182 
ability 
0.016267069920550336 0.015987391469952424 0.014067389576907468 0.13956915520775423 0.15482036177977324 
0.013885467825837248 0.015877962203369424 0.015967873229280588 0.14109932647287643 0.15301875550596092 
0.015496677745401631 0.015937235477028716 0.014897009062320785 0.15738473392553606 0.15884320921800044 
0.01548631005443929 0.016063393497081215 0.013990958330359904 0.14812890818405566 0.13922615060446125 
0.013681914447721594 0.01417374011477769 0.014988459783813387 0.15915276697107805 0.1551803299122311 
0.01454389811069373 0.01579417891648735 0.015777526695327424 0.15640876782916727 0.15024271158100774 
0.016461557642838243 0.016336773874744692 0.014142550984912317 0.16014924506837772 0.1387171932571851 
0.01492463331211616 0.013619010196364653 0.016220442164752456 0.15903614070778044 0.15324697921324223 
0.014380556578383757 0.013501661399908285 0.015525473958034861 0.1649761574561042 0.1472312965100602 
0.013852496976827111 0.01524849872768287 0.014807890930538484 0.14840038121555632 0.15095988964018636 
0.015825318431112168 0.015142423854532043 0.014212909420485026 0.15270983209248243 0.136783317819923 
0.014689247851211278 0.015906454411842436 0.01629076804412388 0.14194198090070106 0.14417082674463624 
0.01586237775950139 0.014618410447944282 0.013612659181504755 0.16429492003727267 0.15621384937783872 
0.01470110197793939 0.015933147922046503 0.0156972073411847 0.13816539493802413 0.1452942954421631 
0.014847916440627811 0.014483669671603725 0.014935098231788188 0.1412499003633018 0.14197905268940048 
0.014521020621602373 0.014857901155501452 0.014665074190706744 0.13836703862617042 0.16198540521197535 
0.013697488610586634 0.014969521675785061 0.01467354461535851 0.14787511646183776 0.16377889688695993 
0.014312171218957372 0.01505386426872122 0.015533458613385832 0.16044219335975124 0.16069900763557032 
0.01642467985953338 0.014296258720170226 0.015600160429045112 0.1391527647802374 0.16406580099620777 
0.01577530108015211 0.016326725205032585 0.015236910807911822 0.14124184853641503 0.151840094127539 
0.016495314076983132 0.01381243318347651 0.015354222409831605 0.1364130904777242 0.13914652948010192 
0.013621034727913326 0.015540622112891514 0.013857015200469038 0.158520858008789 0.16187243698411063 
0.016418709646395187 0.013982242842526913 0.013980168457593863 0.13566943240585097 0.15839121633260025 
0.013697240328336866 0.014553140373883689 0.01526656144630061 0.16428053915604177 0.15431421105781556 
0.013824375781019872 0.01370830996034425 0.01569821196214554 0.16230558644055684 0.1370366522808427 
0.015030788131597207 0.015806354673516005 0.013868295365390457 0.13649659570353348 0.14730719716644433 
0.013739008901021208 0.014481892582331117 0.014812446733917992 0.1648511271908897 0.1615382162700424 
0.016010925797126232 0.014728863238750011 0.01356851035966834 0.1578977126264211 0.14198456748874105 
0.014301713880007803 0.015782793916643046 0.015975176352402067 0.14756996393302743 0.13996800867974907 
0.016288246061772465 0.0147921636709816 0.01538744060780615 0.16095897696697778 0.16103155510184566 
0.014315016622690281 0.015174634127415225 0.014911914163856324 0.1560233371924996 0.16067680333010076 
0.01645536186409021 0.016006352921280182 0.01357712189278201 0.14235294769493198 0.15585621782523187 
0.014763477965604146 0.01364226192857543 0.016255152936973206 0.1628024238717796 0.1381194041966336 
0.014593797308091558 0.013623560037408758 0.01593329330779436 0.1612802350578666 0.14214804212098067 
0.014641721245850593 0.014442560979766216 0.015163638213752138 0.1437253965594194 0.14381834049899472 
0.013503491928737761 0.014367969854042761 0.015458392512340633 0.15707180445557176 0.15672089309176546 
0.01370008980033604 0.015168748294763636 0.016378155027807657 0.14212725801889564 0.15086410251446566 
0.014714954213291371 0.013976694394195157 0.015123773140094218 0.14744982535333123 0.14870276836495622 
0.015767448670299767 0.014298803780059143 0.013617003843766904 0.15228516292925073 0.14552921199193 
0.016480666514583988 0.015416267016174212 0.016394101928474042 0.14091625002216768 0.14404327280235324 
0.013795843412170898 0.015993479108501983 0.013723559670579305 0.13725320626601303 0.1369167175133586 
0.015522559200509623 0.01571667287789072 0.013916636960427657 0.14603639184557957 0.14813182451151705 
0.016286934644993478 0.015026588659269199 0.015930678258616413 0.14619400988525583 0.1490299947167854 
0.014685736089001549 0.015694156198436632 0.015877324766995125 0.15857986771958152 0.14662478023425643 
0.013623632571362693 0.014908880769262126 0.016496742179967976 0.139082426953149 0.14637237154605456 
0.015713878099783467 0.01621414379223595 0.01643599952118137 0.1444716280856102 0.14096869802809103 
0.016446024067638444 0.014477707706552462 0.015886397514063327 0.14900896954795229 0.14528958094407593 
0.01587543202496311 0.013602224846579549 0.015455221099236192 0.1563308285839702 0.14534900896277142 
0.013925592155784624 0.013599940023293892 0.014586174947501489 0.145341174138919 0.16421929239235397 
0.013733230913713515 0.014628646257304237 0.01482828367174378 0.15075768156524266 0.1526917565526906 
0.15861297456497472 0.1647289229040801 0.16374747991754407 0.014587454522810296 0.015586966569944424 
0.1504026149872062 0.16361526124756356 0.1424168081947088 0.015542429205224815 0.015407962411517725 
0.1403298508816139 0.13965486643031394 0.14817219453087116 0.014753190901375201 0.01645819805237665 
0.15379988516783694 0.14621966499145353 0.1562973117801662 0.014582933898098694 0.015933431848472325 
0.1494913999971387 0.1454914535220463 0.15223073048780233 0.016403706796720922 0.01564569329790168 
0.1406331548531514 0.15305712055858098 0.14300861163569606 0.015832367993533988 0.014080194358930554 
0.14244573423178503 0.15147728653974452 0.14580944976340784 0.014852959464379764 0.014900862851015492 
0.16230341687834274 0.13683350380960108 0.1501382331538945 0.015522886927703802 0.016107103503065292 
0.16085013340542562 0.13812944210825448 0.15817066158467116 0.015377053264575108 0.013756135604256611 
0.15024754120120773 0.15481843465452047 0.15397484435153322 0.014203753089675626 0.016096509411832244 
0.15029882057717878 0.14243190429015073 0.15338519650274682 0.015945062764717317 0.016208011984706474 
0.15214903457012932 0.16485365254645537 0.1641865831726228 0.014111706504758579 0.015432300820777466 
0.14578176421481234 0.13706320580630973 0.14633793668698708 0.014155867213979717 0.014987518628825395 
0.13549079307111278 0.14304603267101956 0.13671215494403022 0.016169571428366194 0.015502110469224058 
0.14923760281052337 0.16195134721534224 0.13892454127180967 0.015406050425662364 0.01371565676770851 
0.13590021312918008 0.15514194811938656 0.145004472234248 0.015821673489086422 0.01532173576495012 
0.13529319861471784 0.14010413971230298 0.13843500407833711 0.014648088329563635 0.014565991553963615 
0.14640601634475384 0.13689742349010192 0.1401372329591373 0.013857508460817748 0.01406665007815651 
0.1544555837666243 0.15387830607464809 0.14660363122510534 0.01459305547677603 0.014665678980811924 
0.16115967363741823 0.15086317584991468 0.14801656784078912 0.01591092418634165 0.01530284986615505 
0.1582803113783979 0.14826919876634154 0.15911355784095674 0.014479192450646296 0.013609249949204398 
0.13813487993437853 0.1461579976648941 0.15340526581879232 0.016088185905838406 0.016308729477314397 
0.15019829285622616 0.15589218003844957 0.1538677195673318 0.013874642408660936 0.016105499523798198 
0.153747524197507 0.1507085701489589 0.14324753875200413 0.016268353401732605 0.01439616502371905 
0.16212483502207586 0.155847279146949 0.1525856647573318 0.015089609756227956 0.01558563655238202 
0.14760093746993355 0.16095540918115359 0.14994148640259206 0.01597991789426568 0.013964672605713893 
0.13663873011709757 0.13680875132013792 0.14089122731833678 0.014039952527604115 0.013768837154689528 
0.15370624930031138 0.14126599201915113 0.1590839282721204 0.014354934301870726 0.014387531991186467 
0.13719827973835097 0.16103532367427068 0.16147411696942937 0.014203219875486619 0.014218515557217993 
0.16460001660314777 0.15137486509306516 0.13653330986474727 0.013620561545530327 0.014452275573429476 
0.16427877574959845 0.1620042203662068 0.15236173343300166 0.014765466108593807 0.01569810602480357 
0.13621871112409184 0.16482717880742404 0.15210546084694918 0.016428698299771196 0.01643629504664514 
0.15933579124961184 0.13722587927195257 0.1486611729267345 0.016049094119622572 0.014990273981914819 
0.16477031866597508 0.1433001389307552 0.15506320343463706 0.014283630677932485 0.01602052266578712 
0.15077294557301366 0.14965838487854422 0.16007050405583437 0.015462230082225177 0.016296727596056763 
0.1460332460845765 0.15951367942670114 0.16366651525083928 0.013762460394526058 0.015224396829208429 
0.1583698832586186 0.1501951359443206 0.15576597343278345 0.014644394923901651 0.013774104514222046 
0.14659407045873052 0.13783500385899292 0.14790036679412732 0.014730538566360503 0.014244723366554465 
0.1532904043257833 0.14959035513253313 0.15719878987824495 0.015798157234484148 0.013500266124294077 
0.15119930139099824 0.1392354553510888 0.1584223922789503 0.014752822002730962 0.015258201689207449 
0.14354348026718128 0.1366117559632186 0.152914564674057 0.013903288225815096 0.016475043826311698 
0.14010311184179744 0.1469816363974046 0.1632370039883256 0.01534772538768017 0.013881193206842356 
0.16083255562026869 0.1443215055730655 0.13617604347961995 0.014587945166848798 0.014255132533594318 
0.14277860389858557 0.14814877806135449 0.1407398671592922 0.014731187322328105 0.015272520558908735 
0.15752665441771768 0.15882663337355327 0.149271436051377 0.013641151867874934 0.014037127235736363 
0.14882612607342366 0.14373096163877136 0.14182010790429017 0.015578885145383442 0.015000665685605692 
0.14785136142459795 0.1446207383096654 0.15366718541773083 0.01363090014211768 0.013685452650434029 
0.14453454894414847 0.13993661925954007 0.16465316379773348 0.014079267065518902 0.014831662205436552 
0.1359932740863112 0.15209655833713678 0.1516165321177776 0.01351886016396864 0.014095278636408685 
0.15164506494487853 0.1567145303611692 0.15801078445076006 0.014948255245575488 0.014229370140675096 
