file_name
position_num 10
robot_num 50
position_x
-95.52381949437725 -16.859969123445765 51.17478345465051 73.92458451022736 92.60367505757563 -7.951034617895587 -98.28357696315658 -75.44191759128455 25.787207138055848 -91.87026503350273 
position_y
32.4195686724112 64.88059489705503 96.1888948340785 -92.25932233636168 -53.7011849900358 -89.6553529338652 -24.050240179696303 98.240231075915 5.436283838173296 -77.65635434747038 
distance
0.0 100.87531176506745 67.03543953044023 108.95486198895294 118.2227844071287 107.04792339650078 90.00722893851864 101.18337587456648 123.86535404098818 26.35399844331373 120.29403546255283 
100.87531176506745 0.0 85.09829362999773 159.9593919290443 210.37487369665885 206.9027269462221 150.23740924350722 56.537205211082394 68.81600383109627 124.27575323875735 110.13653929953253 
67.03543953044023 85.09829362999773 0.0 74.89283813095483 181.47944447399638 161.38131217269154 154.7925330435066 120.57569133570566 67.41446441435563 73.16015145107804 161.06932169861128 
108.95486198895294 159.9593919290443 74.89283813095483 0.0 189.8164481882055 155.51009320660276 195.02293914096532 191.82088282468072 126.63331695937197 94.23675203340261 225.13119854869723 
118.2227844071287 210.37487369665885 181.47944447399638 189.8164481882055 0.0 42.8443506111852 81.91701693947718 185.22453878117176 242.07526061189694 108.9111498703447 166.43671112261467 
107.04792339650078 206.9027269462221 161.38131217269154 155.51009320660276 42.8443506111852 0.0 106.789287058447 193.17639998760802 226.55135207019407 89.2282500369004 186.02280696643126 
90.00722893851864 150.23740924350722 154.7925330435066 195.02293914096532 81.91701693947718 106.789287058447 0.0 111.64228153368053 199.6491166394283 100.89939712787351 84.7727149537165 
101.18337587456648 56.537205211082394 120.57569133570566 191.82088282468072 185.22453878117176 193.17639998760802 111.64228153368053 0.0 124.4053888012096 127.52652495126677 53.98838806702298 
123.86535404098818 68.81600383109627 67.41446441435563 126.63331695937197 242.07526061189694 226.55135207019407 199.6491166394283 124.4053888012096 0.0 137.33138139687486 176.6621050573341 
26.35399844331373 124.27575323875735 73.16015145107804 94.23675203340261 108.9111498703447 89.2282500369004 100.89939712787351 127.52652495126677 137.33138139687486 0.0 144.04050568659974 
120.29403546255283 110.13653929953253 161.06932169861128 225.13119854869723 166.43671112261467 186.02280696643126 84.7727149537165 53.98838806702298 176.6621050573341 144.04050568659974 0.0 
lay
0 1 
2 3 4 
0 1 2 3 
4 
0 
1 2 
3 4 
0 1 2 
3 
4 
0 1 
2 3 4 
0 1 2 
3 
4 
0 1 2 3 4 
0 
1 
2 3 
4 
0 1 2 3 
4 
0 1 2 3 4 
edge
1 4 1 2 0 3 
1 4 
0 1 0 2 1 3 1 4 2 3 
0 3 3 4 
0 4 1 2 1 3 1 4 
2 3 3 4 

0 1 1 3 1 2 3 4 
2 4 3 4 

demand 
0.009711300280228295 0.010415971138575357 0.010206037655987115 0.10690164194214452 0.09312194755309265 0.00975143870026787 0.009593430428591213 0.009383794258928654 0.10444618659288707 0.10804431933395359 0.09805816077784817 0.10623036239623669 0.0935800831474492 0.010945915571152131 0.009180860381349775 0.009573686759530405 0.00924665904549655 0.009889378979455209 0.1047102429160828 0.09985706680457279 0.10529431646295716 0.106171353544319 0.10092648308927982 0.010441581841206563 0.009550491940130544 
0.10035559720007886 0.09483993817714192 0.09695898287802365 0.00972319153185564 0.010751410712909451 0.10906554334317019 0.09415643351256109 0.10671933166142966 0.010999817576501567 0.009543527743220119 0.009076230759677678 0.01047441708350665 0.010030679523744772 0.10830146216269548 0.10177655027957962 0.009428314057760246 0.010425182769676895 0.01094167727448223 0.0939560087136957 0.10872454088565164 0.010666349350954245 0.009988429800004911 0.009410172310986212 0.10040884853411979 0.10068121313637755 
0.1045862556246773 0.1024205168272379 0.10943311440808473 0.009759364787200521 0.009235102276362818 0.01030245778429149 0.010344735512914198 0.009896441215290337 0.1075511627254736 0.10044277731195686 0.10953326621419571 0.10118459005327361 0.09372177763753148 0.009933729378783103 0.010266441550083286 0.09595641052528595 0.10327747515221244 0.10595587781196217 0.009317034651568763 0.010048663564641831 0.0943145951079152 0.09199604469863992 0.10834476393504744 0.010275848619466151 0.009844851064672746 
0.09122079157749557 0.09433058875729067 0.10937888213940417 0.009816651044123893 0.010585195106453517 0.010157519140180635 0.009316562626569332 0.009441884429645964 0.09923400886775846 0.10907179222326785 0.009789424763607087 0.009510860267375102 0.009409764345849333 0.09005134462233698 0.09656498691543641 0.09671932659251743 0.10134303392420517 0.09783461322845795 0.010990126470098812 0.010296514120530384 0.01061797084657338 0.009600667571387009 0.010820689073041088 0.09392120606414153 0.09727145836684267 
0.00947378498370471 0.00907978889888955 0.010675153662757201 0.09960921651934891 0.10162412237498591 0.01064845718554339 0.009520754500237536 0.01083712033397738 0.0948224496894623 0.0984340675990235 0.10519067970876 0.1064020432735692 0.09606718025127786 0.009306207095372568 0.010855697158837482 0.009841536038504625 0.01027290819603998 0.010018379991683953 0.10880764078564815 0.10941166559474005 0.10814110214661088 0.10121567849839311 0.09054868304916668 0.009424481423809366 0.009569896593719613 
0.00928133099115743 0.010058179905154261 0.010004804683469943 0.10012499353776355 0.0920801291789003 0.01070566076031071 0.00978441488991999 0.009873986410285392 0.09656687516646204 0.10989084269983831 0.009416410301914632 0.01009328539453503 0.009401965056048161 0.09833667401804845 0.09759406082926539 0.10189244904276851 0.09514449139768977 0.09825176444048843 0.009771087125024587 0.009687171702800734 0.09227285070705438 0.09242989255702738 0.10394118737026813 0.009544337277656762 0.01032758095755307 
0.10217885693898787 0.09898571742848833 0.10782353324585821 0.009810873769085678 0.009438032653785596 0.009233600334419839 0.010658699466186082 0.010350749729940854 0.10278700698305095 0.10282288598563041 0.09766108790190833 0.09779491330263028 0.09478558372931555 0.009089641735065998 0.010373158616720106 0.0963190678171065 0.10742194587063536 0.10662275557176322 0.010222760142513483 0.009454887740748508 0.09086927196456379 0.10597905369193072 0.10365594119840288 0.009362622298174344 0.010935587864798445 
0.009396662469296237 0.010500213551150162 0.009887327184617154 0.1038506036979299 0.10098388158930367 0.09242937101875785 0.1032197012886625 0.10602988172329138 0.009401762784144604 0.010202261258136645 0.09223829299163738 0.0960308772038634 0.10433572019465634 0.009431470557816938 0.010103143945275042 0.010358265399744816 0.00907480528806383 0.010002036453536119 0.10231591676240898 0.09308499108272404 0.10852759652244415 0.09885621549198166 0.1007947700126924 0.009978087419224978 0.00954364815563202 
0.009247273085183775 0.010575413410431854 0.009592967260006828 0.09078946287211265 0.10639585739676907 0.09945819004325622 0.1033696840274248 0.10968692437799998 0.009702768734165122 0.009430001065798074 0.009092506258677555 0.010091468917141185 0.009826650520837414 0.09191812264242656 0.10424918394616285 0.010292163965508605 0.009541194606956073 0.010809356311327659 0.09565276262855464 0.09293062381192273 0.010913066075842031 0.010319923116612912 0.009898632157234364 0.10424303076665803 0.1044012449226623 
0.009689337881788836 0.009104764574255022 0.010315575970334724 0.10195432551531083 0.0991088825874963 0.10982272085675127 0.09774550382560981 0.10134642678975447 0.009345854724982018 0.010902484628573104 0.09527547174168105 0.1077841735268109 0.10458937897737419 0.01064525974060614 0.009463729307391628 0.01095591558934286 0.009129416561323352 0.01059530768475 0.0916605202155033 0.0922764040425422 0.10230336498892621 0.10727854443846657 0.09876802069811225 0.009995620254559955 0.010434358682353454 
rate 
0.009239252734861116 0.010357478891508221 0.01023912326148677 0.10321406733989805 0.10681275337151282 0.009135546330407788 0.010136278246021122 0.01032517161871164 0.09443418323267216 0.10572924373963183 0.09528880211081307 0.09720809510348492 0.10808271594006423 0.009242444848649632 0.00916990026523368 0.009778621826858161 0.009494662641724978 0.010686764021221462 0.10891695610814059 0.10383932494631615 0.093597252996437 0.1054914662810747 0.10594710741451274 0.010963245996641311 0.010576198992932741 
0.1064662271821806 0.09544455145980878 0.10308699662362773 0.010096422778843253 0.010991056804496562 0.0938834574248861 0.09893864617332537 0.10481866766842579 0.010346017884137873 0.010523799021976355 0.009917589315305309 0.010253333532727435 0.009223398247081132 0.10116214463491478 0.1000193049449139 0.009890022663076222 0.00951390314180887 0.00908499336888906 0.10598852689517338 0.09208828705181078 0.010810106101721822 0.01017305264719485 0.009531576650906157 0.10204517332621954 0.10352777885386528 
0.09151734530710302 0.10191377412743169 0.10380039634270484 0.009698902468791553 0.00921608124772103 0.010917456114766598 0.010696675171230484 0.010477164522349255 0.10582174188662936 0.10348702200958222 0.09948237869536186 0.1025724599528676 0.09093159087972974 0.009655068445313457 0.009825019789498441 0.09845921592310314 0.1045784281194539 0.10358483513499256 0.01011177393995145 0.010932056950424802 0.09675206331442114 0.09651597954938106 0.09961400030823896 0.010048376297687274 0.009254524437797491 
0.09880761460510096 0.10465746007273627 0.09898557082575798 0.010198086286442672 0.009252772642744078 0.01075300096117574 0.009661551878822831 0.009926952281875564 0.10162618529510244 0.09271649586739422 0.010019462621969772 0.010810460712674427 0.009949847154073318 0.10343738097445382 0.09652519149211407 0.10777734628961214 0.1027830587022534 0.1092321444691615 0.009103649194738333 0.010534212599066107 0.01012846309665942 0.010030628633493853 0.010058839354246688 0.09495249154850519 0.10496946327565163 
0.010773832462674613 0.009150669467578188 0.009061789214805934 0.10039450897126628 0.10485016887195023 0.010195981422847191 0.00996549151940629 0.00969093612192867 0.09631678877723075 0.10771191294619226 0.10110118639828146 0.10883451201594406 0.09876782561416647 0.009561048838408795 0.010845812752218433 0.009986719615881982 0.010586351514107549 0.009202420223178924 0.10748446670467954 0.1069696609730956 0.1034401253432361 0.09978434709950275 0.09852977294710771 0.01032176123942087 0.01054947781372223 
0.010741096174650548 0.009959878318862346 0.0103730947088403 0.10346083995676517 0.10349912069388878 0.010740252322491097 0.009511192773937386 0.009726883964435986 0.09720694735476956 0.10357459520355317 0.010513239284870473 0.009023092779251484 0.009113991943758747 0.1059684060178499 0.10261220816760104 0.10899070355581762 0.09360494052037865 0.1012692421545872 0.009277514728917108 0.00991133318627345 0.10408067794676704 0.10791475788988954 0.10595491833702085 0.010785227933878998 0.010059427673340013 
0.10856510573017793 0.1097855782371811 0.09598983983380788 0.010138566052089485 0.009829285622810137 0.00928234765864142 0.00952532982142421 0.00957757064126518 0.09401459281727616 0.09554291300681567 0.09742493678599079 0.10971952402339452 0.10273720130577285 0.01056693448196628 0.009102642150464408 0.1099189550690352 0.10967382645851032 0.10087548146099053 0.010997264927852952 0.00901600990363006 0.10577248466198973 0.10411548181579987 0.1012480083453478 0.0108928024059732 0.010608843211942323 
0.009176216538805352 0.010535412058989082 0.010943699823043936 0.09265015089142825 0.09776569984364089 0.09245108114980155 0.09057111852580688 0.09079645098701378 0.010399901050188882 0.009688391758576642 0.09671301893730597 0.09460724144945436 0.09371167733958341 0.00955621806097832 0.009817036527955444 0.010890449824462545 0.009434802786890541 0.009974439466195166 0.09639549282835841 0.10119982554482612 0.09083158414997089 0.09937755825115863 0.09152651164372003 0.010078653953715534 0.0099883573265711 
0.010129165470483708 0.010548994951318691 0.009910516745177456 0.10396071051619066 0.10439119304253663 0.10492175087432176 0.10204741255452301 0.10932897727225964 0.010797196363757035 0.01024418572857755 0.00907988718001968 0.010471137610441614 0.010953131852798394 0.09277698383050181 0.1096680482568495 0.009329862133952415 0.009042041877380187 0.010207558534036223 0.10878490239833141 0.09801196392423113 0.009408642416666202 0.010852465807524588 0.010728422824357984 0.10970643893576433 0.09526005551612572 
0.009698809622123982 0.009781041612038344 0.010066210955799446 0.10346939395644364 0.09861616628613157 0.10532307820009663 0.09776132627746796 0.09460308882581621 0.010169558794559577 0.010278418099089316 0.09788096189086137 0.10595559717877218 0.0962199656863005 0.010612367225434221 0.009288920782182741 0.010864207079124553 0.010732378101302628 0.009169039341697669 0.10977929912608786 0.09294976525125867 0.0944477419511886 0.09040240195654856 0.10093532021471163 0.010813159401913616 0.010234827417731495 
ability 
0.014365256336477525 0.01623490138637643 0.016035177846513354 0.15745778763678117 0.14190332390275187 
0.015139029128360139 0.01373775546308855 0.015487555995476835 0.13822784702623947 0.16245826023978216 
0.014740089775368191 0.016058724960736837 0.015785310386922272 0.15243409698859461 0.15894047544225798 
0.01368968306608449 0.01440103971293448 0.015727359627237595 0.16481751774613324 0.16451549962876325 
0.015350957465440114 0.016469798939292315 0.01611844871670822 0.16127017312135852 0.1584489440014397 
0.015533192046041706 0.014468661595299897 0.014419464889905037 0.13851669622999832 0.1619695421813254 
0.014656819188671146 0.015928004148536925 0.015586115943436887 0.13976348735230482 0.1626327203400047 
0.014513264555977226 0.014241052504675148 0.014613648794085856 0.14813412612753385 0.15918551284097546 
0.015974615933230244 0.015663993111856872 0.015772445844791372 0.14288888973301067 0.13695438671403218 
0.014159759664597898 0.014074697013184798 0.014086745543168248 0.13721892369444533 0.15942007282014733 
0.14732796838397413 0.15421026442242394 0.14861857095651987 0.013957088761733447 0.015210222817772921 
0.15133364487880668 0.14734492661208018 0.15750161699793958 0.015702252566372452 0.01649755341910021 
0.1612535386895451 0.1531650467473636 0.1643163709090137 0.014790725586270544 0.016264493016500625 
0.15641078886719897 0.15672248749355236 0.161513062387372 0.014682998498102399 0.015137624378009359 
0.1568658449552597 0.148214699018738 0.14801366210663056 0.014824786638908965 0.015936017386276563 
0.13882261014862207 0.15166065668454456 0.14486206184665515 0.015412826868290982 0.015662948811517474 
0.13536695065302445 0.15211512149999804 0.1580137281458768 0.015188145341841042 0.014771345704349336 
0.1629757518274452 0.1419840927212975 0.15306930177139788 0.01618210380543578 0.014699312534921917 
0.1621998997253247 0.13531844056241824 0.15058552004867223 0.014486437380562442 0.01361831769070399 
0.13747938931005318 0.14485395437002 0.15816435690335656 0.014831550876925658 0.015139735218578133 
0.15649358516789377 0.14879446509113317 0.15993321058670704 0.013921822521525901 0.014880389672582128 
0.14768188776424443 0.13603479543973332 0.1542244863872732 0.013945444591541758 0.014503776016574548 
0.16010704890200544 0.160897269460782 0.15441821705841616 0.01463117342178772 0.014108432283262222 
0.13570484573485195 0.1601020623953735 0.1490591035331065 0.013880469505277078 0.013693886815827132 
0.15451083510543698 0.14117726174182724 0.14609816464164033 0.014837371478740447 0.013892869028868582 
0.13745552694803112 0.14022744027771047 0.15763632238684935 0.014513013372253025 0.014832141575417925 
0.16283182664056237 0.14530553250133837 0.14619679519077028 0.014106725663555315 0.015914901134405756 
0.1487047107989017 0.1589935682262739 0.16078703120740168 0.015250206678385577 0.014925513068425192 
0.15227479630986068 0.16405966093335042 0.14017013222482255 0.016446660273807083 0.013537925674722558 
0.1372034009714508 0.15123262779121002 0.1499099761660244 0.013776048970494281 0.015040668607456684 
0.15361561006250785 0.1526574389063135 0.1528657183546041 0.01513183493723695 0.015732883000614085 
0.14712517992192256 0.1435148306068112 0.16343103192657904 0.014677921153462054 0.015466036313996618 
0.14122405951373274 0.154949944161251 0.15071274927541636 0.013674821543352459 0.015648191664777687 
0.15527560485514394 0.14220265269642485 0.15832923217403067 0.016388284585703152 0.014944364220867475 
0.14221727654383595 0.13775392879632542 0.15012286230566166 0.015215039854625053 0.014990955049417835 
0.1508283478230528 0.14537561057568255 0.15144155980703175 0.014082718048057092 0.015187202222779347 
0.1448395546971969 0.15186568555000426 0.15789300734075215 0.015564484705000986 0.014070491885047439 
0.1356544158996856 0.14926092533252217 0.14306938292057272 0.014483534958158354 0.01587163320844409 
0.15437666389536794 0.1356029522086023 0.16326360625398936 0.014399450598852361 0.013867443828890753 
0.13585721065272474 0.13508772913867276 0.14599851712144682 0.015994461379686246 0.0157331210212201 
0.1560845892409148 0.15608105360462693 0.13767466378834448 0.014412501716978826 0.014307904005224076 
0.1418192445664645 0.14580191329408643 0.1503911109143157 0.01356719829512999 0.014236606891183785 
0.15731704821488146 0.14548055993298012 0.1526465564654538 0.015240447542429139 0.0137614322971188 
0.13970126927368873 0.16067365796517333 0.15631101911706294 0.015480483615048378 0.01577333846745222 
0.15950346754666475 0.1465482488333952 0.14187512277617834 0.013756235568939271 0.016315494409861884 
0.15303727706824932 0.1529693978989123 0.1633272068126232 0.014748728915661584 0.014451389081414015 
0.14559188432828918 0.13643093794406239 0.15415054122118954 0.015715024997036607 0.014493236203912352 
0.148518739398659 0.14098668915587514 0.1386424009275319 0.015267037462482825 0.016223966055388384 
0.13717224706974537 0.1379342593153798 0.13590963998101646 0.015670357370634207 0.013745043127902177 
0.15126377677665373 0.1356413592682354 0.1468291158313577 0.01535453482883512 0.015729949614943915 
