file_name
position_num 20
robot_num 100
position_x
-5.687759454772618 -2.8177188505008104 48.23779169092069 -44.55177336853551 -37.37943789795859 26.913420736946307 -31.413999779831244 38.870348717007175 -52.89133389481162 21.188722784182332 49.46277140730422 56.970817560094815 10.423951078471205 -57.80584669597184 -39.42363551354093 83.72608546682335 70.60078011222475 -49.16163226272965 36.76962309655218 47.7332478604464 
position_y
-87.17692527514924 88.39104218883006 -91.11465599211377 -21.227393970807128 -60.91030873740198 30.347836502875708 29.146507728975138 54.797230770469696 -92.14079850401416 -23.208731403966993 -66.05415575342923 -97.68882204713734 -87.75340661620585 -94.69364655596826 -92.14229776573934 59.164266148963804 -87.37604660388251 -56.69235270397965 25.206033774669393 41.96850513448001 
distance
0.0 87.36227394043902 88.43594223361903 103.09590236172284 49.35040795244968 71.46529289139568 40.56258616224028 42.852751311467095 67.18363275005194 106.24227007236708 31.426218140374626 82.52101094624035 113.0874882841726 88.3703520918386 110.94324048947209 100.22188421025969 102.52057245520643 112.33451683511421 75.03924934224948 44.57969629004081 63.5595655627828 
87.36227394043902 0.0 175.5914244275701 54.069129728210996 76.54901865309284 41.16184673805777 121.96272619482741 119.13429609951824 148.8021706451683 47.463854429961174 69.38497765858268 59.05719640007129 63.53422107237176 16.12202056330491 52.65734627281145 34.09932928112936 171.49513104193983 76.28879943064302 53.0969564266101 120.13558514404777 139.75817048838712 
88.43594223361903 175.5914244275701 0.0 186.62518810726834 117.2942149153092 153.2494887818987 65.21467923305511 65.78496900017605 53.5391365556587 187.3475711813535 114.15261147219984 163.0538832074235 195.449187668297 176.6414692741706 191.16405900882506 184.20716590266937 91.34568683522937 190.4845019748458 152.30544896353226 74.56207434567828 68.63273404122697 
103.09590236172284 54.069129728210996 186.62518810726834 0.0 116.16424913353428 90.78883519220895 123.32017628789735 144.24685571634032 146.21226927479958 101.13433151106278 73.0949158484539 25.09042142967429 10.93093775257588 37.96293638841409 106.10401696347874 87.6674504427842 154.41234871281773 22.673342305208347 103.30315943940536 116.88465151049162 133.08411753445185 
49.35040795244968 76.54901865309284 117.2942149153092 116.16424913353428 0.0 40.3258740819753 88.13216420211009 52.058919190926176 112.86715208734182 71.40209529321734 65.77034690823479 104.15456399661188 127.0951865820804 86.30203147648938 74.65226539547044 71.10008001475329 151.38701425220404 132.7996792854208 35.7633065721 93.64418153428629 111.84921460144132 
71.46529289139568 41.16184673805777 153.2494887818987 90.78883519220895 40.3258740819753 0.0 111.63162967610694 90.25417798639539 138.57223624447104 34.87065253877038 69.65370326923082 86.99441636762307 101.26514576237135 54.82440972197416 39.4785016248961 31.298815992905197 170.54164102529097 111.17626888119597 12.514441943176157 113.64025560523906 133.5223562580227 
40.56258616224028 121.96272619482741 65.21467923305511 123.32017628789735 88.13216420211009 111.63162967610694 0.0 58.339790666096874 27.21655758490813 146.19255989169275 53.8616573511309 99.00412782626515 131.51742483958864 119.24682903914125 151.03882533946518 139.29981344252997 63.70294727292733 125.56869842010151 115.60020859007429 11.11678281920135 23.843345841093324 
42.852751311467095 119.13429609951824 65.78496900017605 144.24685571634032 52.058919190926176 90.25417798639539 58.339790666096874 0.0 74.81877596015917 123.17421213038638 74.21669277065732 124.91684612231556 154.59326251692633 124.16120209603474 126.62114119278654 121.55298681201297 118.98867614679847 154.86936748330317 87.65436908207327 68.2973920697814 80.17911465274612 
67.18363275005194 148.8021706451683 53.5391365556587 146.21226927479958 112.86715208734182 138.57223624447104 27.21655758490813 74.81877596015917 0.0 173.23680568176394 79.98481124806129 121.31470250220596 153.55658004863753 145.3612113252953 178.02755169736122 166.49676577380325 45.067816869311834 145.67107151349956 142.0547672502509 29.665670189238888 15.592536120537757 
106.24227007236708 47.463854429961174 187.3475711813535 101.13433151106278 71.40209529321734 34.87065253877038 146.19255989169275 123.17421213038638 173.23680568176394 0.0 101.19033882860735 105.62611325895345 110.00214946779836 63.46711367964688 5.538002279625159 13.46769846472169 203.8566698998948 123.58400010760566 35.64411569813928 147.679945336016 167.6621954282552 
31.426218140374626 69.38497765858268 114.15261147219984 73.0949158484539 65.77034690823479 69.65370326923082 53.8616573511309 74.21669277065732 79.98481124806129 101.19033882860735 0.0 51.33373367706807 82.62954803680856 65.43619341105868 106.53748214428443 91.79158212910623 103.4225916188302 80.98762713745266 77.91229267958448 50.86014099318355 70.37530798734086 
82.52101094624035 59.05719640007129 163.0538832074235 25.09042142967429 104.15456399661188 86.99441636762307 99.00412782626515 124.91684612231556 121.31470250220596 105.62611325895345 51.33373367706807 0.0 32.51342597369133 44.664157673380764 111.02601885691121 92.63576247299164 129.82152315416326 30.023964452549233 99.06773619905965 92.13869006418112 108.03650548311609 
113.0874882841726 63.53422107237176 195.449187668297 10.93093775257588 127.0951865820804 101.26514576237135 131.51742483958864 154.59326251692633 153.55658004863753 110.00214946779836 82.62954803680856 32.51342597369133 0.0 47.59541216381351 114.81573818067255 96.55389435423876 159.11862127800975 17.091787984744723 113.77524952290291 124.5441040162742 139.96250115466347 
88.3703520918386 16.12202056330491 176.6414692741706 37.96293638841409 86.30203147648938 54.82440972197416 119.24682903914125 124.16120209603474 145.3612113252953 63.46711367964688 65.43619341105868 44.664157673380764 47.59541216381351 0.0 68.58186520329457 50.040426202927186 164.18893225982532 60.17801220659008 67.19546720017217 115.99107555111294 134.9805838430781 
110.94324048947209 52.65734627281145 191.16405900882506 106.10401696347874 74.65226539547044 39.4785016248961 151.03882533946518 126.62114119278654 178.02755169736122 5.538002279625159 106.53748214428443 111.02601885691121 114.81573818067255 68.58186520329457 0.0 18.558423117411955 209.0539287448398 128.6149644377288 38.97205123666266 152.71035600071698 172.67033382851753 
100.22188421025969 34.09932928112936 184.20716590266937 87.6674504427842 71.10008001475329 31.298815992905197 139.29981344252997 121.55298681201297 166.49676577380325 13.46769846472169 91.79158212910623 92.63576247299164 96.55389435423876 50.040426202927186 18.558423117411955 0.0 195.08851852740005 110.12760409601734 36.763122630823815 139.91441517206945 159.94383318530387 
102.52057245520643 171.49513104193983 91.34568683522937 154.41234871281773 151.38701425220404 170.54164102529097 63.70294727292733 118.98867614679847 45.067816869311834 203.8566698998948 103.4225916188302 129.82152315416326 159.11862127800975 164.18893225982532 209.0539287448398 195.08851852740005 0.0 147.1269414565309 176.30060026955545 57.94886456452162 39.88957953935167 
112.33451683511421 76.28879943064302 190.4845019748458 22.673342305208347 132.7996792854208 111.17626888119597 125.56869842010151 154.86936748330317 145.67107151349956 123.58400010760566 80.98762713745266 30.023964452549233 17.091787984744723 60.17801220659008 128.6149644377288 110.12760409601734 147.1269414565309 0.0 123.63059689741681 117.55539973723799 131.35043622190244 
75.03924934224948 53.0969564266101 152.30544896353226 103.30315943940536 35.7633065721 12.514441943176157 115.60020859007429 87.65436908207327 142.0547672502509 35.64411569813928 77.91229267958448 99.06773619905965 113.77524952290291 67.19546720017217 38.97205123666266 36.763122630823815 176.30060026955545 123.63059689741681 0.0 118.70773502779113 138.28442668466107 
44.57969629004081 120.13558514404777 74.56207434567828 116.88465151049162 93.64418153428629 113.64025560523906 11.11678281920135 68.2973920697814 29.665670189238888 147.679945336016 50.86014099318355 92.13869006418112 124.5441040162742 115.99107555111294 152.71035600071698 139.91441517206945 57.94886456452162 117.55539973723799 118.70773502779113 0.0 20.029516071336964 
63.5595655627828 139.75817048838712 68.63273404122697 133.08411753445185 111.84921460144132 133.5223562580227 23.843345841093324 80.17911465274612 15.592536120537757 167.6621954282552 70.37530798734086 108.03650548311609 139.96250115466347 134.9805838430781 172.67033382851753 159.94383318530387 39.88957953935167 131.35043622190244 138.28442668466107 20.029516071336964 0.0 
lay
0 1 2 3 
4 
0 1 2 3 
4 
0 1 2 3 4 
0 
1 2 3 
4 
0 1 
2 3 4 
0 
1 2 3 4 
0 1 2 3 4 
0 1 2 
3 
4 
0 1 2 3 4 
0 1 2 
3 4 
0 1 2 3 4 
0 1 2 3 4 
0 1 2 3 4 
0 1 2 3 
4 
0 1 2 
3 
4 
0 1 2 3 4 
0 1 2 3 
4 
0 1 
2 
3 
4 
0 1 
2 3 
4 
0 1 2 
3 4 
edge
1 4 3 4 
1 4 0 4 

0 1 0 2 1 4 2 4 3 4 
0 4 0 2 0 3 
0 4 0 1 0 2 0 3 

1 3 3 4 

1 3 0 3 0 4 



3 4 0 4 
2 3 3 4 

1 4 
0 2 2 3 3 4 
1 2 2 4 3 4 0 3 
2 3 1 4 
demand 
0.010863732745754948 0.010048424156149212 0.010617040819246344 0.1065215304053576 0.09715043622575048 0.0905620535542756 0.09579629294003485 0.10596610490608992 0.01009650073169687 0.009485165169302185 0.09025882967862439 0.10866592744132969 0.10298818628543449 0.009049756269207931 0.009367263623652337 0.010445189180689221 0.010736293892761165 0.009626601139010796 0.10682516541273393 0.10162283936516417 0.009561871500435401 0.009471163227775931 0.010495503280903706 0.10812201060288491 0.1098897146142742 
0.10798294117089982 0.0925733374378781 0.10483740127366942 0.010067620293745421 0.010972800594870295 0.00940504751826316 0.01040829032364431 0.009900190607922257 0.10067689208138504 0.09037841207924249 0.010724664299001397 0.009841916137339963 0.010005438298397631 0.09668325462250338 0.09322413911320791 0.010260445906726293 0.009449698653156369 0.009912202546525441 0.10796136656454691 0.09290467843230865 0.10199156713957265 0.09776722181332687 0.10201674339587195 0.010791202485636562 0.01067778661048256 
0.009389261493567847 0.009314304380459404 0.010825649532707019 0.10202853556511751 0.10568437190180408 0.09361774249741014 0.10700875278354341 0.10726311669242042 0.010997074398096341 0.00928480228967041 0.01058253117962351 0.010466280743919447 0.01092032928520051 0.09674254112807318 0.10414914367667623 0.010303110832633156 0.010296267004248074 0.009318195646539048 0.10565787536276848 0.10292878753957667 0.00974091895929265 0.00942502794344442 0.010320508625403816 0.09207698627261068 0.0995275028343815 
0.09665230738097119 0.09069443092181213 0.09888084484415677 0.009377383494787507 0.009406285772878008 0.10773566438386468 0.09017811530509912 0.10946963130398185 0.010315582037994618 0.010135502004512239 0.010760234465430663 0.01075811329294742 0.010404105940895542 0.10932253421028156 0.10581658765040124 0.10673480356161891 0.09996675671120192 0.10692889627368525 0.009023878630904423 0.010217508148071146 0.0983094505915705 0.09028517296593917 0.09118354461007537 0.010169854844187406 0.010757862359879912 
0.010766624598607511 0.009376027127384497 0.01066034332983074 0.0923174347058977 0.1018184223468416 0.1079012201786464 0.1093459164071702 0.10801164986829909 0.00929081503476582 0.009854827159583232 0.09049239362931377 0.0945002909246398 0.09060406080889932 0.010945487511505312 0.010344665329053523 0.009168519347860006 0.010365775946751253 0.009959177152953028 0.09746610843338357 0.10527220347797368 0.009357468650367365 0.0095845972301 0.010103445640555916 0.09578924178863096 0.09245526072034657 
0.010211417382852916 0.00980794729919141 0.010764567141388834 0.10724812506795008 0.09101712662759592 0.009007228036060246 0.010849838725454102 0.010647848858616964 0.0999482057355916 0.09844944279989892 0.10626841138748887 0.09681201146865276 0.10994239469368612 0.009153204394641873 0.009108738288593819 0.010996770378142489 0.00996441953473212 0.010245582795030442 0.09343818178311908 0.10572905405008862 0.010085876755783998 0.01001389009893261 0.0103829501889387 0.09783025085058715 0.09409416686960594 
0.009245170534419124 0.01074018945718031 0.009533762440788128 0.09997727799644868 0.09322463178538275 0.010493689402292514 0.0090138065527113 0.010862881576623308 0.10456697702979711 0.10149411614764499 0.009039185926269929 0.009209510962274597 0.010802243281505709 0.10035178367340286 0.10231410275782389 0.010604387298658194 0.010504801575948167 0.010658217489736587 0.09481517544570678 0.09965825977167125 0.10552245744924715 0.10270093176576243 0.1043661154023051 0.009696046588675409 0.009707118143183457 
0.09673957709325873 0.10793482837938889 0.10337132490244234 0.01048447255301346 0.01028946822520574 0.009926261475699109 0.009709717263185338 0.009246620423478418 0.09819743160745784 0.10433229367854285 0.10606736454179283 0.10915995119016127 0.10661457999779533 0.00974037873404138 0.01093809991737905 0.09402246748099025 0.09613752793110443 0.0917162078730454 0.009131085597410446 0.01050777617653323 0.09518567910151786 0.09184019319606913 0.10387465048240958 0.009804544853519196 0.010597310501392914 
0.01033319039496288 0.010591882366534664 0.010319139440505177 0.09629271592631733 0.10558701042418571 0.0972549570358532 0.10582192023054252 0.10785849920727064 0.009374297460380198 0.010745543606617277 0.010333829291732677 0.009437684371444278 0.010986815669945017 0.10000341606701624 0.1046962877776496 0.010928358957895231 0.009369717688913492 0.010887683802859744 0.1016740818274896 0.09837605249612626 0.09791586383277084 0.09020602445631411 0.10748745684503183 0.009663148356440464 0.009649454147412922 
0.09162914877132992 0.10597698839299273 0.10365586696694518 0.009114247287659234 0.01053570645004038 0.10144998046407333 0.10085937691794396 0.0938659063812287 0.00976665769304121 0.010808602673339433 0.10482600467295518 0.09409458967116512 0.10120087169855174 0.010484943355427122 0.00905008212121915 0.09916814322126057 0.10248911864866801 0.0968413574762183 0.01025241579189428 0.01076656700352451 0.00945652873872464 0.010581109374820158 0.010073309560475505 0.09484937034467718 0.09869525906296804 
0.010992657463955962 0.009419687425693088 0.009951967963642857 0.1005492293273143 0.10108379172712263 0.010464519983191721 0.00905633537453844 0.010859520278237356 0.09419548432139857 0.10693763616464502 0.009055676595940743 0.009536444564654982 0.01058776701070387 0.10908378653969351 0.10147831919739402 0.009028008827585487 0.010691662997072901 0.009361155482558533 0.09933627649041665 0.09500550315439206 0.10735128458430986 0.09114807430212706 0.10365436355584766 0.00918250894410206 0.010069916650554636 
0.010853164745157674 0.009986449033347689 0.009988786994421411 0.09188549834551951 0.09186727604637945 0.009524467765822402 0.010220897205347182 0.009011148462983813 0.09386457098030376 0.09572009213164306 0.10214761654142 0.09730147593346894 0.09996713584865896 0.009668501839377201 0.009288231310437085 0.010070335573964797 0.01017631025357962 0.010856928365598954 0.10573584944050761 0.09971193819144128 0.009968917951125752 0.00929163043170758 0.010820805752225637 0.10001989590898484 0.09912280283343539 
0.09061187264784998 0.09881517010038009 0.09696652949738353 0.010660191989080312 0.00949606571752495 0.09968069141499362 0.09800244898661643 0.10137835395123873 0.009205870115212731 0.010130842349303377 0.09303863919788867 0.10698576752761901 0.10969705350826596 0.010096264126384409 0.00947621426836781 0.10095883439954563 0.0966714626576482 0.09467388184966163 0.009823429674809384 0.009963918720609408 0.010363304245193265 0.009218302244282633 0.010986796184777282 0.10614934017933815 0.09545183126551583 
0.010872185952875176 0.00919714775688292 0.009473506169160407 0.10203659568142653 0.10066569212631865 0.1073931752824348 0.10830599478702424 0.09789370655006464 0.00969569235001987 0.010259965275065699 0.010144706386106445 0.010196341454808095 0.010284510749933959 0.10594870104974521 0.09947581322950037 0.09651943978248832 0.10506205021195357 0.09747905468604023 0.009331826251825598 0.010591592238619192 0.009127164853169644 0.009697286935383338 0.009353901617491696 0.10412087951983223 0.09907260933469336 
0.09563641080913302 0.09310504940913314 0.09613067514127069 0.009832553349795345 0.010378470890079913 0.010868598906500809 0.010709042504877095 0.01061716504571095 0.09376934391983681 0.09411713891646073 0.1024803605620685 0.09099951354953978 0.0968715241012078 0.009856165903513067 0.010014802844747069 0.1069004652283169 0.10256461543055916 0.09216000161168118 0.009217682259927537 0.00928183173343151 0.1051796230782113 0.09691196557095191 0.09206083591135256 0.010420169981806608 0.009667371882732928 
0.10252659420641984 0.0925715064363087 0.0992664237999561 0.010527713540089821 0.00935402053097633 0.1048187425570867 0.10775315831131396 0.09336175985940895 0.010663461412538182 0.010480945321098395 0.09397082588995817 0.10761299899114168 0.10704712648553437 0.010990184455212606 0.010423373184807704 0.10704227149055097 0.09688034494387603 0.10667934056852385 0.010016282005066492 0.010618489568294179 0.0964571008170087 0.09585236984117029 0.09918910206887326 0.010317135701899238 0.01055191566115353 
0.010432922642312045 0.010509919729369386 0.009730509209786282 0.10867411012793644 0.10606624210787007 0.010792596691197942 0.010229329482374497 0.010022024526176248 0.09256750261552686 0.10338318866412931 0.10228374252702105 0.09110209963381281 0.10789004241929918 0.009366451422427226 0.009742540738538653 0.009622934246783746 0.010470039384570735 0.009131491721153212 0.09160774427718699 0.09202359067311484 0.10532377066836669 0.09374827167932687 0.09405106529047662 0.009801774438964378 0.00918828710670974 
0.009648428539310024 0.009522730199308273 0.00996734733829216 0.10410107108002042 0.09197550260876884 0.09849696939630631 0.10870094399455786 0.10870472730009079 0.009097591010713602 0.010587397390534428 0.10662265780355705 0.09230889439307387 0.10754188506314417 0.009165469146170252 0.010535683365605779 0.1005736942662333 0.093270014577521 0.10513690233929403 0.009042769821651302 0.009509794034162262 0.00924242633973535 0.010179583373020528 0.00911185619000363 0.10107611016916947 0.10792362599103365 
0.0984410463946492 0.10369479610076543 0.09848743462967045 0.010723024227715957 0.010877381911049444 0.09692356954100212 0.1092138260909788 0.09412188164605112 0.009096851248959214 0.010823035333849323 0.01036740270663534 0.010426035581831165 0.010974867878341548 0.10415627872454991 0.10035395550785926 0.010669129446472077 0.010039767397497026 0.010729272171920481 0.09191937316015207 0.10454402482960345 0.010733314686038277 0.009892616783688031 0.009778246928838082 0.09287830428933153 0.09630221288414186 
0.09338988983359603 0.10680532691675071 0.09823744974458126 0.01097233582815656 0.009365166429173337 0.009927750309217923 0.010796059972323009 0.009031402846764609 0.10035210477412536 0.10102135740128566 0.10111315098526708 0.09968635432594924 0.10966725769417728 0.010074533390848446 0.00906480292549138 0.009871417093419887 0.009925587996881466 0.010012935451106448 0.0906416004858651 0.09488252105353111 0.09277019036154124 0.09400236836611081 0.10490506588890634 0.009806239630744715 0.010361609107461374 
rate 
0.010450624919332406 0.010630987264914215 0.010462975533164071 0.09757601810135509 0.1037342837176206 0.09437557462055773 0.09778444741501617 0.09864352750057964 0.010235472161518743 0.010744049516092173 0.09988494878749724 0.09813343227086815 0.0961700389581446 0.009508670167957332 0.009797062549685166 0.010255819050865207 0.00983014414711287 0.010716529035432862 0.10926144021209261 0.09775299958159721 0.010503940024225158 0.01000467677800056 0.01005185741576687 0.09755117606112487 0.09303292430969438 
0.09838223267605094 0.10878603751797478 0.09084469823781265 0.010835053821869825 0.009425977039752596 0.010648969177319181 0.010700403123151476 0.009134601198174722 0.10003394747004096 0.09640107510429174 0.009157873026953934 0.010228152703923372 0.009508229820548568 0.09209036271925418 0.10741689458404709 0.009307190497588571 0.00992803400005132 0.01069941178664045 0.10326109468131857 0.09017401402232919 0.10758991098576083 0.09244810621482595 0.09316189977073841 0.009259613666719728 0.01040499411161056 
0.0091109523379766 0.00968811025433292 0.009144909370931374 0.09055385056644454 0.096571383550139 0.10761884707834038 0.09523290823761821 0.09043058253016484 0.009995924738311275 0.009405221070891168 0.010223856482975394 0.010339513824230553 0.009243439349041527 0.09731858291888601 0.10251874532477659 0.009823589587168446 0.009526149207848526 0.009729651798949447 0.10680496286543054 0.0919316673877979 0.01092853820906561 0.01068864037833171 0.010869595066572129 0.10930844366382553 0.10272822851116939 
0.10054235897734931 0.09588439778316488 0.09245724970612137 0.010966846674448104 0.009398391269878063 0.10959061114907348 0.10963116371416089 0.09333294830492658 0.01031100978296081 0.010348656735683588 0.009494240095063009 0.010977653550148979 0.010823416484155846 0.10375170666310465 0.1089734874926634 0.10429564022624856 0.09771043113808918 0.09423603177028295 0.010326175216722622 0.009451398972237164 0.1006611320173823 0.1076143719617426 0.0970812153575439 0.00994387404038616 0.01097249755039056 
0.010972305940799773 0.010788013582420406 0.009793250110145535 0.10790230562220236 0.10798670612009786 0.09495485830526276 0.09512573308369267 0.10648606843663543 0.010017827616980826 0.009130567061281528 0.10501957737405734 0.10791185394898128 0.10217856556867266 0.010482188051358267 0.009358362586734184 0.010632788416163521 0.010484427273110915 0.00909576536561662 0.0959404992801463 0.10716491735194084 0.009301514840586871 0.009748005726962931 0.01096640557258894 0.10674774798182929 0.09291444960616695 
0.010088702919360431 0.009038288502011218 0.00921730387385663 0.10906881841675138 0.09959120493291213 0.00995563992238877 0.009147879323398181 0.01020282413331458 0.107814490765457 0.09221596875772471 0.09119023426706359 0.10361880874680066 0.09232160606223187 0.009113732636450688 0.010722554410876602 0.0102808866763055 0.00902160748546819 0.00946946031801362 0.10814718569657258 0.09141677200491273 0.009782076356360556 0.009780600802266398 0.009265593872009177 0.10684108679842418 0.09222738570941225 
0.009509326937909256 0.00995755939707733 0.009022451690534622 0.10960780693068298 0.09784843250773 0.00967058175394442 0.00923369113045452 0.010610060514103261 0.09221830978364595 0.10077500603741825 0.010742271557379102 0.009277961200245667 0.01022249647741509 0.09764477376975061 0.098989972729844 0.010169222377839751 0.010757741222117761 0.009954549952625107 0.09088736611338923 0.09285699993082959 0.09174810793795977 0.09413197386022028 0.10660700892325517 0.010685905651404974 0.010703237458868451 
0.09756442314603267 0.09410485424731703 0.09411035470474366 0.009026657635467 0.009264307571962343 0.010758257246501543 0.0109465365103003 0.01068500278478636 0.09887988254960924 0.09398716995312334 0.10627964940441577 0.09733805565212093 0.09370544881264946 0.010924150957685818 0.010966249828852193 0.09897109191076879 0.1047211261239936 0.0902202330224779 0.009413651047660903 0.009218455405172908 0.10503358313013232 0.0981507429804853 0.09076199911093985 0.00968350950101559 0.009619256358433725 
0.010153845574293354 0.00952915462666754 0.009041050552575305 0.10570325211783571 0.09467443887672572 0.10245213824002371 0.10295072491243087 0.09732018384723409 0.009970108185294488 0.010167225252119804 0.0105433727616442 0.00950033833461307 0.009603296563738957 0.10351064866949472 0.0906487001637572 0.009599949883119052 0.009525321659063245 0.010940854400911497 0.1019219572781755 0.09281030296886428 0.10562623838529635 0.10470222617430856 0.10028438601269059 0.009554319767629472 0.009421102712986346 
0.09090800881149952 0.10021173989367571 0.09145886909263046 0.009084758402986335 0.010476301893101163 0.09218025188002159 0.10290588979192444 0.10351019328834468 0.009976617515340333 0.010825371783439064 0.0944303599429776 0.10940349936600578 0.10534505823282192 0.01055072686247663 0.010197913890122026 0.10942907000361701 0.1006021930507246 0.10731439758776916 0.009853437860727414 0.01092275125776855 0.009373550311363762 0.009607523278134912 0.0091710758596391 0.10426162180845051 0.10315806016036269 
0.010119252439304146 0.009274419972175511 0.010704238230212276 0.09751967661746835 0.10493182307523448 0.010156144596062804 0.010444398820526446 0.009508019691621213 0.09877202264160113 0.10360899386153055 0.010699012785329006 0.01027354739046091 0.01066067097772597 0.09392624545912906 0.0964414125014559 0.009112906655777566 0.01076895408455981 0.010391459545839732 0.09600917388310658 0.09541165828743133 0.10152461288931976 0.10699561042232478 0.10091536820435439 0.010816686114968822 0.010728685952419895 
0.010873372686543434 0.009508931371578702 0.010143783154613116 0.10017927417953608 0.09676424532813949 0.010936169857107181 0.010216605756351678 0.009813112847592278 0.10563977845869665 0.105731253560288 0.09811583058340188 0.09821427461876711 0.10635712871278116 0.010658884878087109 0.010850695623475888 0.010022484290044235 0.009771836939221939 0.01089642268059628 0.10517482540640284 0.10095855926743938 0.009613960898757587 0.010546640148369386 0.009738418190980256 0.09486875147368569 0.09750398166028161 
0.10722627037278082 0.10798774762126682 0.0959232228205823 0.009501808034410295 0.009685219121356295 0.10402528723421219 0.10122614801976551 0.09940542539173924 0.0096660964861571 0.010645559711912968 0.09178692734258183 0.09534361714836873 0.100035262018218 0.010027723306670552 0.010517125077972691 0.0993265227930913 0.10923451212035117 0.0937717341685903 0.010133888400121862 0.010494836048853156 0.010307757357781592 0.0098601933547342 0.009225686694505755 0.10531374842751579 0.0970544523040599 
0.009866977991131341 0.009328447869308774 0.01004919229916481 0.09376772445122715 0.1088248496197092 0.09001964221819327 0.09311367566733197 0.09389512606328587 0.00926710342573574 0.010554390784043811 0.009028314730762816 0.0098191962609913 0.009586534781045803 0.10488152860345101 0.10293235116815168 0.10307114092979185 0.106662761120863 0.09519159279038233 0.009018802490984402 0.010822466794805764 0.00981430124745153 0.010001159729637329 0.010186010390844349 0.10865352128798307 0.10711874028810431 
0.10871915863840667 0.10376385957916681 0.09165191247191856 0.010272524845211507 0.010066271793164508 0.010921345414759758 0.009745762692791142 0.010175515226730778 0.09148684642627336 0.10522784098739708 0.09306529976792713 0.09885217036364946 0.10422465666858756 0.01086356232493829 0.009157018480431529 0.1050819169996382 0.09936338979691813 0.09707811902974248 0.00973385057880698 0.009480977369286282 0.10300213493288944 0.09605015773922236 0.09299655049682252 0.00960305037146983 0.010449789341516733 
0.09343075089508993 0.09876104639734054 0.09153824436984044 0.010842754204731199 0.010320336677862935 0.09280540182559806 0.0929048936680301 0.10149245994883356 0.010641611498735893 0.010032211322973151 0.10182295986837153 0.09369704289677355 0.09231462247862435 0.009833089009877196 0.009102998269956997 0.09756349768547373 0.09247265427880524 0.10592270615079494 0.010069834937365098 0.010801851768507946 0.10525162741562273 0.09920174753829267 0.09145799262400443 0.009566777915846064 0.009313690350531464 
0.010248153996150634 0.010453938022813388 0.010794299564728788 0.10948189931083961 0.09579109465671387 0.009994314708077252 0.009994897612487862 0.009054892959317808 0.09532189824839508 0.1015363457964482 0.09098749869171135 0.09720769946120118 0.0998264139959007 0.010140909169684168 0.010651252326711491 0.009735106710402409 0.01050654451700851 0.01002015023122143 0.09537517777469078 0.0952870673368974 0.0920751081924831 0.09763674111249955 0.0994019699976616 0.0094936316646477 0.010340222422018215 
0.01090047142380113 0.009254582271044583 0.010749816255062137 0.10767969504381801 0.09256446034431129 0.10281122306344281 0.09115891331602625 0.09433835161939097 0.010592101099112301 0.009395459644844764 0.10258483436763532 0.10171299799822522 0.10974931217786264 0.009196809761659127 0.010988146228850065 0.1007871852858817 0.10151883671407454 0.09587490711160696 0.010041379420885073 0.010001281691990953 0.010763690397991443 0.009229340269266074 0.009412756368188618 0.10969803626422603 0.09098549423692713 
0.10933688774293993 0.09277596318497154 0.0910883511914931 0.009215240801787494 0.010048001874900417 0.09518923816327753 0.09957556216466322 0.10874969192341799 0.009570468098816055 0.009574122603355514 0.010508477841944912 0.010127893596979022 0.01049641011390707 0.10125053486828273 0.10868012012119568 0.009039855828438428 0.009952847813295584 0.009030204081513062 0.10838559129656443 0.10779080541716518 0.010031542018006098 0.009758254168699819 0.010468773258827899 0.09976355028742948 0.09084257422843105 
0.09105507853885014 0.10381420072755301 0.10193363263729888 0.009911241605745382 0.009280109988932925 0.010135242372374295 0.010048423248263709 0.00913534221627386 0.10949913766729852 0.1082215632174327 0.10069073294242914 0.0921184457949159 0.09429904722208997 0.010603903001065902 0.009726231334128204 0.010190515617310578 0.009403564273179926 0.010758213707109188 0.0992326302101104 0.10393609878627777 0.10679021691396198 0.10884404031484218 0.09018654559913145 0.01028122445663424 0.010276261986377058 
ability 
0.01535601117202454 0.015330844897380366 0.015322151087679509 0.16433786824464808 0.14078438247486244 
0.013841146547299822 0.013935411184201989 0.016090304925938825 0.14273345614037136 0.15396437303783753 
0.013856590507704592 0.015286107517843516 0.01409753686741172 0.14811252410856862 0.16178806122085454 
0.015705159747528147 0.016417943158757574 0.016328549434890736 0.14982250351928159 0.14564679651021342 
0.013786996552183958 0.015738219319220433 0.01477565010712626 0.14688771412574175 0.1600347072928568 
0.01369897425433905 0.014713817625174952 0.015768264972742977 0.15770801561752992 0.15381306605122794 
0.015122800194655353 0.0147077020532163 0.01396769826849986 0.1372839087029743 0.15301949893187958 
0.014351921586035123 0.01584408427549309 0.016419874958477125 0.13945454628353074 0.1466357611634605 
0.014722302698968794 0.01616547589391438 0.013660978529762152 0.14529461423370754 0.157822505961765 
0.015486981043023504 0.015323466904784642 0.015954219733143676 0.14090322818043757 0.15090585195044942 
0.01633030795809678 0.014632933406270993 0.015066406465007905 0.1647770353085824 0.16315175752805794 
0.015450809343110597 0.014065783611818752 0.016236194689498617 0.16256845487206414 0.14296281912124006 
0.01418429565155874 0.015689328631452035 0.015144018438899088 0.1529508270355819 0.16332407630140747 
0.015547564498962031 0.016174709959893705 0.014349673510979566 0.16387223234869366 0.1513509322132742 
0.01561120934082937 0.01611715340066987 0.016122128896708263 0.14095118573443322 0.1429718977585282 
0.013539351320482404 0.014438925215441349 0.014871212695692767 0.1371843106844685 0.13812319263366332 
0.014442518417947577 0.014755688418196071 0.013629719177520818 0.1457066668119657 0.1361981300672093 
0.015003933119093699 0.01570840713067856 0.014159299058412874 0.15473528739016332 0.15762657166809893 
0.015825046466097458 0.013998295069422467 0.013852995565668977 0.1523098071082029 0.14276534691263268 
0.01578106985560079 0.015177055197849997 0.01430803455348405 0.14033008085731385 0.15141696204492175 
0.14512862203330326 0.15427927606177963 0.15668705978961855 0.01575126786157093 0.015237104922763221 
0.1366159985867709 0.1449501685991049 0.13892798036825943 0.01615885619801297 0.013601597475388555 
0.1512479762281885 0.13870586925770045 0.14347381968780712 0.013800777115020386 0.014151153731511793 
0.13665132783561926 0.147517718806519 0.15278585670700245 0.01587459734426689 0.015693181902358806 
0.16206181039341994 0.16480291539784 0.15950312278398274 0.01587070139105241 0.014101429551849507 
0.15716691314410888 0.1569693693247343 0.15913634968734094 0.014271619365167874 0.015347936404561743 
0.15379656098909722 0.14463047412900829 0.1568457595984464 0.01508389949609399 0.015676397039514508 
0.147977513471921 0.15334444226854563 0.14226603662964604 0.014872424432206214 0.014949559328905872 
0.15594275380675623 0.15303795977994988 0.13925130533203087 0.015465390518532372 0.01591022012631086 
0.13831908532362241 0.14231063897018864 0.1353254893953815 0.014853551270265756 0.015584015886952228 
0.1648659995498333 0.14863148413095317 0.1623471494972544 0.014372287291541759 0.014840710213653869 
0.14615971952823506 0.1354666116182559 0.15884167488149556 0.016429435208817934 0.01501970231790056 
0.1516249678831346 0.14636538513054384 0.14151360591063106 0.013502381105387673 0.014910630013084753 
0.15043996492973566 0.14922602719016811 0.14388583608088223 0.014482864500666404 0.016372780252149076 
0.15999647384802243 0.16353807730990302 0.14463339761170138 0.016411536843371783 0.013827474659555089 
0.16219769262411685 0.13982520261523593 0.1420575303331 0.015175422947325955 0.01475383724536367 
0.1460561401422813 0.16069266649271444 0.15717624731350255 0.013561948779437288 0.014653824658288607 
0.14082451921425188 0.16276473881691408 0.13600578835533852 0.013624220478477857 0.014169846246318082 
0.14685478961699597 0.16403478281797151 0.15230939772084795 0.015226544503188798 0.0136415936278619 
0.1374642931518325 0.13846200423011856 0.15224355519281002 0.013592814274133638 0.014671534178697961 
0.1441325327147945 0.13734503431913236 0.14465498243755023 0.01388686188065784 0.01588295149594049 
0.150250955049641 0.1629908934286924 0.14076998856887754 0.01451792797752826 0.01614612254544134 
0.13743973022958933 0.15867739731596248 0.13746276329280005 0.013836128154621933 0.014281331532538409 
0.15798683399422686 0.15559626936447005 0.13552611974204967 0.014449694278973649 0.013653901023939539 
0.1607266167768154 0.14949518961758876 0.14986688907211757 0.013510476914559868 0.015063000942964979 
0.15612706065007056 0.13656593306753387 0.15842441833245907 0.01619275700724825 0.014424278194077343 
0.16352825541019655 0.15933594482891864 0.16211154155328628 0.01541591998703093 0.013690553423041001 
0.1377421730576703 0.15112683290825432 0.1457356502788151 0.01512897101351858 0.0145322100923099 
0.13941168227004874 0.15238028367166795 0.13701534355848982 0.01407480130942954 0.014574577433275854 
0.14484144013627462 0.1444124501247136 0.15660979787775078 0.016026487420876017 0.013873352595226164 
0.13829774459189928 0.14442239229444348 0.16270342043123878 0.014613347546036982 0.0142685220850253 
0.15055693760401404 0.13952565163100036 0.1584620055974301 0.015638844088358226 0.016207743229087287 
0.13581343617929936 0.14838302610755916 0.13884835313291813 0.016435136174732034 0.014607831374489899 
0.16182165701041548 0.14836351521334443 0.16212859166228352 0.013710203990546264 0.015194838249155157 
0.16361562604627836 0.14279985103787532 0.16433597311280318 0.015629044689839906 0.015656263525124905 
0.14462614141724378 0.14778662649629537 0.14416622336700896 0.014813082138334863 0.015058378007769343 
0.15715310655322393 0.1415451351561061 0.14287505772057682 0.015486891494355356 0.01399913825575101 
0.15247901961864602 0.13585188492534922 0.14587003752245795 0.016137826954698974 0.013611892620098267 
0.1351638245050474 0.1395780596817534 0.13640825963486602 0.015281267320906856 0.013799632632419852 
0.15114562173335785 0.14767442404668363 0.14268903330212093 0.014170076864260707 0.014481593278413479 
0.1517628254015731 0.1451645597445239 0.13636497300009165 0.015008596641402909 0.01480774569892327 
0.1465483196296034 0.14644146451104523 0.14245455646778196 0.016396625664427383 0.01495610453867275 
0.15843695628336946 0.13722033713815673 0.13585424897999152 0.013852003666317973 0.013736924552080653 
0.1359352281716628 0.15746417471076699 0.1589693411418592 0.014763406026811884 0.014156105793317613 
0.1557014016272432 0.14501275906538696 0.15762445084604407 0.014661182142220194 0.013835430085509253 
0.1485023302281022 0.15334393002401625 0.15303578140502558 0.016013190054248606 0.014950261954012306 
0.1519045872223055 0.14720807319305143 0.15730137918296708 0.013735435250784054 0.013683410508753756 
0.15207721596050225 0.15292640509465427 0.14614505261898617 0.01483096898813561 0.015209589242761168 
0.14171915767534557 0.1428051982003347 0.14121184618453528 0.014708669011900119 0.01479842616274217 
0.15217732262928993 0.15540396499483822 0.16341929918465917 0.015601337814776572 0.014781122154534055 
0.15650140732609447 0.138905427213305 0.16083561707328822 0.013850410342523623 0.014533346995805286 
0.1634429145317148 0.1376429598802211 0.1356690407591162 0.014486052986067198 0.014206622906424582 
0.15189338503185884 0.14459878217037678 0.15740845511446852 0.014658485182588402 0.013657129798331525 
0.13879477244338004 0.14385977870774025 0.16472664754701172 0.013792073011745832 0.014193596523814954 
0.14756770279382042 0.15633818981013728 0.16178704721822207 0.016449153254565575 0.014201481919158234 
0.15591246715887505 0.16205821136523804 0.15443637820425213 0.01369248725363224 0.014851206905225045 
0.157724353479802 0.13775763744386416 0.13908591850604884 0.01645899645854014 0.01424223464553956 
0.1514125890817934 0.14971722870195658 0.1509190600769629 0.015131386859817516 0.01574373126134515 
0.15255789720869725 0.15795584659202325 0.1491235488926678 0.014331018124742018 0.015526997732182598 
0.15199930415325333 0.1432067239881493 0.15741124383879623 0.015244202226569529 0.015722601083759346 
0.14478498330656733 0.13782178318507954 0.1470891738653438 0.014219362403573164 0.014642872859031245 
0.1360192673175486 0.1446782358067152 0.14503225172536952 0.013745405307287477 0.0140969208026234 
0.14044218133416178 0.16297089521798058 0.1534737356115405 0.014809726326471172 0.016285164976568872 
0.15193935363318803 0.14261008556007335 0.14993621837805063 0.013606282550667072 0.015967981602936155 
0.1444167201756978 0.13660474273667955 0.14480387739712475 0.016066578038557048 0.01568468910701456 
0.16299976589537804 0.1366799851656318 0.16033672487067704 0.016491570867613062 0.014471007095079933 
0.1545316994000356 0.1362622580086514 0.15493710621042886 0.016053813249042807 0.014924021975357122 
0.13721577006462546 0.16238194155262783 0.15046643702633186 0.01501516212596107 0.014120939260433616 
0.14106948172040323 0.15556702359511645 0.15747038129613283 0.015009062079831317 0.015844332604968373 
0.13539564660247183 0.1602039264600686 0.1594692048515442 0.01426752669678247 0.015384410429505922 
0.1400693522207252 0.149067399024062 0.14643225475351077 0.016013994090129276 0.01516001494228602 
0.13526683770949746 0.16095777328110356 0.15041595843707137 0.014915503448962943 0.015488870522701589 
0.15754944854775077 0.15785651257010633 0.15171717676663687 0.013793247829276047 0.015661067954643122 
0.14372880302317162 0.15435637613856634 0.15978077793532217 0.014760228700829537 0.01594153039352277 
0.16033676101509128 0.1519216073928313 0.15301580157578434 0.01515825560255628 0.013585363300588987 
0.14902861129803188 0.16477861998910015 0.16011116891750354 0.016262730625418085 0.015728705009087046 
0.16455063331257394 0.14497424195910602 0.15519189286312532 0.014584664533464442 0.015115324777361808 
0.15969134952424902 0.16170785493785736 0.145591791368439 0.014110225373149288 0.015127678356845472 
0.14814644458547271 0.1372377168721709 0.1548000690668452 0.013547503215642456 0.016043963473089718 
0.1486830154236609 0.15922775541050876 0.14591031297474766 0.015248401596218139 0.01646310138041828 
