file_name
position_num 20
robot_num 100
position_x
-11.693371580481625 -79.5440783120771 41.99416135149846 -30.996218663681432 54.44725566061862 80.90871127802404 67.31419758616752 22.34521261456726 73.01044408144196 28.823848949830023 -40.14418418795569 37.615559391710406 -5.820943239452987 -8.652699407995001 68.51740397280375 -80.63070754948927 -20.32330824999717 -0.7530355235780348 -53.98857814333229 42.12295739087489 
position_y
95.81986933819465 -43.32658566498435 -61.57127610887756 79.9905259182548 -15.76456741994987 72.7077716341359 35.273215951421776 -32.37341747421985 -68.27537900842322 -76.2220113730302 -87.78542318571552 -86.84438515494845 60.299555567106495 -58.68451385212323 10.057916099264318 65.78573951323236 -22.15436917295675 99.32490168288629 -1.5599388443137627 77.808459182608 
distance
0.0 96.53073240635808 90.57843794139465 74.52873022728433 85.7860700121281 56.683553478155474 108.77793717786852 75.9960588466615 39.33632781221881 99.96025371973202 81.48993364847564 96.52893891477142 94.64078159700671 60.57986284061311 59.31897987242498 69.25168823524972 104.06283930027149 30.064146947419932 99.32775622561299 54.011109775088826 88.47881023004908 
96.53073240635808 0.0 154.80779807208904 166.29589248524417 24.96333348380757 129.7137968701808 95.44273052472623 99.53940537275108 132.6353798870173 184.667232928929 176.74856117704957 185.79653436169426 189.2025384162595 36.00247359581104 154.53430076290866 117.42606668970905 75.19577943506222 118.28946174197381 11.48808969216899 106.16831702469592 56.75040228708547 
90.57843794139465 154.80779807208904 0.0 122.90000988573688 132.52925973411828 136.79671936681117 198.01280201306471 166.5691508471582 102.47633628769887 154.5811262477031 113.25068075537364 59.40488103419408 124.98071682996328 127.17498886019067 72.5358777511064 157.39157399623767 109.11773581272892 62.89167161024605 162.96464422155742 48.96464413755448 171.6874097508947 
74.52873022728433 166.29589248524417 122.90000988573688 0.0 159.2712760290737 47.46929659036591 139.80416609942117 100.0997496367615 35.19369453916435 31.732550954366836 19.70028356490909 86.22000530575754 25.649604207021405 130.9151780369246 50.729063672795505 76.38208936353837 176.79555396320004 73.73709765056104 166.47793508052482 113.19914699861376 139.3797947994771 
85.7860700121281 24.96333348380757 132.52925973411828 159.2712760290737 0.0 128.3340375925873 112.14165976665792 108.00266549436819 124.38233019814099 181.10815679892653 167.2746164134481 168.0251599343722 180.39252656561467 31.96136427087496 140.46351664416335 121.62866029983205 51.62710958176618 102.70097667448516 35.89523941491133 84.72972853392385 73.15172808714787 
56.683553478155474 129.7137968701808 136.79671936681117 47.46929659036591 128.3340375925873 0.0 92.34480716907164 52.634717876877694 36.14408759196667 55.69539745820238 65.6632431487079 118.88878903353196 73.04550970819082 97.04641469136627 76.31334176539309 29.40696734835087 157.78627540406515 75.0430995758718 127.64269679536224 109.36224908865874 94.38114025272534 
108.77793717786852 95.44273052472623 198.01280201306471 139.80416609942117 112.14165976665792 92.34480716907164 0.0 39.82658360542991 120.2985439651317 141.20421873942408 157.7748812400393 201.02703570460415 165.3214678627672 87.61276618556802 159.0131408700941 63.8635177176507 161.68765680723308 138.7326476941399 85.89011877230732 153.99016693587936 39.119710096850724 
75.9960588466615 99.53940537275108 166.5691508471582 100.0997496367615 108.00266549436819 52.634717876877694 39.82658360542991 0.0 81.2297767028763 103.70515292063824 117.95207778703193 163.37298577120205 125.6770369263209 77.29855430823356 120.82642272598187 25.243990418375898 151.05862785590415 104.77719199521212 93.46532334646223 126.77162415891004 49.43526574534723 
39.33632781221881 132.6353798870173 102.47633628769887 35.19369453916435 124.38233019814099 36.14408759196667 120.2985439651317 81.2297767028763 0.0 62.09602661680865 44.32461974644988 83.51895048259404 56.57092725746315 96.85872324117925 40.658877780453196 62.707968581719285 142.26475401209336 43.87518228968762 133.70854997291056 82.31839452240592 111.94286548082103 
99.96025371973202 184.667232928929 154.5811262477031 31.732550954366836 181.10815679892653 55.69539745820238 141.20421873942408 103.70515292063824 62.09602661680865 0.0 44.89548034338436 114.82426452011552 39.97006193977044 150.8174440442441 82.22441060307273 78.46204516736672 203.9068095325808 104.10733342329739 183.11445877168177 143.45627069716951 149.3135111591826 
81.48993364847564 176.74856117704957 113.25068075537364 19.70028356490909 167.2746164134481 65.6632431487079 157.7748812400393 117.95207778703193 44.32461974644988 44.89548034338436 0.0 69.93069488890025 13.788727180441743 140.8488546834117 41.37699235217823 94.97264972078143 179.29445404205197 73.06677079151432 178.02109644257007 111.50032805038575 154.60353212303397 
96.52893891477142 185.79653436169426 59.40488103419408 86.22000530575754 168.0251599343722 118.88878903353196 201.02703570460415 163.37298577120205 83.51895048259404 114.82426452011552 69.93069488890025 0.0 77.7654375294756 152.01067660343043 42.87862565064853 146.22126994406173 158.81832572663248 68.55875125593816 191.21175765504802 87.32984251618107 184.90326244110872 
94.64078159700671 189.2025384162595 124.98071682996328 25.649604207021405 180.39252656561467 73.04550970819082 165.3214678627672 125.6770369263209 56.57092725746315 39.97006193977044 13.788727180441743 77.7654375294756 0.0 153.4212144784504 54.163919025013286 101.71027473601796 193.07546348967773 86.84302246786238 190.08196242011365 125.15891816427046 164.7145281545331 
60.57986284061311 36.00247359581104 127.17498886019067 130.9151780369246 31.96136427087496 97.04641469136627 87.61276618556802 77.29855430823356 96.85872324117925 150.8174440442441 140.8488546834117 152.01067660343043 153.4212144784504 0.0 119.01776177763617 89.72408931087946 75.01065957858195 83.71958131727051 39.35303454719895 78.40100829115622 51.04095721543313 
59.31897987242498 154.53430076290866 72.5358777511064 50.729063672795505 140.46351664416335 76.31334176539309 159.0131408700941 120.82642272598187 40.658877780453196 82.22441060307273 41.37699235217823 42.87862565064853 54.163919025013286 119.01776177763617 0.0 103.34769727199823 143.78344003692786 38.34911447509387 158.20676372141006 72.9284510361221 145.63138058542356 
69.25168823524972 117.42606668970905 157.39157399623767 76.38208936353837 121.62866029983205 29.40696734835087 63.8635177176507 25.243990418375898 62.707968581719285 78.46204516736672 94.97264972078143 146.22126994406173 101.71027473601796 89.72408931087946 103.34769727199823 0.0 159.21918688752547 94.50028291340445 112.99109922117078 123.0556386669423 72.71040433427878 
104.06283930027149 75.19577943506222 109.11773581272892 176.79555396320004 51.62710958176618 157.78627540406515 161.68765680723308 151.05862785590415 142.26475401209336 203.9068095325808 179.29445404205197 158.81832572663248 193.07546348967773 75.01065957858195 143.78344003692786 159.21918688752547 0.0 106.63228932179564 86.63323777466353 72.42405299852025 123.34102336424642 
30.064146947419932 118.28946174197381 62.89167161024605 73.73709765056104 102.70097667448516 75.0430995758718 138.7326476941399 104.77719199521212 43.87518228968762 104.10733342329739 73.06677079151432 68.55875125593816 86.84302246786238 83.71958131727051 38.34911447509387 94.50028291340445 106.63228932179564 0.0 123.04555588176966 39.46493326425912 117.8647663440371 
99.32775622561299 11.48808969216899 162.96464422155742 166.47793508052482 35.89523941491133 127.64269679536224 85.89011877230732 93.46532334646223 133.70854997291056 183.11445877168177 178.02109644257007 191.21175765504802 190.08196242011365 39.35303454719895 158.20676372141006 112.99109922117078 86.63323777466353 123.04555588176966 0.0 114.06916343262213 47.97195082824962 
54.011109775088826 106.16831702469592 48.96464413755448 113.19914699861376 84.72972853392385 109.36224908865874 153.99016693587936 126.77162415891004 82.31839452240592 143.45627069716951 111.50032805038575 87.32984251618107 125.15891816427046 78.40100829115622 72.9284510361221 123.0556386669423 72.42405299852025 39.46493326425912 114.06916343262213 0.0 124.64657984920024 
88.47881023004908 56.75040228708547 171.6874097508947 139.3797947994771 73.15172808714787 94.38114025272534 39.119710096850724 49.43526574534723 111.94286548082103 149.3135111591826 154.60353212303397 184.90326244110872 164.7145281545331 51.04095721543313 145.63138058542356 72.71040433427878 123.34102336424642 117.8647663440371 47.97195082824962 124.64657984920024 0.0 
lay
0 1 
2 3 4 
0 
1 2 3 
4 
0 1 
2 
3 
4 
0 1 2 
3 
4 
0 1 2 3 4 
0 1 2 3 4 
0 1 2 
3 4 
0 1 
2 3 
4 
0 1 
2 3 4 
0 1 
2 
3 
4 
0 1 2 3 
4 
0 1 2 3 
4 
0 1 2 3 4 
0 1 2 3 4 
0 
1 2 
3 4 
0 1 2 
3 4 
0 1 2 
3 4 
0 1 2 
3 4 
0 1 2 3 
4 
0 1 2 3 4 
edge
0 4 1 2 1 3 1 4 
0 2 0 1 2 4 1 4 3 4 
1 2 2 3 3 4 0 2 
0 3 3 4 


2 4 1 3 
1 2 2 4 3 4 
1 3 0 2 0 4 
1 2 2 3 3 4 
1 4 2 4 
0 4 


0 2 0 1 2 4 1 4 1 3 
1 4 0 3 0 4 
1 4 2 3 0 4 
0 3 1 4 
2 4 3 4 

demand 
0.10245180821819569 0.09182472905099626 0.09765119265560938 0.010143329529809541 0.010917027121299206 0.09558313882011436 0.10075143976826598 0.10712041419204393 0.01044700910757006 0.00973168078578173 0.009277107025098118 0.01000791718313308 0.00992599111666325 0.09151424095937218 0.09798206649673367 0.009505765910356206 0.010818290202675431 0.010229188404103995 0.10234316926416354 0.10932906876521409 0.010512228410644888 0.009486642222307549 0.010868917308311922 0.09596399806008138 0.09552399608618126 
0.010859237628494169 0.009947887048711017 0.009802630394731993 0.10127199645156254 0.10805096273060975 0.09559137252693023 0.09697413397003003 0.10169095355738772 0.010756286770225948 0.010972873519990226 0.09196391808073323 0.09939482556650232 0.09642050749318755 0.010522446803287042 0.010881997162338097 0.10519620618676294 0.10715163473304379 0.10282675782417453 0.009749736222658248 0.01080865960913544 0.10561805488758823 0.09487539995863926 0.10313849858323193 0.010998110105423724 0.010449440968329709 
0.01010813176923865 0.009792249977252867 0.010682772070208185 0.10072697632351782 0.10735257791477132 0.010753610133203742 0.009056511940486673 0.009173160181988169 0.09193329956855884 0.10843607358496948 0.009645183336619375 0.009813105384932543 0.009778571235273873 0.10596854692733289 0.09938545323639278 0.09797312549713834 0.09831066380441988 0.09072539222521313 0.010332195235367422 0.010980753596837532 0.010255269016857024 0.010148108493341093 0.009629910438210303 0.10975269760457942 0.09152050653892399 
0.0996126424684235 0.09035457396127557 0.1022614349690215 0.009563198059282964 0.010296856972214408 0.09687805461545468 0.09039731518890437 0.10335892606689556 0.009287707389843351 0.009920990861047693 0.009521458795985094 0.009156229274370703 0.009699348064006083 0.10259257438935115 0.1029943355735466 0.10331690120652817 0.10575484956393276 0.10144213623912533 0.010662010119065146 0.010665897204873367 0.09348055698363948 0.10355070324899117 0.10180634306835755 0.010321081407141578 0.009651337223974257 
0.09633611237451543 0.10815619626192373 0.09043724760539315 0.010030033778063637 0.009281953794570705 0.0989103128951923 0.10496115661943227 0.10933584656841618 0.0091823941315695 0.010804169471676919 0.10142068147828132 0.10990885862419114 0.10007398652352549 0.009768667981724419 0.010447561217311609 0.09275696991232167 0.10205429166055813 0.1080024713319844 0.010453224954574987 0.009266141191692084 0.00903494702070438 0.010022584295434116 0.010129209508638186 0.10244965861542923 0.10720891927129719 
0.09818288375709087 0.10890676501336632 0.09012316005224263 0.010368294550337118 0.009074327646705174 0.10060808525918144 0.10578413243770741 0.09066281798959505 0.009002640047746155 0.009038803079515498 0.009074045351542184 0.009697297493010865 0.009864875540165243 0.09527712326620993 0.10214865246221533 0.09416202850527276 0.10660778845377705 0.10307174110355355 0.010970315707444922 0.009178913608676818 0.010959777906227888 0.009199063006235504 0.0103527751427164 0.10247574317036307 0.10879634861640655 
0.09479920901574505 0.09739746563458068 0.09362933771217136 0.009946371031865978 0.010574963906987476 0.010713634854708429 0.010167742665209967 0.01035420949762887 0.09278884508564272 0.09866018427130728 0.009475976971061995 0.010739356015812966 0.009446778677671805 0.09530116184669915 0.09728360951613503 0.0928714820812965 0.10660154903297113 0.0929992762659934 0.00973463406766936 0.010143549260106924 0.09974032403336397 0.10221300544242017 0.09767866714001108 0.010012588166150778 0.00948743608709846 
0.09055617126126062 0.09404607987250777 0.109782973697512 0.00980344270680221 0.009949357286541864 0.10142838790585135 0.10836189375153578 0.09657947433775718 0.009427559773872588 0.009443193640311551 0.1038803828344245 0.09746068137675491 0.1090949944888414 0.010573976524097672 0.01046313755905369 0.010772902500604085 0.00941025223808409 0.009273562746370567 0.0986337924587305 0.10627266641611706 0.010014846597524616 0.010040905849543764 0.009785512826023942 0.10881382883526039 0.10062428727162594 
0.10191886564295127 0.10021430902496523 0.09111329946680652 0.010568590594489786 0.009800232062893361 0.09185998742597218 0.09017791325021059 0.09250006401217109 0.009748252432650236 0.00924305200287663 0.00947154039237377 0.010461979577615872 0.010657461467319343 0.10703220836453627 0.09317963059368584 0.00946358955570961 0.010863900544186497 0.009501304987249713 0.09811076159802573 0.10667009516587177 0.09714037470397638 0.10933660356017944 0.10981730249880771 0.010299400649847468 0.009056127417124147 
0.009852710942113816 0.009275441092636989 0.009828688316013702 0.09157571552359944 0.10228775943515767 0.101068394392533 0.0958940083242732 0.10731762412048107 0.010406928113898197 0.010698488798930136 0.10684074805111009 0.09869486957407947 0.10099490575140267 0.010597319762446164 0.010027242949571647 0.01081559956550449 0.009894318978386612 0.010641418637614329 0.09638840469534896 0.09494781113302819 0.09319272432858655 0.09702986950230104 0.0962610473756152 0.009915112185148994 0.009948772921229816 
0.009996068691940117 0.010448352456161174 0.009645292545937136 0.09474704729958161 0.09092385790403645 0.010416692613330104 0.010738569265364688 0.010503604543863437 0.09840490365980843 0.10435117602049136 0.10157987313647243 0.09126062332159025 0.09942692134141191 0.009761288398794312 0.00917056214404685 0.009264882435903309 0.009086111524836253 0.010005922020573202 0.09470886416349406 0.10063601715964238 0.09393084489677586 0.10600297978682056 0.10624308785633084 0.0101978819016804 0.010152158759902575 
0.009248897116081636 0.010258660026499108 0.010155483249922574 0.10493155251784006 0.09084644614869224 0.0096142080996857 0.010468709771805569 0.010878162348419608 0.10744694015930958 0.10452802003907068 0.010878410314879189 0.009386660554649123 0.010338280838159065 0.1076239325672974 0.1026099361472319 0.10664107979409441 0.09355601069950636 0.10670562614142304 0.009904616877603087 0.009693410193380611 0.00972133507615886 0.01008861838096619 0.009245912392370676 0.09484465017435084 0.0901089792474029 
0.10300796408568128 0.09356230919527972 0.0911779612624678 0.009831363126476976 0.009720023253449788 0.009068155809606597 0.00938806988639949 0.00902952954267186 0.09492571917540982 0.10157325123180226 0.09289654926629876 0.09543211920623614 0.0940765811171095 0.010219854221275526 0.009789143511772002 0.10787201015885468 0.10778269781849632 0.09912927619823227 0.009633257873383908 0.009217441250051321 0.09308625420229702 0.10828296856299585 0.10397661966025927 0.010021647499806283 0.010804879891959588 
0.009109367689461289 0.010466640732686308 0.009352248448414228 0.10950973732672482 0.10708873346335245 0.010376942569375061 0.010707510948675829 0.01092609400734573 0.09601064536642956 0.0988218240724638 0.009293773630280519 0.010895523696843289 0.01090725338224219 0.09021415155390755 0.09669770811114142 0.09633012127400359 0.09598721305836332 0.09710829177837751 0.00904438944585001 0.009382665176416038 0.10501989662440021 0.09515210381409635 0.10762658112775464 0.010705583855137103 0.009413262074644916 
0.010622570607225015 0.009978891331547638 0.010931050869070836 0.09732001215603801 0.09676568232428184 0.009645216778600583 0.01079885239479879 0.01039515100839888 0.09335878741749917 0.09085898569390527 0.01034206270587895 0.0099836128386507 0.00942508875228772 0.10447278121231147 0.09255773889003184 0.009710552980333182 0.00971978560442128 0.009623073601608726 0.09192920826014382 0.09289209565731515 0.009703494499726335 0.010923486733610557 0.010328854614592464 0.09622255705289083 0.09534889976066035 
0.0959977671483281 0.10526693129085968 0.0988512591328115 0.010721943059828787 0.010809543087415795 0.009647511613655383 0.010919426122531719 0.010199524906447262 0.0934807867620802 0.09528439718774373 0.009411710188006758 0.010079734881682517 0.009726682192847433 0.10850202102989626 0.0942629224215667 0.09496510533176594 0.1072260993838265 0.09075631378845744 0.009422930962234932 0.009878010861702638 0.10918265464937499 0.10127822953618788 0.09366654662074358 0.01018344288269569 0.00902788269862395 
0.009662518778218075 0.009037810500432085 0.010885487664776084 0.10278099152210796 0.09040619691937148 0.10034483987423258 0.10739611271452243 0.10635578612759569 0.010299239576660138 0.010193632431533662 0.10454172912541373 0.10110122964755269 0.09274596353831631 0.010664838645466924 0.009670518005032635 0.009243845954305843 0.010062527623531006 0.010311079815156297 0.10068231889425726 0.09521995266653184 0.10591371432628063 0.09527116326782643 0.09456794383739486 0.009987466433455827 0.010883938595151727 
0.10174780960313862 0.10999390125822728 0.1062983780373179 0.010225499640688918 0.010954751466391015 0.09642834149038035 0.10574203291966784 0.10016489658773929 0.010736934040449675 0.010396114808545909 0.010795526350987555 0.009374909604298348 0.009462192096752526 0.0961606710788929 0.10118210246444642 0.009359113236301649 0.009205156437213691 0.010104253846638845 0.10429728440968011 0.09969752496549296 0.009385393566439368 0.00981420390081853 0.010073048485044046 0.10735936546700131 0.09759033667658842 
0.010984967103117547 0.010048612719568938 0.009272382608124505 0.09787151236991345 0.1000834748051003 0.09158499282031948 0.10416970738409628 0.10697067224429813 0.0097149379176272 0.010709310648835403 0.009973595174448843 0.01096383955900997 0.009827383197537612 0.10810887550106991 0.10565995910129058 0.010163702601056325 0.009530723164301215 0.009410710290728774 0.10758019860258627 0.10713969291895578 0.010626463003465803 0.010980698566785787 0.010245059913006017 0.0943986585748237 0.10131358153369346 
0.010635490782019062 0.010618433570020729 0.009759255701355338 0.09183119937299192 0.10023807092176076 0.010062077539674615 0.00987983288392935 0.009750955090088016 0.09290439062276204 0.09731386909908157 0.1003523632898194 0.10923489774423051 0.10372202571014942 0.009762573730341622 0.010189894130442282 0.009897424196484858 0.010830650636970054 0.009481822786607415 0.1066990366010125 0.09964426101818702 0.10729060697377346 0.10860353901285942 0.095108940818329 0.010349506243886461 0.010683813380203971 
rate 
0.10746306540658675 0.09656238083664555 0.09038648048087307 0.010382132864728708 0.010038038711271518 0.10593965729890871 0.09827574876311491 0.10813906069571999 0.010379437254425965 0.01046272462845179 0.009871997128105445 0.010765971141167594 0.010415458205123771 0.10727575080578088 0.10341638171019447 0.009620066848984744 0.009733169738759788 0.00965251265914927 0.09428532355924106 0.09461369008626946 0.01092862748694897 0.009403089471600887 0.009078677698584349 0.09570434764062365 0.09240609757946786 
0.00944532565520288 0.009114095188000323 0.010616174899232065 0.1075941672367581 0.10808684253936421 0.10417866042601652 0.09316710090768625 0.10920037223244428 0.009116129737233315 0.010524275273616665 0.10949064645258666 0.09524932537606356 0.09228335868437562 0.010890236726125472 0.009360143082292199 0.09338105081960482 0.09103844547231717 0.0931891306858625 0.0094044117705662 0.010868315393004839 0.10548356330390951 0.09940600518026028 0.09570097898208653 0.009095003204515204 0.010173496903813367 
0.009341140860253748 0.010534980409002427 0.010453962819078493 0.10716151620059011 0.09530610722673771 0.010246311298777684 0.00999523609817461 0.00998478198689453 0.10932252457359493 0.09821745671950008 0.009385465193852412 0.010860424239936687 0.010179754221778534 0.1058683388600771 0.10556086435744814 0.09260239145640749 0.09305911683131504 0.09696205933879953 0.010101699050236352 0.009215548763410462 0.009454074972382548 0.00911657844882323 0.009084579245968642 0.09061609567963552 0.10147393292375173 
0.09039288133257489 0.09842044930817857 0.09551303427289769 0.010409574526545808 0.00967647461962337 0.09087040195946504 0.09141336280672227 0.10506681556304898 0.009942828309436885 0.009630757253432194 0.009964286694202705 0.010195770768752162 0.00993840674314203 0.0957694873445542 0.09702330209445637 0.09583704300503916 0.09417266905608401 0.10056413022799407 0.009929552267929038 0.010065496622992182 0.1068085938053808 0.09018456812512878 0.10227912046251207 0.010032630187851325 0.010767435840498343 
0.10008399386572152 0.10209347092593951 0.10438498158797929 0.009432284747485116 0.00938794304751349 0.10584181214550564 0.10069184494985949 0.10436262407860737 0.010373384049976616 0.01049819757941727 0.09707461039738044 0.09567795886400143 0.09912282534801725 0.01018607851687985 0.010087777552211248 0.10309870739299765 0.1044973801076886 0.0965240372864618 0.009449696666641878 0.010272705647350168 0.010503622625651379 0.009848401392203835 0.009083498813510012 0.10620708925882881 0.10071439061448402 
0.10334270355535027 0.09211672706313015 0.10317859521766595 0.009094291791050615 0.00951679502368786 0.09172451966350517 0.09189789916232205 0.10332413471790501 0.009656776547347408 0.010383807955168117 0.01071907411891213 0.010746900724628018 0.009066847654000018 0.10806533963243846 0.10187781724269535 0.10810390694115057 0.1015521564570894 0.09420542021369271 0.010994311267220409 0.009784071774566574 0.010664117526700372 0.00902660652909698 0.010224588204903915 0.09740294072717892 0.0916198337471092 
0.09241935478644522 0.09257193051148427 0.09853420061801232 0.010207472152089834 0.009698631400964993 0.009990749372111552 0.009111498645328628 0.010705031195235842 0.0987931478173597 0.10759071799195437 0.010163321353244706 0.010763169043958512 0.010630144359460303 0.09910607542075683 0.10473655691246285 0.09801540274476223 0.0962914343739126 0.09081447042979823 0.009258086332108027 0.010099469557563466 0.10851702365767527 0.10920953141957426 0.09131500673644356 0.01066168192919573 0.00939077959119057 
0.09357152685449052 0.10862025838830558 0.09760020791905598 0.010100950980943085 0.009408990203581198 0.10224397433982357 0.09692898782845807 0.09900569149564287 0.00903702912690875 0.010086170358004411 0.09962550074177011 0.09635099403945008 0.09768857357551632 0.009367684102254267 0.009637063235801296 0.010704110430107832 0.010098814087041231 0.010127554365560835 0.09794219027142734 0.09129647055097566 0.009704226203750858 0.010686697222363295 0.009975059616759959 0.10097413442450874 0.10661421945272563 
0.10240122450381031 0.09769768185337335 0.09990285045894064 0.010400030213549865 0.010736704764660782 0.10494900259940175 0.10068926609281413 0.10477855673807156 0.009881974941823317 0.009908773673755296 0.009590725403862898 0.009126491906536508 0.010425039432321481 0.10790445603177386 0.0930948094984747 0.01069770837285995 0.009212333171678456 0.010114603197372427 0.09723104758629375 0.10420133332020179 0.09424087321999514 0.10224303228217667 0.10941921432475439 0.009271302610465534 0.00989242129018496 
0.009875237431657807 0.009383543873246525 0.009422477542338296 0.10544852333518442 0.09305810423724369 0.09700810833629114 0.10337842751824114 0.10470237514192791 0.010578050285218186 0.009438899588434245 0.09080627230859548 0.103868987295338 0.09147941390657766 0.00973910334997257 0.010774062514141248 0.010430113366367377 0.010742922341576349 0.010063242648870459 0.10393985506764616 0.10341481851252575 0.1085551427218725 0.09575918041033238 0.09271836673956423 0.009926871948349614 0.009459284494854328 
0.009319965979117014 0.009597519493625743 0.009970149447207555 0.09688459380080248 0.09770187712481676 0.010118019229779174 0.009335841616516209 0.009962361792623595 0.09553056071152892 0.10159480521033973 0.09708245990683896 0.09947808967509052 0.09981779276807659 0.009149380175976964 0.010221101668617224 0.010328005265953639 0.009908066512581408 0.010193679000768046 0.09063022433278398 0.09712216385334485 0.10904660322211071 0.09146206778361522 0.09746481952725826 0.0095098558449979 0.009461782109741303 
0.010623478930330651 0.010162202327043205 0.010819208591561469 0.09550439080832335 0.09606026768738553 0.00929990399410065 0.010231283972120345 0.010737971084015117 0.09856741982506771 0.09917078259219883 0.009539492897137644 0.010842204273927196 0.010278164387762159 0.10513730809612797 0.10512594514901359 0.09986765033559541 0.09517804532352546 0.10062236693620441 0.009621243563109852 0.010602526527395099 0.010863818429013154 0.009940593670502542 0.0108435465896834 0.10036864026638798 0.09144391656386466 
0.10215275882899762 0.09932840243211515 0.09836143587605782 0.009640476606781986 0.010362640024035445 0.010490084417925405 0.010096948787184326 0.010753608125388097 0.10456239501889397 0.09751859127746845 0.10222408006001943 0.1027615115466316 0.10029407185984003 0.010195460869853677 0.010561794829494797 0.09981448061879704 0.10938070614753626 0.09973076804063488 0.009464518518091849 0.009214535332262222 0.1041017609672136 0.09478430058980294 0.09420028180150897 0.009405044792757136 0.009944407339442587 
0.010360529729103079 0.01094742549034605 0.009599167221941301 0.10675314329770541 0.10367613837580779 0.010917591090424752 0.00983482850199525 0.009118176293965144 0.10970580954288822 0.1073221295443692 0.010657979063925722 0.00928040047407483 0.010522079809126634 0.10718448587305061 0.09612123818848246 0.10790083925430514 0.107046543795007 0.09910145873787904 0.010324088343063871 0.009717702690703817 0.09507643257574609 0.0994578222197053 0.10543256393837419 0.009795067316425715 0.010768882817091112 
0.009605088742987697 0.010204400382499009 0.01074862642758097 0.10243940691704168 0.09725644774222314 0.009873360293607972 0.009327568346267308 0.009012784901485956 0.09575299372965018 0.10939588404557887 0.010221683898797226 0.009088337755096952 0.01006797025959902 0.09446398510838803 0.10116946889971593 0.009713487021791527 0.010163341844773084 0.009614911250744415 0.09019000821125826 0.10892362599777819 0.010321224393891017 0.010689596401078095 0.009177847106210404 0.10796682935969613 0.10335204405069383 
0.10829342846540896 0.10232525678092495 0.1029269777694428 0.010758575444865675 0.009863203894522936 0.009824688107593722 0.009841526644690946 0.010313360301913795 0.0938631438467783 0.09161008474881616 0.010849571261044006 0.010940837577321763 0.010708158956259095 0.09176663134051685 0.10262138482523074 0.1063458478635988 0.10225552363058782 0.10804141238096482 0.010021736917060835 0.010582517385107579 0.10051009185344639 0.09126078593013937 0.1046706161955672 0.009918921212098527 0.009526539494126978 
0.009408865001124077 0.010530190399162156 0.01092653438221431 0.09372539705389368 0.09752702160742044 0.09487554825370609 0.09361849417326382 0.09572966895578457 0.010852263130015314 0.010826757465910138 0.09996955625589819 0.10222412478313654 0.10149987947680182 0.009611844718256067 0.010162676593342206 0.01062456726791842 0.009845952004957043 0.01085066117772986 0.09720917053526801 0.09399289125796106 0.10405775786435108 0.10877967378822398 0.09232233644755 0.010642369151627447 0.010821683908239906 
0.09882536091665539 0.1003980543179695 0.10827643154778377 0.009300791831891931 0.00944570836569429 0.09194648191958098 0.10092788412718266 0.10336516453328944 0.010846945407813453 0.010975623066547717 0.010317313491823042 0.009857697711813147 0.01087645279784009 0.10060441815004395 0.10810385106871055 0.009330930788562314 0.009036073707341323 0.010563799021832307 0.10347902700315399 0.09999701887891227 0.009124574722890341 0.010194324669639836 0.009038613787844261 0.09603881872553692 0.10481332909917772 
0.010591768885793473 0.009549903487738555 0.01003579768487123 0.09183394097918401 0.10757496957674387 0.10518819034526655 0.09172672039318898 0.10557898274796873 0.009017307948398934 0.00904664434024082 0.009039315923265881 0.01012003144083493 0.009279936069956035 0.09737867154344439 0.10002277523398184 0.010603699403916447 0.010218076350090213 0.010007327124371917 0.10408993339927353 0.0951885724020582 0.00997165187243345 0.010237688383368606 0.009135355391273813 0.10483564954768597 0.10821195386271323 
0.010799360008047595 0.009872941380297935 0.009287799658410758 0.09004193817055749 0.10833054339432036 0.009969199452530953 0.010772625588711593 0.009668161813923779 0.0970761967219886 0.09231699460514198 0.10307122785588924 0.09461917100289632 0.09988311771176918 0.010439251634868732 0.009852607707280366 0.010311351229485587 0.010224560216079386 0.009951853807673222 0.09525474304926854 0.09246548534049562 0.09148856139277317 0.10812850017082246 0.10736882604495326 0.010607110476554191 0.010678188059334992 
ability 
0.014571494792094764 0.014943322694819561 0.014334338412114967 0.15642877737738353 0.13698757022370522 
0.015217794207797817 0.014380867628779069 0.01603084066748668 0.15562441811913275 0.1379223796891096 
0.013641518630027582 0.014819481578453161 0.013594831805182747 0.16187000858131426 0.157773357917677 
0.01459718724972326 0.015726317171755853 0.015576468815243695 0.15919303223289266 0.15699264928378295 
0.01350880791437474 0.015410022484987447 0.016211865671527003 0.1480474100728143 0.14746109975982272 
0.015271864759335403 0.015829879574802214 0.013795506344498493 0.14359900108983994 0.14663026546936753 
0.013579762244637559 0.015179098583609529 0.0152362670798619 0.14089821280123851 0.14790781346641607 
0.015288490794933218 0.015554109620160864 0.01447440468660511 0.15058405524562116 0.16256929208114348 
0.016242200706403892 0.01497386327605977 0.01620493734235148 0.13945626064645167 0.14959034137036412 
0.014291612919991788 0.015170191393723107 0.015747030701029015 0.15167943055115993 0.13727304126914192 
0.014610703654141244 0.014199052271738049 0.0161592851758617 0.15418245179268067 0.15714222831200736 
0.014238263828640206 0.015558170807592371 0.01614358787562407 0.1470338989228304 0.1410429619737184 
0.01542753727654376 0.015332770397742656 0.015892154795260217 0.1468147425456132 0.14769246347927406 
0.0135031131894567 0.016469530828730004 0.0148489079570238 0.14632046980406602 0.16480588522310924 
0.014964031622811732 0.013690846330266633 0.015254931910452092 0.15717352954214975 0.13941927230213702 
0.01515184474686128 0.015734204254205693 0.014448934717806488 0.1585350268870329 0.14224925510427416 
0.013618973320346514 0.01641697364751304 0.0163645198136694 0.14870508909614424 0.16392483657419302 
0.015537632583982566 0.014483840603033352 0.013713998698756348 0.1615748130241491 0.16360068058352875 
0.01575413578107322 0.015200390951786972 0.01554130094412868 0.1638994128127296 0.13874402955681514 
0.01585624585580414 0.014577698556799126 0.014159451574945638 0.14058367136947222 0.16432977124226303 
0.014552949178346061 0.01608583979213908 0.01520215655213267 0.14134288686063495 0.1584043579027354 
0.01354027429881771 0.014305649594854407 0.015159583092016022 0.1533016656670404 0.145558166766797 
0.016046920591709025 0.0149976036819103 0.016045377690755896 0.1489193632151162 0.15932177074258927 
0.016032485256713063 0.014554993225175818 0.014440563689198752 0.13699057053680017 0.1391044268712017 
0.01469573219772309 0.013616152605570388 0.015210805964629205 0.16476987551729172 0.1593150318436555 
0.015056794208795073 0.01462487085282402 0.014532612433386778 0.1479025069337663 0.1448884637508467 
0.01599284080026578 0.015537940325656597 0.015191795882150475 0.15977614342913599 0.13591690185586255 
0.013796254820743321 0.01521508942676058 0.016091037108972528 0.14114217578301805 0.15223271495839735 
0.015838917649062024 0.013920666762707586 0.015656521424851282 0.13847595794267997 0.15148152373480825 
0.016247641941057656 0.013577417351472325 0.016306473121299365 0.15480620594803982 0.1627322367345569 
0.014886394363373991 0.015369666282174031 0.014122731965135265 0.16310076857996872 0.16331174632082293 
0.013977715075609439 0.014524805173609467 0.015583829684215 0.15311389141940998 0.14760901043940747 
0.014035014717930033 0.015546822739440368 0.015749749664379087 0.15205823618143974 0.16313178295500474 
0.015142346320219905 0.013548308661704563 0.015180135233231862 0.1410465109411251 0.1563127856446077 
0.013599089751536246 0.016207236176252745 0.014612988603757187 0.14315984641258744 0.15696318801739886 
0.015793304569962502 0.015298200367432712 0.015682541842903686 0.16409259505612592 0.13745637554059806 
0.014504319766822727 0.016312826226447488 0.014945573794916671 0.15245327998351504 0.14618436781359664 
0.014234920788623304 0.015594750322539621 0.014852657195203857 0.15488675695011336 0.14891490852013176 
0.015830052269475824 0.014660238319787508 0.016191376290648013 0.14587790299574405 0.14175425139894918 
0.016494551788665875 0.013714858710833474 0.015063516229766313 0.16457309042800122 0.1451569412184427 
0.016023253045254975 0.016272291126093925 0.014865262172328975 0.1616042616075078 0.1428803701216958 
0.01546632688363113 0.015799904493752074 0.01597646776402264 0.15145947991448527 0.15125832874083872 
0.016451229146012127 0.014635301152103654 0.015701821369105418 0.16376988406350373 0.16481152312972383 
0.013763179706463846 0.01509287013364036 0.014851157555935239 0.15771543540120997 0.1440317537699761 
0.014972145404641809 0.015235624634505403 0.01618432637468087 0.13676092267740933 0.16250785971406334 
0.01395678486354495 0.01607290878835174 0.015461837532687305 0.1552747139664714 0.16380017058190746 
0.016016126370705097 0.01603807116449818 0.014678799186606866 0.1647096897267139 0.16001059851221539 
0.014284087215795773 0.015585223716204556 0.01429145435923422 0.14631980157058128 0.1352005379993359 
0.013538508199228114 0.016342161654965947 0.014661392121597632 0.15757553320842044 0.15910232494302043 
0.013892343962823428 0.014486583502495888 0.014785634010090238 0.13963091847524994 0.1511947823761506 
0.15943785352988118 0.14091961426447888 0.1623680791612209 0.013598861339830647 0.015039314401230665 
0.1483466969361198 0.16222997244628604 0.15091049964490108 0.014281088595096442 0.013855779738304751 
0.14423216213310341 0.1633527414276186 0.13795484161131355 0.01584906308327423 0.014049199930110784 
0.14267990697523472 0.1451040010223134 0.1617470476681699 0.016250671622708636 0.013505984423023467 
0.14534643683367582 0.13754282572234353 0.142758190118788 0.014263453578015095 0.015780178697613802 
0.16491987819980303 0.15653664603050188 0.1569653073629851 0.01572526472139755 0.014211549187371096 
0.16096200579732614 0.1462099269805228 0.15979764646230862 0.01631583307729538 0.013514397068717288 
0.14529668803717688 0.14831104562959185 0.14990504868021795 0.01626297536995919 0.014747584887055881 
0.15703625236153332 0.15101734792548974 0.14745014813746654 0.013636501653169616 0.015812829689586153 
0.13908571476523632 0.14460665572529738 0.15030811466345012 0.014150114897139892 0.015500039376154854 
0.15326039073659423 0.15232139717741852 0.16195633930717754 0.0137400970294239 0.013740440949217381 
0.15728402020510107 0.16405258146532042 0.1600390620102977 0.015833290092835385 0.01530547250338356 
0.1460066694037589 0.16088372849846252 0.15637228716592108 0.01576925922122695 0.015942282045668228 
0.15079402812416087 0.14590654183801222 0.16091638646534887 0.015164662078837442 0.014089379879008513 
0.13547850476193987 0.1363706589004346 0.1454424968276078 0.013682228521592083 0.01606579450008387 
0.16015961570076498 0.14692422641467992 0.14459183952921448 0.013704463752254384 0.015689201925145925 
0.13929691446816128 0.14856249697774412 0.14902736453303578 0.016322048749830505 0.016424050063900363 
0.14380818182019767 0.14297898979521692 0.16221890394436433 0.0152138701566062 0.014129554570616541 
0.15898993983542095 0.15729709933364594 0.15818415424874693 0.013962887388840151 0.016372601819730846 
0.14699638398441658 0.16093876063031307 0.1374681836829113 0.01438807454884859 0.015232754610054817 
0.15495912188903452 0.15664964611033602 0.15092204720026267 0.014738782087836839 0.01406059953319611 
0.14315710115059982 0.16441219427601167 0.15828261612240527 0.013575567047070606 0.01584872267919777 
0.15772935693437176 0.15386211639902694 0.16409702946708027 0.015423560715220747 0.015234640752836932 
0.16231515798254095 0.15263579570830213 0.16418592769548587 0.015057244786587137 0.016439576827747274 
0.14382143694693528 0.14365810703590015 0.141621091590634 0.01478955523243627 0.015528304374630097 
0.14043492913789016 0.14046145009376818 0.16453667599248473 0.01582538996514106 0.016362743797834655 
0.14706623080196957 0.14850857762276426 0.14746579116938419 0.015200731704987385 0.014549733790359442 
0.14686243705703086 0.1460870553180675 0.16442856441572032 0.014087612737899338 0.016264368450409027 
0.15720374073188267 0.15827792179726557 0.13826297424847658 0.014357629035193116 0.013843132899308074 
0.14468941519980283 0.15823284629637882 0.1586983308268765 0.013814991141310875 0.01617113582447835 
0.14147074015321726 0.15350730308162766 0.16197996842407295 0.01555197078120115 0.016197335899338684 
0.15518920033334266 0.1366987792127478 0.15215990178999403 0.013764384255890681 0.014326418679568588 
0.13775186889565605 0.16484568895431187 0.1458017626245578 0.015593040920337507 0.013639402239623283 
0.14052677024167776 0.15438644566157966 0.1396560259541728 0.014556709796880908 0.015668547721844936 
0.15753275703928743 0.13833326700619747 0.15808062709622947 0.015270461323995328 0.01623106314225351 
0.16387015741266567 0.15090057526373168 0.1577289166137325 0.01424831770264706 0.015311526441526344 
0.14897112333725007 0.16150016395685196 0.1501806170447375 0.01437769906896342 0.013733041019567226 
0.14949711465849344 0.16466291020336674 0.13704245775974713 0.01370694747970731 0.014749838162917578 
0.13592768960786153 0.16350088511912844 0.14680402772030401 0.014910674899928165 0.013999336151739095 
0.15613685705412436 0.16043487703618622 0.1586598971274295 0.014557498661037527 0.013835750515548187 
0.16378410073264882 0.1517361271932997 0.16268068677785605 0.01630907294155384 0.014769973948232023 
0.15103906412740054 0.14546351686681336 0.16336345831031382 0.014705167317086758 0.013798109108983273 
0.15658346687221605 0.16009979205630534 0.15437768082661177 0.014956348707756738 0.01421718129047284 
0.16483038064367525 0.15162746212538325 0.1512202022337344 0.014405587270690698 0.015717402672726973 
0.14493456189668977 0.13680358951121196 0.13916587497908237 0.013812463922978264 0.01551273256488412 
0.15377303916080784 0.13641635538552652 0.142269853988362 0.014775846967082175 0.015521318190116854 
0.14951856599689442 0.1502668617731915 0.1422511264633548 0.015408654943245892 0.01427445901926233 
0.1550183097870575 0.162845703035192 0.16297047921662444 0.01577868362286784 0.016159100710561747 
0.1505301901666794 0.15223970458125857 0.16163479188028343 0.014274335727339707 0.015534142637954182 
0.1645889815667286 0.1578765352282467 0.15020627241376946 0.015288775617895024 0.014475410486495437 
