file_name
position_num 10
robot_num 25
position_x
62.26917962757392 76.14390430407414 49.91422376205264 -64.03410779953136 -67.6720430594037 -13.082735758885207 -66.93867945248873 52.37075871965294 99.08989900209573 88.30479268752168 
position_y
-8.429820317547268 -86.41092269137233 -51.433719413335076 -90.93815228368571 -11.277600489062095 -84.32600954149675 65.0817783612033 -11.48649810782203 63.13247942393474 -11.11925346921312 
distance
0.0 62.83719123319565 115.17266048434553 71.67187193354127 111.22101646025726 68.60531819490879 85.3348338026706 93.36179454948274 53.61563212024179 117.4926297367587 89.00210227460242 
62.83719123319565 0.0 79.20580983921361 44.74349418496144 150.86465874660132 129.97242478807564 106.94925287782819 148.65606610010573 10.35963395028638 80.47936455730128 26.174151334562918 
115.17266048434553 79.20580983921361 0.0 43.71957102362329 140.25109940781246 162.25918408894702 89.25099528726516 208.38105539290007 78.6055459249168 151.29358145308763 76.26744168079658 
71.67187193354127 44.74349418496144 43.71957102362329 0.0 120.60191740630296 124.25394976445249 71.0670082299645 165.01655132536078 40.02268174460012 124.6742192730118 55.66948847242049 
111.22101646025726 150.86465874660132 140.25109940781246 120.60191740630296 0.0 79.74357707789973 51.378621473015606 156.04696502951649 140.93494350454804 224.3818200073315 171.98313059587926 
68.60531819490879 129.97242478807564 162.25918408894702 124.25394976445249 79.74357707789973 0.0 91.19244780486078 76.36290042015368 120.04298353998458 182.60998141608107 155.97691612351502 
85.3348338026706 106.94925287782819 89.25099528726516 71.0670082299645 51.378621473015606 91.19244780486078 0.0 158.81797680711966 97.92729121827303 185.27467705325708 125.05462829938683 
93.36179454948274 148.65606610010573 208.38105539290007 165.01655132536078 156.04696502951649 76.36290042015368 158.81797680711966 0.0 141.76545065138117 166.04002116958716 172.93678872381759 
53.61563212024179 10.35963395028638 78.6055459249168 40.02268174460012 140.93494350454804 120.04298353998458 97.92729121827303 141.76545065138117 0.0 88.03788886959632 35.93591053289914 
117.4926297367587 80.47936455730128 151.29358145308763 124.6742192730118 224.3818200073315 182.60998141608107 185.27467705325708 166.04002116958716 88.03788886959632 0.0 75.03091600035309 
89.00210227460242 26.174151334562918 76.26744168079658 55.66948847242049 171.98313059587926 155.97691612351502 125.05462829938683 172.93678872381759 35.93591053289914 75.03091600035309 0.0 
lay
0 1 2 
3 4 
0 
1 
2 3 4 
0 
1 2 3 4 
0 1 2 
3 4 
0 1 
2 3 
4 
0 1 2 3 
4 
0 1 2 3 
4 
0 1 
2 3 
4 
0 1 
2 3 
4 
0 1 2 3 4 
edge
1 4 1 3 
0 1 1 3 1 2 1 4 
0 2 0 1 0 3 0 4 
0 4 1 3 
0 2 2 4 3 4 
0 4 2 4 
1 4 3 4 
0 3 0 2 3 4 2 4 
1 2 2 4 3 4 

demand 
0.01009430635565539 0.010892100333256197 0.010373204791050373 0.09656255485707199 0.09528159650079698 0.010683605181885405 0.009813022750868998 0.010790511495904587 0.09562750942456837 0.09731568622158521 0.0980005935529667 0.10121418839176076 0.09490670751641031 0.009152209644654404 0.010376468708778815 0.00950389980245893 0.009974355995715948 0.009046095926056322 0.10090687227972533 0.10471963884639127 0.09246684501779795 0.10383876713712736 0.10080367292130571 0.010059753507422293 0.010687209032022232 
0.009951219888850938 0.010064609708512494 0.010779902492281165 0.09665686264610768 0.09762659384099716 0.10174819068611358 0.09675922858132294 0.09964578628056053 0.01040818986221781 0.009423445974063017 0.00946366461162257 0.010342311654821319 0.010274166684934536 0.10337488709934413 0.10113729070828503 0.009237936465904572 0.009176139283973261 0.00959659077321954 0.10357168006300686 0.09301310073811064 0.10940730480727821 0.10489250629816137 0.10926931668704315 0.010375367944390524 0.009717599940180765 
0.09259566497555265 0.09125578250724613 0.0913847372998756 0.00952363458493868 0.009213518447079126 0.09627197453843733 0.09253860517232544 0.10306548141073602 0.009003824923782364 0.010534956696548437 0.09153839631770361 0.10369366525508993 0.09012956325102038 0.009625246538984184 0.009378621358148705 0.009333678440680138 0.010435425947536938 0.010619909775554374 0.10151694228578063 0.10770434996584427 0.09712706170715557 0.1044521965411114 0.10346088703867201 0.009291955850894271 0.010781603888943989 
0.09014523790888901 0.10533775611912087 0.09644495426755133 0.010738783169812945 0.010452843117280088 0.10939179865491376 0.10664569745522504 0.10701351167414062 0.009740062564483105 0.009869447153966206 0.00935811388997619 0.010807642988341075 0.010150919088033254 0.10973946167789078 0.10599080265292163 0.010375999414162361 0.009537641057736666 0.010832990904478758 0.10122443484617133 0.09009267164514596 0.009319311146356426 0.010983089416250551 0.009507820186403648 0.09310990028871224 0.10484240264842958 
0.010320135020670296 0.010175939641500166 0.01043000564731704 0.1000208862239202 0.09299773488653451 0.009674464215560355 0.009688089133984328 0.009811696847583165 0.09142896287312301 0.10213832626090856 0.010795025313594605 0.010440377020227097 0.009447273799245431 0.10060275898167784 0.1092386356229958 0.009390544731387725 0.010655144998658207 0.010701758406784858 0.09150051944948527 0.09534958900875898 0.10062664505918367 0.10881973972948185 0.10574462257765345 0.009577088356966084 0.009835571566263501 
0.09979539120580162 0.09035542073374478 0.104218726906118 0.009818741266947203 0.009966267523117108 0.10923228387510975 0.09473550915832019 0.10216396926217036 0.01029519853663395 0.010697366390018925 0.09965266642151681 0.10064157420858244 0.09772503312459459 0.010703549978794327 0.00969045588099641 0.00935488717561912 0.010162525016342348 0.010543118303829367 0.09019358078520465 0.09102155221884944 0.010333296770151972 0.010060949055670423 0.009461902657626985 0.10568372815097696 0.09309628588506043 
0.009375393380410385 0.009881084715904433 0.009220118417073694 0.1084654605402903 0.09977034430311314 0.01013596608638657 0.010719724216833022 0.010501458495487358 0.09332788038598885 0.10940300285618393 0.010456476885324258 0.010228759655905148 0.00981898784345641 0.09739601479336146 0.09594092729296606 0.10731480136476518 0.09964298849668182 0.10652764246576102 0.009874375108236058 0.009598329222264454 0.010105537826545616 0.010457895234265801 0.01091564037973396 0.10291484202181918 0.09473570774587697 
0.009342461529965798 0.010426476732457241 0.010894437071178271 0.1028024784207168 0.10508330380516609 0.10640095101278486 0.10693844215327315 0.0900090897196884 0.010023555195197023 0.009114357669651024 0.10666582733115011 0.10096732917630519 0.09642709609276796 0.009597653944550009 0.009288226258313314 0.09955013532131805 0.10554241131822445 0.10267764044697264 0.010527461549807667 0.009296776082375535 0.10918102241825112 0.10580566885745264 0.09412861046891241 0.009452359281691903 0.010536485309309538 
0.010946512707412526 0.009981183325691234 0.009876115108183309 0.09721642694163479 0.10692117919197215 0.010879543740462605 0.009407429572647553 0.009141331316152924 0.10869581380392551 0.09983913477959833 0.009842942043440309 0.010249187338434548 0.009517291462751059 0.09182026559739018 0.09437801637740878 0.09244765962294181 0.10148954715638397 0.09561627488286975 0.010840547438616083 0.00917971464653747 0.10724136176149089 0.09398659077379128 0.09117234885186319 0.010419497711159003 0.010589633484449319 
0.10847679624567175 0.09654966585729145 0.10254206513051121 0.010496710525061672 0.009449007817805827 0.010891860718984488 0.01069377575544475 0.010689014274247654 0.10691638479101345 0.10701005891895939 0.1046985343182833 0.10303331156335403 0.09493499937576691 0.010957337287937428 0.0108308407582497 0.09534691079358427 0.09072686934704664 0.09762667760253041 0.010373825769596192 0.010446323936877541 0.09361084312298942 0.10146322944559301 0.09807510616680913 0.010521589943473615 0.009862953905318272 
rate 
0.009102527134568848 0.010752480272977935 0.010221859665845868 0.1088969584601929 0.09679290800245631 0.010386831593172028 0.009449855774175089 0.009290016271544533 0.09931502526037847 0.10863938814441342 0.10752778728007564 0.09804240113329886 0.10304103972474783 0.009162935121540155 0.010938867269337902 0.009278264492345771 0.009879349777344377 0.009536206090864398 0.10052137723293715 0.09033366695022782 0.0975002496174085 0.10435389129116875 0.10089726649002875 0.009500776160652842 0.010595869314553093 
0.009199037591237797 0.010363980485603911 0.009482131229113674 0.09602938694054831 0.0940995386184233 0.10055329616384241 0.10255992870363007 0.10973478213268134 0.009487300428699767 0.010097230504484354 0.010440120055013801 0.00961141038941557 0.009036699638804458 0.09769151671238957 0.10744837960427717 0.010338144369259266 0.010485261436241074 0.009330683929294165 0.0990813024450112 0.10886265005408512 0.09720466690469609 0.10215449044034558 0.10182212544068099 0.010993355617249841 0.00985724601773839 
0.10599958729365029 0.10857215562992568 0.09946942824234173 0.010421501021580562 0.009716679465136248 0.09757316312755217 0.1019664306287762 0.09928758543662064 0.010970280015953567 0.010103512032384625 0.09433002159837123 0.09480190767185938 0.09341586954360263 0.009029326612016995 0.010960961486107928 0.009525971551126278 0.01061171202196087 0.01063223298243095 0.0931618776956853 0.10202637431769956 0.10248152971369401 0.1028158358518908 0.09815645493396076 0.009996562211263818 0.010432919102573468 
0.10984157845209819 0.1029143951754497 0.10261485083984666 0.01097030672929642 0.00956951478636408 0.10253422623489393 0.10839134708478255 0.09898784624274688 0.009804342198592882 0.009730490005810909 0.010717048098396291 0.010556918689694526 0.010299935913686938 0.10624614574665331 0.10449318365773282 0.009231123454239426 0.010807719301311865 0.010563045200590693 0.10148740568286192 0.10858740786131021 0.010336264844207148 0.010658062368446478 0.009717452241533479 0.1093852846469615 0.09208924308585639 
0.009320709312703805 0.009474457537047117 0.009377372862103354 0.09073429899720459 0.10701248090049653 0.01094401717434555 0.010999883174230604 0.009730072402913332 0.10054963422545363 0.10187595406811478 0.010690435195073995 0.009731157797513821 0.009722675583084522 0.09062754139943481 0.09051609670947905 0.009748831326862047 0.009439524777408734 0.0095091764395211 0.10362900879238364 0.09685949310878139 0.10985793541128566 0.09180368325215607 0.10411069950601726 0.009798206403041139 0.009860611266572256 
0.10896456303489654 0.10116647746342662 0.09682444955353949 0.009425660156649755 0.009460358697977235 0.10536626960103979 0.09658387144564996 0.10095154023924689 0.009073178542007607 0.009193796767843328 0.09993959395792058 0.10197139403208917 0.09642066984227682 0.009159261901366242 0.010383423444435207 0.009884294121413723 0.009567857501326018 0.009778984889709488 0.09248733495835233 0.09136644368683322 0.010032761720844816 0.009874798388349102 0.009484802764970877 0.10365101173612633 0.1034322208834223 
0.009047216788994712 0.009430996848780673 0.010720125470044414 0.10915461987320717 0.09194333246921814 0.009877865111627932 0.009771819841512075 0.009673648320792226 0.09211638472898262 0.1073418876436111 0.009768893423656451 0.010007823000104228 0.010753603027728853 0.10142173345737637 0.09588965607021514 0.10721875999546251 0.10499800694524303 0.10809945921029188 0.00937596662937277 0.009688406541928289 0.009903963828105305 0.010542753093756232 0.00944576207171083 0.0930798743962473 0.10416233571675818 
0.010666662106797689 0.010920596073311152 0.009240619468343089 0.10630449032217233 0.10743217479414212 0.0968359375957798 0.09019483162423474 0.09890008340612039 0.009865785355861906 0.010855038807408892 0.10359072420763714 0.10940869056159 0.09286587680607081 0.009946780477158303 0.010171215040919225 0.09297401500934523 0.09132102435458861 0.10498129079887411 0.010914361287946546 0.009121060254939858 0.09874980456622742 0.10030723286635171 0.09210206671610734 0.010762848996714891 0.009981357338729364 
0.010799885735172897 0.009029917351169823 0.010286761728100868 0.10477918601319161 0.1024682526745196 0.009596852803514869 0.009952547690800437 0.0105835363025263 0.09773760362384432 0.09135540348532521 0.01011979405861421 0.009347984458247721 0.010367465219989968 0.09194285866100141 0.0915457669129923 0.09527662106817247 0.09302086514297575 0.1073939043602862 0.010478360003856166 0.010718547686446598 0.10928258468326475 0.09028076049360162 0.10097838339310859 0.010973409127281375 0.009416577503349883 
0.097348205392171 0.1090674685868653 0.10587372378479426 0.009762489463920276 0.009138009846754846 0.01003157922913682 0.010023154809569692 0.010573978412753725 0.0998612980169026 0.10958464691227308 0.09854523504043028 0.10892818628522394 0.10807512027304618 0.009396038473449834 0.00933449594056243 0.09307080330580543 0.10467640345717599 0.09449789004375228 0.010568565858157838 0.009624758008755492 0.09865732371264002 0.09153095055379279 0.09426899070071876 0.010293131785907047 0.010595961145982076 
ability 
0.016475454825574914 0.016339841811226836 0.01639971178975436 0.14736037570260999 0.13891071359553386 
0.014255681300145151 0.015951955678063328 0.014876735322217147 0.14937921545117458 0.1546449919982195 
0.015638184939099933 0.014761348260142313 0.014264088165301983 0.16286772289519333 0.13854145133526463 
0.016121123847279994 0.015185041806277479 0.015541402629835869 0.15130847150636156 0.15119087020809657 
0.016102265660581806 0.01482982882691944 0.013579365168877122 0.14409088239962572 0.1458152022109829 
0.016193062697445443 0.013998553379913672 0.014157410090290111 0.15771877140244994 0.15408896316665077 
0.01593741969138587 0.016021942826959183 0.01360738571129219 0.13728225760600124 0.16467985808466673 
0.014995787208975373 0.01376176535786835 0.01582736601632872 0.14449085992748137 0.15855757448890895 
0.014894387093534195 0.01628183596714792 0.01566743082043243 0.1415184920393629 0.16016415805536208 
0.01366328745309096 0.014217654098409634 0.014155228358632999 0.14483900349352716 0.15234472475340016 
0.015584629023189418 0.014959205369447632 0.015991656554394676 0.1443191939009069 0.13916045866534624 
0.015610279635341244 0.014404172038834366 0.01594782184407523 0.14681262352709729 0.1545395628686255 
0.14845285609662226 0.13952672581811207 0.15629645196985284 0.015649489667288307 0.014328754861431875 
0.14553735552000674 0.15055982924724706 0.1554432721096919 0.014595502739567287 0.01498244629676234 
0.1463690383204221 0.13918834656604276 0.14113150197613622 0.016321705634978676 0.01595475874179541 
0.15817461308880373 0.1533650588681074 0.16175356493591278 0.015204161792751096 0.013555276865290993 
0.15558508453074735 0.14623870762766822 0.1577464596534924 0.014766263824689369 0.014215998638837102 
0.15394442271801628 0.14801469825203906 0.16381530809448097 0.01589180035500067 0.013914967560937722 
0.1580404348032091 0.14943046352816972 0.15379631268918917 0.016171275589976962 0.01432991554221595 
0.13603077464089244 0.13695147881160588 0.14557885060980022 0.01375382984436425 0.014413871171231666 
0.1597950003027623 0.16352316123429445 0.13533732036919996 0.01558713802017062 0.0164343750526999 
0.15812975877630456 0.13938441468612492 0.14303283376586476 0.016096612070114938 0.014110476142455322 
0.14425285458988135 0.13564003328423577 0.1625682325096225 0.01594906635346703 0.013769400136007352 
0.14227905497219467 0.15266682215078042 0.13910171627407447 0.01599184540166282 0.014847804658083004 
0.1373881711866263 0.1603233548214101 0.1403243062813088 0.01481036966683052 0.015133195774002317 
