file_name
position_num 10
robot_num 25
position_x
0.7075838688393787 -19.43707710154223 12.291297377127862 -53.272262827747866 59.24161421279587 -4.244477957367792 28.998986773023205 5.1205846641751975 -37.90180036788333 -36.3242375937799 
position_y
96.82462247447674 -54.24230544040567 61.974761118073104 9.265281464436853 2.280630452098322 45.98443108199612 -59.28274298345926 59.26954170462227 27.603011580115265 -25.454057627267915 
distance
0.0 96.82720791315005 57.61968123602872 63.18185662716169 54.07198375687621 59.28549679134666 46.17990358441031 65.99533960443618 59.490326618526346 46.88787390593498 44.35492403850613 
96.82720791315005 0.0 152.4041471720894 36.7245865218747 102.86137296137707 111.1971183791863 51.0807985171986 158.65028530861346 37.81347203907527 79.2610621046001 127.76318487054131 
57.61968123602872 152.4041471720894 0.0 120.47031296762124 71.95855326229784 96.87713222863803 101.37166163522487 48.69762103313063 116.13792745557141 83.90233562596535 33.375730728198654 
63.18185662716169 36.7245865218747 120.47031296762124 0.0 84.12413251912592 75.9455165690252 23.002663336569974 122.40314205886568 7.664028502466064 60.83390689032189 100.03633633691933 
54.07198375687621 102.86137296137707 71.95855326229784 84.12413251912592 0.0 112.73046560916333 61.253731624554696 107.08590087673417 76.8775043844633 23.927462507034964 38.635062654226324 
59.28549679134666 111.1971183791863 96.87713222863803 75.9455165690252 112.73046560916333 0.0 77.07467864698737 68.59056395180613 78.59275949571132 100.38957108378473 99.50901946243938 
46.17990358441031 51.0807985171986 101.37166163522487 23.002663336569974 61.253731624554696 77.07467864698737 0.0 110.39160241163107 16.254185988871786 38.34960149401187 78.31071859837337 
65.99533960443618 158.65028530861346 48.69762103313063 122.40314205886568 107.08590087673417 68.59056395180613 110.39160241163107 0.0 120.93313149024037 109.65787553183127 73.56292268938132 
59.490326618526346 37.81347203907527 116.13792745557141 7.664028502466064 76.8775043844633 78.59275949571132 16.254185988871786 120.93313149024037 0.0 53.41998449993226 94.31734504185405 
46.88787390593498 79.2610621046001 83.90233562596535 60.83390689032189 23.927462507034964 100.38957108378473 38.34960149401187 109.65787553183127 53.41998449993226 0.0 53.08051711488204 
44.35492403850613 127.76318487054131 33.375730728198654 100.03633633691933 38.635062654226324 99.50901946243938 78.31071859837337 73.56292268938132 94.31734504185405 53.08051711488204 0.0 
lay
0 
1 
2 
3 4 
0 1 
2 3 
4 
0 1 2 3 4 
0 1 
2 3 
4 
0 1 
2 3 
4 
0 1 2 3 4 
0 1 2 3 4 
0 1 2 3 
4 
0 1 
2 3 4 
0 1 2 
3 
4 
edge
0 1 1 2 2 3 2 4 
1 3 3 4 2 4 

1 3 1 2 3 4 
0 2 2 4 1 2 3 4 


3 4 2 4 
1 3 1 4 0 2 0 3 
1 3 3 4 
demand 
0.10137272201688774 0.09364573901881695 0.09815807787257658 0.01016685034302282 0.010870174311262528 0.09065961795579985 0.1046811741946248 0.10634110112197204 0.009839826771512818 0.009960236996384896 0.009062373876420907 0.00905074485041974 0.009240859482500169 0.10439323962086844 0.09438499099914927 0.10731077279347023 0.09906830964687058 0.09893905229840791 0.009914872555814651 0.00990979319377707 0.10030935242945699 0.09323286963489348 0.10415575811177238 0.009872418940333524 0.01028560399392662 
0.009578233459631613 0.009484237218422512 0.010086939806231286 0.09993739311158037 0.10888080974233466 0.010061341134371134 0.009086726139442626 0.01071949471707741 0.10839859877411329 0.10940598689696174 0.010098875788419837 0.00969814852978182 0.009778769835508391 0.1012837975190132 0.09674379013080031 0.009838827778490813 0.00985036850472403 0.009045770098714455 0.09984829152714231 0.10701288742939308 0.009993134809444594 0.009768740582778686 0.010152404895667877 0.1096413767275206 0.1063703508262066 
0.00936647883463844 0.009953076192944967 0.009793023052386107 0.09675691842035619 0.09665709455795304 0.09439325067720689 0.10706168004937147 0.10443194056116044 0.010582038858638764 0.009470636698540882 0.010359030059820709 0.010102080861097902 0.010750086914400648 0.09134199873071139 0.10203786333946044 0.10639694813152767 0.10293641971014543 0.09301076693001538 0.010406481971613826 0.01096271376294494 0.009875180169872051 0.009533744149080668 0.009384639439765157 0.10064085260590566 0.10402823607930888 
0.010593174841186867 0.010546550543663203 0.009961261633708385 0.09230359657001229 0.09666111958664873 0.00915448874901673 0.009268968586484043 0.010308082933585545 0.09046826695611085 0.10700510390433116 0.009727982936284674 0.009984419387849474 0.010080680552430037 0.10146770381078007 0.10844514679498383 0.0964992062646819 0.10791485105051686 0.09701452358784332 0.010701860761319872 0.009308847448379952 0.10957039208524325 0.09971764843003715 0.09732937771114175 0.010519922684884444 0.010293337905977622 
0.0932896131874172 0.09268066186632223 0.09038970866888685 0.010629798458012072 0.010120568793918242 0.009617053109975302 0.009337694037406717 0.009377077362014277 0.09702221545701062 0.10553051282478135 0.009317465217780024 0.010626679346066537 0.010226172421969637 0.10480631889336776 0.09636500748482381 0.09518981879716223 0.10287963299194809 0.10921618379585683 0.00974616351135859 0.01053426199261161 0.010304929450417602 0.01045357332514898 0.009206479182601679 0.0910325353552443 0.09248095844968768 
0.010381523411050577 0.009375435708933762 0.00966950643907545 0.09265302410963801 0.10284754388725492 0.010452042288763648 0.009232904047159375 0.010153057896465837 0.10475642344076773 0.09578507297832733 0.009160747947882958 0.010935861937663662 0.009681757718238296 0.0933992879949066 0.10544520870470978 0.10958559578641958 0.10365428515569425 0.09457489094653966 0.009384072595255566 0.009008059086260818 0.0984496466961167 0.09675511188630727 0.09554547138001168 0.01070820600413201 0.010470753959626874 
0.09726669428341676 0.09504030397838664 0.10434960307225426 0.010777389106034752 0.01007344312542644 0.09781501838178239 0.09396084163488944 0.09681764748947863 0.009824227802183142 0.00935256528456107 0.09614533860797722 0.09157679349247903 0.10289975978281084 0.009626459669512982 0.010834664193223952 0.09737230404431868 0.10001294566348902 0.10330494639744477 0.00971716013591285 0.010358719441003401 0.009720146721031586 0.01011765552884768 0.009544882002813374 0.0999274157605663 0.10487740919864802 
0.09966612534759044 0.0987838820749104 0.09297877244235737 0.009619482823225929 0.010892065201561966 0.0992039030110894 0.0973302498471515 0.10985118594892394 0.01078044929503701 0.010525311687164704 0.10289598955188445 0.10965879216050266 0.09514367086110564 0.010136748201605964 0.009654743152248499 0.010471898988108045 0.010904816407259394 0.010612423383022354 0.0915244409094687 0.09369329867425041 0.010723547143090926 0.010607001879208842 0.009533800602209123 0.0972007040553733 0.10203130599748014 
0.09792232802818711 0.09934120374251076 0.09010747414884154 0.010009852227853893 0.010811396409460454 0.09733308962603396 0.09971037819069242 0.09927101489257445 0.00953929678564505 0.010978803662595512 0.009618951236977659 0.01090492255756833 0.01062686566143717 0.09101725652425313 0.10303367647248339 0.010032016474197877 0.009985631657020955 0.010529282816817842 0.09861835659413766 0.1020962109876754 0.009593321315083657 0.009097293053640073 0.009366913844752864 0.10746811760954894 0.10651918731387411 
0.09087518464712023 0.09543706841242489 0.09736927427785405 0.009970265769976146 0.009761516276005805 0.10010575772435226 0.10210384126390824 0.1045285218754255 0.009594835135416414 0.010260726591324092 0.10117761019346852 0.09609226521257051 0.1003658602668816 0.009675816057062388 0.010220936928788804 0.10538844024809176 0.10171604889492059 0.09924401958172446 0.010539578521081295 0.009502653567462131 0.010507328283499127 0.010239468733229753 0.0104263366327318 0.09397961261506883 0.09555891635445277 
rate 
0.09188515125294822 0.0952362640384178 0.10646974332828606 0.009538012204847684 0.009249024725750109 0.10226977395376882 0.09008604326120355 0.09747671531775659 0.009595837430480278 0.010591691723045278 0.009194123888708581 0.009037444690618866 0.010634434668003845 0.10842336306027126 0.10744742408430406 0.10748155811410216 0.09113134984306591 0.09092479801129644 0.0097281437447165 0.00991910215168539 0.1045363903352544 0.09245615423645884 0.10307551456107773 0.01089221991544513 0.010974874480920242 
0.010199661930007152 0.009271335571363422 0.010317897813121953 0.09916454074583983 0.10626781955363525 0.009413842373261932 0.010435494235675184 0.010758559936544579 0.09451934005231483 0.10204287270190729 0.010674324949391774 0.010380678988724213 0.010930838209616574 0.0925883529952508 0.09122783671282342 0.009562721130532581 0.010551248289066893 0.009632737712110226 0.09707159525457454 0.10400258505927146 0.010958258366827064 0.010835188539577123 0.010349951579273802 0.10683971842070994 0.10600402113994796 
0.00962068122834643 0.010906541956169045 0.010750209113661105 0.09901588424303287 0.10598168979488537 0.09569872130993583 0.10972645515730356 0.10658061732070444 0.009415803616271609 0.009005544181500746 0.010194795777324722 0.00937702279731146 0.009597110962967066 0.10343937326321564 0.10659739401239375 0.10665107959808245 0.09726317868941026 0.09468398800399315 0.010090617135082117 0.009932342649246393 0.010244717246330488 0.010077446469922303 0.010155414131792648 0.10286751643168555 0.0961665776413615 
0.010642549090093155 0.009499843518568878 0.009171213605244926 0.0904996293083376 0.09867625984914169 0.00951701774753325 0.009160932843338146 0.009875634630107795 0.09220765674208356 0.09114853986767607 0.009396905382889346 0.010987218550575202 0.01056719804801443 0.10485084787067477 0.10326640191948688 0.10279621234238966 0.09609888031301259 0.09991516734456468 0.01058954903873442 0.010364748772231045 0.10704267187636674 0.10667430864085768 0.10770093791358089 0.010780528678586363 0.010219497232984844 
0.10663245996797438 0.09262917789059541 0.10735557573799542 0.009904283164778717 0.009907971840942354 0.009788740486890381 0.009587704394444596 0.009764650711474213 0.10088087485631991 0.09405128890384364 0.01064272020221826 0.010820961594444393 0.010365380911664642 0.09340197923452692 0.10068701157432054 0.0955687884573572 0.0907433591141949 0.10145505131148087 0.01084256675696652 0.010474288403329915 0.009136707014012226 0.010086885780755362 0.010567117995350695 0.10093002369517286 0.10565645266051336 
0.010781997941858251 0.010236509058475608 0.009446525455311683 0.10862912827074592 0.10747139805312625 0.00905157493372972 0.010401757223583788 0.010678250127067596 0.10743379944068952 0.09041741157419704 0.00996381710652685 0.009366683502791828 0.010429241318057043 0.09281572223546791 0.09394263887715773 0.1057891418244078 0.09770154661078215 0.10219299857731559 0.009788341152827463 0.009596851610628229 0.09864728719099654 0.10910111979185835 0.098606367299378 0.010150648028999384 0.009198680364819242 
0.10526355516938089 0.09276283223616522 0.09221934309906893 0.01094668783133475 0.009768102011888479 0.09787989451817053 0.10882545991566978 0.1094261486242401 0.009873039411041644 0.009941366888085586 0.09478868456407989 0.09508423426567038 0.10469722445927648 0.009096391852236797 0.010033798741146783 0.1022537777272497 0.1035742097187544 0.10071796245472996 0.010081500593786638 0.009211162247218296 0.010389297006131493 0.009736010852264776 0.009826526459377528 0.10046147185530488 0.09673222819994531 
0.09122516142303706 0.1094952537131245 0.10477426821712595 0.010346614480979345 0.009411892278497386 0.10967933780151862 0.09883500377221179 0.09922497787653939 0.009927971805193388 0.00959952000604764 0.1088729770900297 0.10513249143630805 0.10263505225278274 0.010506058165104398 0.010985912698979949 0.010522810595168693 0.009278954214223678 0.009984953895577202 0.09416747443945879 0.10604813134659788 0.009787516102972333 0.010421921198537378 0.009928341829376484 0.10023750584930174 0.09303382179402908 
0.10241243674797099 0.10882565191064171 0.10390053280560543 0.010511290079280618 0.010251427099411395 0.1005661079304871 0.09824202038354003 0.09590173244820015 0.00970991937220487 0.010910866795220487 0.010889206795831037 0.009927373235506885 0.010064063259268428 0.0975894715856366 0.10448935174982091 0.009777652309485399 0.010740731161118192 0.00978184475827372 0.1059409814004174 0.09391871275781112 0.01019547290128444 0.010496188410704104 0.010891843836984343 0.10703633404420572 0.10017143807432179 
0.09394343722106188 0.1027922918609982 0.10093833075160519 0.010013882965075825 0.009593577932855969 0.09594155554733523 0.09437346944026526 0.10693434608898894 0.010027393723695783 0.009508916641917619 0.09535236290774866 0.09664054007960443 0.09605908535006952 0.010705952193213209 0.009453682327564666 0.10458354166126736 0.09237182867294984 0.09326706130174806 0.010922340274365536 0.009121803271779277 0.009029246802017029 0.010751581209053672 0.010138838554448765 0.09369289149545554 0.09975710410698008 
ability 
0.014885548239484367 0.015108627209944919 0.014101092346993286 0.13668787524180112 0.14528769439523812 
0.015934123040378133 0.01568274091812265 0.01636617326849313 0.1502260191210525 0.14285378509204968 
0.014323011160712057 0.015231376664911561 0.013996297096450627 0.15469703477190075 0.13755875765734113 
0.015486755303037966 0.013737708325248607 0.014503987125888377 0.15949159094705717 0.15183724047557992 
0.013938613977575884 0.014584437087117416 0.016093308587058517 0.15129734547928142 0.15823337255345307 
0.15552794271473197 0.1533902284730849 0.15746818872475157 0.015453696168240251 0.013831343756185539 
0.1477584102578291 0.16028367477321112 0.14535620390666315 0.015115360288288221 0.013734739541968822 
0.1492767134548884 0.1459688842175001 0.1487931139899191 0.01354263124282623 0.01393161288749909 
0.14512487804773505 0.1538455018921695 0.14122794132551492 0.013779052347856435 0.013901109888887112 
0.16103378067718496 0.15769785951729573 0.16470581202450327 0.01392172832612379 0.016130504957197925 
0.14829769358563216 0.15858647756562866 0.15250710842777812 0.014494094365068802 0.015319440560797617 
0.14154714688773215 0.1547172827418861 0.15704227951196578 0.015664364673898663 0.014311069425401717 
0.1442870454164123 0.1403716216156275 0.13974350036600522 0.013910077017662137 0.014120167823693054 
0.16465947959439686 0.1539243990000782 0.1499579224280645 0.016320232331896303 0.01562332045690248 
0.1555111984751016 0.1440391156520742 0.14945136627861327 0.013867386263080988 0.01516074082737537 
0.16487459703280205 0.14743789741073474 0.15088172335889025 0.014880556698346058 0.014443335343337709 
0.14591823054592626 0.1448558044623952 0.16185184288655635 0.014020701826102488 0.014394611072346169 
0.14883802545860822 0.15282798289088412 0.16418942887603846 0.015259085018194556 0.015581545865942806 
0.15732134213404234 0.1409161332878066 0.16064785263503437 0.016026721189895794 0.015009112503901367 
0.13565579602200256 0.1613070412581116 0.13824791577783652 0.013601221818268571 0.015626682187477658 
0.16002433346589162 0.1446005933322797 0.1427399755347035 0.013894113573842284 0.015882227318703916 
0.16434975409565122 0.15031557989046318 0.13555409891626072 0.015771433618548148 0.013948331391840782 
0.15464183192801773 0.14646826196782595 0.14567411543746378 0.015973345071225258 0.014826920594015384 
0.16106041588982828 0.14496157817656027 0.15943784509578612 0.013908386241102137 0.015729327861317245 
0.14269375583860638 0.15653587845009856 0.1419911163787198 0.015425226508879746 0.016026093299848585 
