file_name
position_num 10
robot_num 25
position_x
18.878557968670492 -1.2235279543864017 -24.809026557691737 -3.860400912248579 -1.556083788704722 8.32616460365314 -25.9480475979516 -4.061740694284211 3.1221507959692687 -8.463579441027573 
position_y
24.268985030689088 -29.84439383141161 -16.074989278465974 12.21549592421141 -22.828006267460772 -8.433381658183201 29.895123654319 -26.329048942759176 -27.53961225319831 24.424449991085794 
distance
0.0 30.747090681823266 29.86946373505163 29.56168261522084 12.810973260362198 22.880980462049653 11.85103131375946 39.58559829600388 26.640505920455272 27.71602548435259 25.8492927238181 
30.747090681823266 0.0 57.726524495514276 59.46630394438356 25.736100144118655 51.33908036856783 34.362738435455434 45.1782912739937 55.55554288029041 54.151593877890384 27.342579386091604 
29.86946373505163 57.726524495514276 0.0 27.310661766225987 42.14246581835319 7.024264219866957 23.44414788887007 64.65378427464981 4.518086015459758 4.919038719563429 54.74966443148149 
29.56168261522084 59.46630394438356 27.310661766225987 0.0 35.20222250704956 24.213685920805982 34.00492700067494 45.98422177207264 23.142938670290654 30.19251974106212 43.67354144778938 
12.810973260362198 25.736100144118655 42.14246581835319 35.20222250704956 0.0 35.11918169980033 23.976833078746736 28.29193123114145 38.545070718702 40.36365511887502 13.04790450512497 
22.880980462049653 51.33908036856783 7.024264219866957 24.213685920805982 35.11918169980033 0.0 17.460356552209323 58.09213653516696 4.30530095843935 6.6396618734750055 47.75466593593464 
11.85103131375946 34.362738435455434 23.44414788887007 34.00492700067494 23.976833078746736 17.460356552209323 0.0 51.41785625180362 21.764997248584873 19.80226773024887 36.898951282896846 
39.58559829600388 45.1782912739937 64.65378427464981 45.98422177207264 28.29193123114145 58.09213653516696 51.41785625180362 0.0 60.33380490328416 64.37255100916987 18.32034107379237 
26.640505920455272 55.55554288029041 4.518086015459758 23.142938670290654 38.545070718702 4.30530095843935 21.764997248584873 60.33380490328416 0.0 7.2851740179845885 50.94402652303932 
27.71602548435259 54.151593877890384 4.919038719563429 30.19251974106212 40.36365511887502 6.6396618734750055 19.80226773024887 64.37255100916987 7.2851740179845885 0.0 53.23995595464271 
25.8492927238181 27.342579386091604 54.74966443148149 43.67354144778938 13.04790450512497 47.75466593593464 36.898951282896846 18.32034107379237 50.94402652303932 53.23995595464271 0.0 
lay
0 1 2 3 4 
0 
1 2 3 
4 
0 1 2 
3 4 
0 1 2 
3 4 
0 1 
2 3 
4 
0 1 2 
3 
4 
0 1 2 
3 4 
0 
1 2 
3 
4 
0 
1 2 
3 
4 
0 1 2 
3 
4 
edge

0 2 0 1 0 3 1 4 3 4 
2 4 2 3 
2 4 0 3 
1 3 3 4 2 4 0 2 
1 3 3 4 2 3 
1 3 1 4 0 3 
0 2 0 1 2 3 3 4 1 3 
0 2 1 3 3 4 
1 3 3 4 2 3 
demand 
0.010892133010562115 0.00901147320589665 0.009694215025547591 0.0912749104067499 0.10342045352846543 0.1070769797407698 0.0929801857594851 0.10364576079173538 0.009476059737013846 0.01047361241008117 0.09450972218275328 0.10346663637344966 0.10409123232773099 0.009096594626549489 0.009715156014445184 0.10318584677635517 0.09756797611242853 0.10693029697242609 0.00931870261045615 0.009866693982370707 0.009200526491181351 0.010137105519402419 0.010667860353488504 0.09212791717123563 0.10247649935810058 
0.009381760399512124 0.0095423224517838 0.010347874034867878 0.10692841699359773 0.10588532218471575 0.10732071093957717 0.10446002888428318 0.09782678735117831 0.01063845574830918 0.010941112521010933 0.009839905325717697 0.010576609105660969 0.009479518910265274 0.10720735351314126 0.10246781040728595 0.0935811390915381 0.10150863764570942 0.09518927785286044 0.009939720637262593 0.010320127062714308 0.009543767091337306 0.010400187009344712 0.01004779503101719 0.09138802716935097 0.10257902067088874 
0.01046838150717178 0.010084813974463787 0.010957079020284644 0.09142047303315877 0.09364520713896828 0.009157563449537831 0.010483581296079408 0.009512980778419599 0.10560653131537334 0.0982604278610947 0.10716204091169178 0.10625060084669263 0.09309652933474072 0.01047473548251014 0.010890289021768276 0.10599721044731779 0.09539757769828483 0.09658503518239436 0.010585784676598167 0.009390863136057154 0.009294274371524703 0.010606112615069961 0.010583612355635165 0.09439736689358842 0.09782390269131525 
0.10212823294804543 0.099650907249714 0.10006644545124016 0.010508679396859746 0.010556369665585109 0.00954615189627337 0.009059326081278143 0.010768057871133085 0.10736541719523746 0.09585303998537945 0.010839438683537433 0.009940024266158242 0.010492187799916175 0.09733386881043946 0.09922952997790561 0.1088607761726707 0.10402923963598505 0.10632451847055213 0.009580239497215015 0.010426943344510354 0.010160195024432253 0.00902290222160933 0.01040193086991212 0.10929194394424953 0.10588168876894699 
0.010323945716733327 0.010080675234402052 0.00939285272939789 0.10612434927783765 0.109842101199535 0.009327140388699121 0.010642983038325069 0.010212149836202618 0.09555224283518897 0.0933705425205554 0.09022800786304119 0.10934601976175934 0.1068516484278048 0.010250446269415328 0.010792016090076984 0.010845957039661923 0.010458773171457781 0.010585829491919298 0.09520333205270047 0.10305549298041634 0.10533760043946278 0.10605343368787397 0.0939936109690645 0.010537621375973874 0.010737484702586664 
0.010008578629488816 0.009964634329616268 0.009092219463334387 0.09262857891863058 0.09651668988077561 0.010231994016977464 0.009820989601513683 0.010560254623688863 0.10578807878968435 0.0943590233469533 0.09767711695852994 0.10634419770624795 0.09295918159195002 0.009145570620228494 0.01041668533007714 0.10635823378073823 0.0960077280727838 0.0955879854790275 0.010522221172517094 0.01033765919054362 0.10979859774421646 0.10014452900874966 0.09992240769563925 0.010275326251581268 0.01027379893164734 
0.10779019580304228 0.09855900751378949 0.10312743828913146 0.00911857908812946 0.009887565570910471 0.10419269932763567 0.10717751035816181 0.10715272433111858 0.01017442416096013 0.009112995454720066 0.0922070578105314 0.10583422906732283 0.10092867060555244 0.009015306567672993 0.010739632359383047 0.009303589744255044 0.009809491193861482 0.009780079446446339 0.10460097640658293 0.10986383892900009 0.10895493325497384 0.10339107754129068 0.09055795557349947 0.010100614491639055 0.010955323906337997 
0.10269697292208964 0.09234363637311081 0.09450210457150321 0.010400939460684044 0.009556444475616961 0.10612640691873308 0.10177440451719272 0.0980915484043948 0.009246026592626475 0.010757028801300153 0.094549286396707 0.09523242454415903 0.09427759185515627 0.009186097383865437 0.009674779899380212 0.09381182423503708 0.09780864165865784 0.09663439461462925 0.010242819336524432 0.009999114382956666 0.010228138300433598 0.00953782752958534 0.009171352817084887 0.10406338140745518 0.10931964046191425 
0.10477518719279229 0.10792810042399203 0.09824287282034293 0.009624149670511522 0.010534300781118893 0.009105027969881854 0.009765031208225073 0.009342423097140028 0.09495089800835355 0.09454587015401494 0.10645015196519735 0.09937885897121918 0.10071974074299882 0.010579051210495 0.010615294178431956 0.009703176280447576 0.009618360836505776 0.009273059297175344 0.10842161706717819 0.10728684611628042 0.09022726302437026 0.09374553342649776 0.10657721805285177 0.010946928565297455 0.010340038277275835 
0.01094174253993473 0.009725611520082627 0.01029183284047069 0.09798301705098067 0.09913537406236556 0.010074959061183313 0.0092519073432991 0.009394313304472381 0.10286980780627802 0.09431715150384992 0.009483481101824067 0.010770961373050478 0.009620101003194617 0.09276946774224802 0.09975294996950981 0.010752368812285099 0.010899736717403899 0.010829879728992457 0.10671955461006977 0.09692654560332113 0.010199998286228015 0.009177353637395644 0.010061236716611174 0.10799225533904942 0.10070838527365251 
rate 
0.010672485716505385 0.009996325913332764 0.010227408706562677 0.10284151828416599 0.10527478109178799 0.10861411886260722 0.1043132521798778 0.10923788381133744 0.009503386642060793 0.009288373072225171 0.10880086916174592 0.10102400957198435 0.10006837301761129 0.009431485233147272 0.01029776816281987 0.10608155034485173 0.1076775305049626 0.1027611874635112 0.009070125496227717 0.010789103711267104 0.010782142518266672 0.00980624404004237 0.009391919786518954 0.10758183479919173 0.0928977530290216 
0.010954926478190706 0.010828933470849119 0.00962671204580557 0.09826584084043372 0.09164425839373358 0.1014769894822558 0.09246059047271964 0.10599170861965011 0.009167964238568107 0.010890131101421245 0.010099668563429831 0.009928191866667853 0.009927471534275197 0.09919965346328968 0.09390208075143056 0.09322390276330814 0.0991855323175057 0.10400798465138439 0.010930945736087234 0.010636139587925324 0.009445481281111863 0.009630917351406053 0.009622224889715708 0.09428010266489273 0.09153009437885684 
0.00979041033491891 0.010869581938754359 0.010361029084083465 0.10435745806091899 0.10547232986337114 0.009119619450112868 0.00917226659215887 0.00942857143663607 0.10187454402670851 0.09696464677102247 0.09767016384622446 0.10957227897464238 0.09421670564960305 0.010796428238678569 0.009051150718150137 0.10843343406479011 0.10432180870151282 0.10879716175457617 0.009032695540378761 0.009566190732353819 0.010358998540890615 0.010465248869776225 0.01097838433958566 0.1080120737615879 0.09516422420882309 
0.10017566579402236 0.1042855399300417 0.09195614862642118 0.010868760139818976 0.010430269323808406 0.010769370422409148 0.009954941711737914 0.009003921631336799 0.10069755522640955 0.10930719124810362 0.009752080538307199 0.010676164190198827 0.00919486310521018 0.09879104180723396 0.09000451921519453 0.10183501998510502 0.10030674232655597 0.10117149277894857 0.010630227252853645 0.00943719123421865 0.010179117163725751 0.009731083079628614 0.01049428018942166 0.10801316230512854 0.10783794360541799 
0.009263974050740533 0.010094864601108594 0.009646865936861239 0.09041263256998977 0.09767303227507107 0.009502606292040921 0.01022091563899318 0.009981753967818289 0.09633433416313303 0.0929149326464859 0.09947841915343024 0.1079889808015133 0.10126356748795758 0.009806710217214411 0.00916281014531842 0.010512818824957757 0.010666559019181305 0.010026118118236763 0.0971047075776735 0.10702020708602603 0.10215855706123907 0.09060684422838176 0.09400921917252858 0.010148503696927134 0.010586996412204017 
0.009301662956299842 0.010454208017628188 0.010801154512211305 0.10884158989696938 0.1090807102677882 0.010692816462453963 0.01099635324300837 0.010588802979398263 0.10473856883936467 0.1049534612071284 0.10418603251273828 0.10823102961294462 0.097506323349559 0.010600363476216113 0.010334591526077989 0.0913905216859687 0.10424839309033791 0.10749907420014544 0.009758723263697604 0.009907108547151362 0.09989007246550247 0.10440027818067942 0.10004921344425988 0.009092059693856435 0.009804271778019054 
0.10028815174185693 0.09764982534294314 0.1016295709731186 0.010049456343123755 0.00903961947161505 0.10481188619088343 0.10193680531823238 0.09413744034688039 0.009840046729646404 0.009113627563227146 0.09917458806539402 0.09004078609119913 0.10521636134557036 0.009857334349765195 0.010728725398702423 0.00974247383553022 0.010219677482895895 0.010180549524859545 0.10129165334658213 0.10971064258063595 0.10943461867674538 0.10472177515342618 0.09349022939362377 0.009420249828930622 0.009690874335311237 
0.1070488752872194 0.10182901783971804 0.10563079798825548 0.010449137427336216 0.010961383579150774 0.10506973180664154 0.10773682661444971 0.10749257655555405 0.010641118140845195 0.010281773393234153 0.094687971918157 0.1064204004329697 0.0907408370182349 0.01084924734687018 0.010802181406801161 0.09948795406253895 0.09526162539707395 0.09969292267799457 0.010611548808173658 0.0091497201161246 0.010661881455934065 0.009041453953083952 0.009405969474800845 0.09859027128850473 0.10747799836937477 
0.09552798616373841 0.09292431380933136 0.10586770294730044 0.009916421537387938 0.009317844843774228 0.009075788909607946 0.009788681292700182 0.010712150086778997 0.10109581746914711 0.10199994293474242 0.0930122099842921 0.10752462174870475 0.09125218841877514 0.010165080717216442 0.010755919175895192 0.010760827110966638 0.010623195609754572 0.009468785744611321 0.09332858829679563 0.10555475206727916 0.09275702417274403 0.0961832267601403 0.10680325921201328 0.010664008938636489 0.009034031896614413 
0.010044583865282881 0.009989573665989251 0.00925799333354 0.10497171979593754 0.0951606490887012 0.010411162912243768 0.010383136136297677 0.009386394095562979 0.09512988631024885 0.10962131175047665 0.01071037079784193 0.010675724564256328 0.009914433095100825 0.09655365298617115 0.10896697966403629 0.009293916619076007 0.010303798380380843 0.009442307349486303 0.09924869619992367 0.09982402330947134 0.009360872449631845 0.010297373952894444 0.010343429003457342 0.09858689070035478 0.09957018933302991 
ability 
0.015788218534196676 0.016262386709078803 0.016142032418724545 0.1450043530972789 0.16259121444269908 
0.015296768765709332 0.01484939088456682 0.013843211328774396 0.14191905801884064 0.1400387449440911 
0.01587168696982791 0.016129422706058785 0.015927879337187166 0.15384484482709473 0.14084551066075127 
0.015999128994012964 0.015727324435356543 0.015157279188622539 0.15612714835301678 0.13572348360853967 
0.015609565095618361 0.014259547157104181 0.01524784191084208 0.1372177436138769 0.1442315010995403 
0.014250926168210352 0.015506446411458267 0.01585741292177092 0.14252667310823908 0.1365133686098247 
0.01559754004703829 0.015234854457301134 0.01418198696137901 0.14467047514698583 0.14825545351448258 
0.014862858343383916 0.01404454934958456 0.0147033783328897 0.15401094337898144 0.14958673867212227 
0.016405644864989577 0.014969444589818717 0.014307212449831533 0.16284897370400733 0.14123562512734403 
0.014558350967418816 0.013654133559449682 0.01642412134026968 0.1562842256378774 0.16456002649909238 
0.013622096094380165 0.015569694095767661 0.014697132710159468 0.14786749923485884 0.15921672568611112 
0.01536447508349555 0.016198987645199822 0.013876217888848049 0.13766212220291554 0.14763337312786784 
0.15801940851197424 0.1485801610265869 0.1396076991342335 0.013849858659257901 0.014588651324306463 
0.15594761316929223 0.14032256176901922 0.1456587954699752 0.01587104459482816 0.016211689230824153 
0.13876026961791027 0.1409468254342012 0.13552629860293597 0.013630339879311705 0.013576619076116209 
0.14079996998136635 0.16038886346777542 0.16385637636066033 0.015394656482820145 0.01494635178239963 
0.1623112984719041 0.14344337407952804 0.14325645436747242 0.014414468961288347 0.016339269862816266 
0.1588107490918176 0.16328324648604595 0.14694055634742645 0.013800991918327331 0.013716884543309552 
0.15085982105338477 0.13545343057017756 0.16084236801463944 0.015837599144557794 0.01456348490853367 
0.14395360648417857 0.13899106223313215 0.1374456179390234 0.01565872180017768 0.014580009397840477 
0.16020592217732726 0.1553330649615821 0.16269588018494227 0.01504403436528887 0.014925431788183745 
0.15361497167358187 0.1404390210863606 0.1425508405918897 0.01506299342521396 0.014471369788052819 
0.1641559335460485 0.15040813858379168 0.13933179107067167 0.016222531466864927 0.013671688748129069 
0.14586896221243442 0.15498888328811428 0.15861863734459222 0.01474245422688174 0.014542877816825424 
0.15040331473286445 0.1606814035959545 0.15230583254106586 0.015296245162911372 0.01541639940003791 
