file_name
position_num 20
robot_num 200
position_x
-26.606307021718283 6.608233885387648 17.009814144279588 7.457372423167662 -10.162657922777939 15.760726592128961 12.846826527123838 -3.6964314519194374 -3.046340666167339 -28.772437320042755 14.372026232272596 29.429439335338515 28.722659312578237 -22.74263898250586 4.365900178861281 6.206086463793682 3.9693219465083516 5.560697523410369 13.483244473986268 24.70137859552777 
position_y
24.642633927451676 -3.6895837787849075 15.769649160236689 26.84467635589285 -2.4512267212344767 17.08502816776074 3.08302973314143 4.869721929462557 18.06482991575271 -18.170699959692776 -17.833895305518357 -2.430050489553878 -2.8962899414345635 -15.460617366950624 5.653987251110323 -17.38046226020313 -29.84151265403328 24.01137556013512 4.323570998466579 24.4931233733069 
distance
0.0 36.26506556200234 7.568472999532881 23.195163544581607 27.861246420618983 10.454096254306018 23.244325978720457 13.211586738671734 6.113738393898432 18.319887317869043 34.02980291393072 22.904212708349554 29.529596085523263 28.86831573561735 27.50015122241786 7.143434482621019 18.455242549867194 30.104341783135887 24.646856051770914 14.159489670325783 34.786077633151315 
36.26506556200234 0.0 43.6568469752844 44.50950330262332 34.13478062300387 31.693388593514353 43.035833232967335 44.95960720288925 30.26269068513056 24.46097954479778 42.86809628384996 59.02100754777483 62.232910194969826 61.803615132757656 40.28894010890844 36.32968925650978 53.315980525963845 62.47712633848806 32.17319798423269 44.944815690341905 51.30790345360018 
7.568472999532881 43.6568469752844 0.0 22.064782311576828 30.54606485668022 16.816549593872715 22.701379347442966 9.208057989144733 13.395814343336346 23.80053203112525 38.22949935313989 16.13499365264313 22.85593669696231 22.12864946369642 31.623266274073785 9.608869862898636 13.696783423185725 26.284733974632676 27.72075902146558 10.558239440244357 33.49069822984642 
23.195163544581607 44.50950330262332 22.064782311576828 0.0 14.625504101389579 32.7161054546992 1.8139574543997998 13.352182532775043 23.399936331671565 20.187055270175104 56.99089267176943 33.70691510255288 22.033523486473342 22.036515706523044 50.552814728325764 16.192441947546087 34.86617872640579 47.43872383198826 14.107031064297214 11.977036316417488 11.6300974223695 
27.861246420618983 34.13478062300387 30.54606485668022 14.625504101389579 0.0 34.18647987869594 12.813915217891735 24.36518142274266 24.64357853331363 13.68991205872079 57.78393564705516 45.21047669516023 36.60302386782317 36.56142096237101 51.97863566773247 21.415006546178446 44.24283673279812 56.793402086833936 3.409540889124329 23.313329245157824 17.403607393362517 
10.454096254306018 31.693388593514353 16.816549593872715 32.7161054546992 34.18647987869594 0.0 32.46054712717431 23.665679139907922 9.767721019694099 21.71521474056381 24.360331034480396 28.958197792024315 39.59210292127637 38.88786414505511 18.096965724561674 16.63651087368382 22.15440964167009 30.821106704763036 30.781377909202295 24.597288149309588 44.06244482966153 
23.244325978720457 43.035833232967335 22.701379347442966 1.8139574543997998 12.813915217891735 32.46054712717431 0.0 14.301984958456588 22.973783006864235 18.83257258909278 56.799375470380575 34.94652636847026 23.825868358940365 23.81732086592255 50.41555517739591 16.140345889312247 35.76536283084605 48.385302076315114 12.329431503623988 12.963090444881924 11.610991896488223 
13.211586738671734 44.95960720288925 9.208057989144733 13.352182532775043 24.36518142274266 23.665679139907922 14.301984958456588 0.0 16.639460735419696 21.84140792498502 46.73204627486507 20.972457824811535 17.475042234256247 16.96450206762581 40.130747601233075 8.862050230271482 21.51404037251941 34.10037505634965 22.160400152366357 1.3942634019664693 24.47289346242397 
6.113738393898432 30.26269068513056 13.395814343336346 23.399936331671565 24.64357853331363 9.767721019694099 22.973783006864235 16.639460735419696 0.0 13.211112473958352 34.05388540428864 29.01591629843801 33.92064257621814 33.33629233096646 27.85822530610033 8.10038662160187 24.354271854134097 35.54762413264753 21.262580760164813 17.18835494625858 34.518306733053485 
18.319887317869043 24.46097954479778 23.80053203112525 20.187055270175104 13.68991205872079 21.71521474056381 18.83257258909278 21.84140792498502 13.211112473958352 0.0 44.43923575399157 39.90135308383653 38.402036528471086 38.0609761477147 38.883155515872424 14.455806099668685 36.63299257819534 48.41732314274081 10.461477500696187 21.495333948033526 28.48260663988252 
34.02980291393072 42.86809628384996 38.22949935313989 56.99089267176943 57.78393564705516 24.360331034480396 56.799375470380575 46.73204627486507 34.05388540428864 44.43923575399157 0.0 43.145778154903425 60.29283947493267 59.48944224146241 6.610825640632699 40.813786064072445 34.98744920279422 34.75961261025739 54.38834106073837 47.86997879482847 68.40797329231243 
22.904212708349554 59.02100754777483 16.13499365264313 33.70691510255288 45.21047669516023 28.958197792024315 34.94652636847026 20.972457824811535 29.01591629843801 39.90135308383653 43.145778154903425 0.0 21.540754965197877 20.71407067233931 37.19046681851114 25.53043645515561 8.178519048642565 15.887074332469599 42.762906910493435 22.175284575988883 43.56916375697274 
29.529596085523263 62.232910194969826 22.85593669696231 22.033523486473342 36.60302386782317 39.59210292127637 23.825868358940365 17.475042234256247 33.92064257621814 38.402036528471086 60.29283947493267 21.540754965197877 0.0 0.8467096474370777 53.77472853627061 26.335008282526715 27.619538930044747 37.41130625155579 35.621143261069804 17.3174055146742 27.335176041305633 
28.86831573561735 61.803615132757656 22.12864946369642 22.036515706523044 36.56142096237101 38.88786414505511 23.81732086592255 16.96450206762581 33.33629233096646 38.0609761477147 59.48944224146241 20.71407067233931 0.8467096474370777 0.0 52.97678031229872 25.813929487144293 26.772883681337046 36.589243471135305 35.50350597711775 16.86315974585449 27.683039217742312 
27.50015122241786 40.28894010890844 31.623266274073785 50.552814728325764 51.97863566773247 18.096965724561674 50.41555517739591 40.130747601233075 27.85822530610033 38.883155515872424 6.610825640632699 37.19046681851114 53.77472853627061 52.97678031229872 0.0 34.361307071187156 29.01231651177441 30.337089608781163 48.57074307649654 41.27624912079172 62.02609292132205 
7.143434482621019 36.32968925650978 9.608869862898636 16.192441947546087 21.415006546178446 16.63651087368382 16.140345889312247 8.862050230271482 8.10038662160187 14.455806099668685 40.813786064072445 25.53043645515561 26.335008282526715 25.813929487144293 34.361307071187156 0.0 23.107837411850163 35.49771524775117 18.39622913052732 9.213901149955255 27.720835706474663 
18.455242549867194 53.315980525963845 13.696783423185725 34.86617872640579 44.24283673279812 22.15440964167009 35.76536283084605 21.51404037251941 24.354271854134097 36.63299257819534 34.98744920279422 8.178519048642565 27.619538930044747 26.772883681337046 29.01231651177441 23.107837411850163 0.0 12.660209019734278 41.39686902447519 22.891528747524728 45.77633673466109 
30.104341783135887 62.47712633848806 26.284733974632676 47.43872383198826 56.793402086833936 30.821106704763036 48.385302076315114 34.10037505634965 35.54762413264753 48.41732314274081 34.75961261025739 15.887074332469599 37.41130625155579 36.589243471135305 30.337089608781163 35.49771524775117 12.660209019734278 0.0 53.876395993370586 35.46502027126398 58.15557449739177 
24.646856051770914 32.17319798423269 27.72075902146558 14.107031064297214 3.409540889124329 30.781377909202295 12.329431503623988 22.160400152366357 21.262580760164813 10.461477500696187 54.38834106073837 42.762906910493435 35.621143261069804 35.50350597711775 48.57074307649654 18.39622913052732 41.39686902447519 53.876395993370586 0.0 21.222073382271965 19.146742617479592 
14.159489670325783 44.944815690341905 10.558239440244357 11.977036316417488 23.313329245157824 24.597288149309588 12.963090444881924 1.3942634019664693 17.18835494625858 21.495333948033526 47.86997879482847 22.175284575988883 17.3174055146742 16.86315974585449 41.27624912079172 9.213901149955255 22.891528747524728 35.46502027126398 21.222073382271965 0.0 23.079371225627458 
34.786077633151315 51.30790345360018 33.49069822984642 11.6300974223695 17.403607393362517 44.06244482966153 11.610991896488223 24.47289346242397 34.518306733053485 28.48260663988252 68.40797329231243 43.56916375697274 27.335176041305633 27.683039217742312 62.02609292132205 27.720835706474663 45.77633673466109 58.15557449739177 19.146742617479592 23.079371225627458 0.0 
lay
0 1 2 
3 
4 
0 1 2 
3 
4 
0 1 2 3 
4 
0 1 
2 3 
4 
0 1 2 3 4 
0 1 2 3 
4 
0 1 2 3 4 
0 1 
2 
3 4 
0 1 2 3 4 
0 1 2 
3 
4 
0 1 2 3 
4 
0 1 2 
3 
4 
0 1 2 3 4 
0 
1 2 
3 4 
0 
1 2 3 4 
0 1 2 3 4 
0 
1 
2 3 
4 
0 
1 2 3 4 
0 1 2 3 4 
0 
1 
2 
3 4 
edge
1 3 3 4 
2 3 3 4 0 3 
0 4 1 4 
0 2 0 3 2 4 

1 4 3 4 

1 2 2 4 2 3 0 2 

0 3 3 4 
1 4 2 4 
0 3 3 4 

0 1 0 2 1 4 1 3 
0 2 0 1 0 3 0 4 

0 1 1 2 1 3 2 4 3 4 
0 3 0 1 0 2 0 4 

0 1 1 2 2 4 2 3 
demand 
0.009867708664433136 0.01028144503287996 0.009953045223889553 0.10343127094171561 0.10473152990329598 0.009677505680310044 0.009732699832997854 0.010109441286449415 0.0909055630970913 0.09151707036892454 0.009200665093124097 0.009512073751551274 0.009954269456980289 0.10314166172008483 0.09735875162443376 0.10964394206842593 0.10217464647558785 0.10193964278526911 0.009625846809019897 0.009086587171973607 0.010029894874215942 0.009667013304801617 0.010431267361751718 0.09547368081611365 0.10671048913734522 
0.10424108314048085 0.09583159715247394 0.09959362731467845 0.010209269887628263 0.009296710579432333 0.10663251817867228 0.09129874868168136 0.09991837156890511 0.010490911136552596 0.009741834209010453 0.00989882691808081 0.009540253639029227 0.010561777973023448 0.09668876975537247 0.09450878118961305 0.09602611533405711 0.09045382520863171 0.10898528214137376 0.009371298216107112 0.009618175393468563 0.10968277123651078 0.10622307227891531 0.09930990459446241 0.009878146363823722 0.010631874154112047 
0.01029995846743581 0.010348206054988669 0.00902736695268129 0.10566911514862982 0.10676562294891992 0.1094154608608907 0.10465475161107665 0.10487336728227237 0.009396768634546148 0.009919491402272865 0.10354371337079314 0.09228185865182019 0.10549700137342773 0.009202549345449923 0.010390183160929161 0.00931748715565538 0.010328504817111237 0.010740571503797806 0.10971397708470476 0.10922584269439611 0.10243334140527026 0.10343661897787677 0.10204572257161729 0.01003428343615209 0.009770750566500664 
0.1030193218518719 0.09135846992187156 0.0965014760043756 0.010810761497851422 0.010555037559416709 0.09610176613103648 0.10784615597059544 0.09019477542378061 0.00904347044232579 0.010268896650103547 0.009289037558938515 0.010022190410827215 0.009475191478781895 0.10129726092597213 0.10768762873032033 0.010770766622937158 0.010794204652900577 0.010197801815832066 0.09860562007994336 0.1072461158429015 0.10808882994537528 0.10818567741380225 0.09849227073527955 0.010669947510440076 0.010008276378209145 
0.010203070306512947 0.00900546192971863 0.010708409322312252 0.10701224636743807 0.10668765624087931 0.009587795393407652 0.009204580420140357 0.00969026392912182 0.1098170117596071 0.10510898291630577 0.009238195529578207 0.010364367779285457 0.009599596938595528 0.10650811420559117 0.10013939216016735 0.00937962800325162 0.009093311311034304 0.010682520079337343 0.09146729254049285 0.10736797048376921 0.09642011220019103 0.09440165485513036 0.1056180814322225 0.010770641679994863 0.009830334688752442 
0.0909261069311246 0.09683734500176623 0.10759181063427914 0.010190511989331722 0.009516796281523012 0.009903671395578168 0.010568074604578304 0.010573282384658085 0.10988507828235983 0.10315936923719282 0.00927093960095474 0.010047070379691811 0.010567892915927793 0.09540332363724142 0.0943746364893294 0.009239892660118973 0.010262269232411466 0.009267317760262411 0.0909187835354181 0.09881287044691733 0.0989473822110937 0.09748011898130547 0.10563229638522925 0.00974949640984918 0.010092569471495708 
0.09147851993055357 0.09609132869879901 0.09095816210513201 0.01076474773716875 0.010072552503112479 0.09126771194465925 0.0989678414673066 0.09806102221446816 0.01048405454917364 0.009332938075031364 0.010458109673543712 0.01043624536652648 0.010804693854188026 0.10838381081445495 0.09117123448832135 0.10208340552880316 0.10711983184990806 0.10051084647867613 0.009839984470941573 0.010180498898828447 0.01063621963360951 0.009937092485424761 0.009724167450154421 0.108596975269345 0.10527593692126334 
0.0948428127161536 0.10253834302310948 0.09418626176622585 0.010746621631834642 0.010725748991600484 0.009946878512608557 0.009161484370451512 0.009075066534217113 0.09296884294207679 0.10851413498788101 0.010859631043420333 0.010089875324834024 0.009744414251891325 0.10426644292525603 0.09269035041717563 0.09438548803882064 0.09033327222078355 0.0976280090722226 0.0097202378967617 0.01024955666870977 0.0938937776178794 0.09626355787959899 0.10065943143706423 0.010331396771985428 0.009115694780111485 
0.10239306058263045 0.10234574494661293 0.10409717417786479 0.009546392521692027 0.010103100770478523 0.010157977296546794 0.009640571086870314 0.010794628062772175 0.09353638365369914 0.0966983909077061 0.09423845283196036 0.09270735584217361 0.09296157652547293 0.009471474344449816 0.010808270069940205 0.10296131310668857 0.10299315600424033 0.09273628192043606 0.009546661775690501 0.010241069054368852 0.09221236930308968 0.098382856795705 0.10285519440850943 0.010195235745869415 0.010278748633686281 
0.010775418409280762 0.009100389884024705 0.010776161411657867 0.09857239461149492 0.09394529193921017 0.09259928589779094 0.09791018245886823 0.0921671256115627 0.009431771255497096 0.010419815071166268 0.09152738742181257 0.09021541820273817 0.09291395079288817 0.010512021774708277 0.01077463658614266 0.00912542127766685 0.010247847977446213 0.009495139122832131 0.09490304617373668 0.1051597673003313 0.009714704217365323 0.010454368609506161 0.009215617666267785 0.0901485336480029 0.10118044830481046 
0.0093491597681689 0.010940594404223885 0.010698296996421023 0.09402525056599031 0.10345563344028841 0.010920753837951417 0.010933797360139226 0.009666946108295656 0.10002280094408429 0.09679170988729238 0.009200601935177816 0.009310781523640767 0.010651890617411596 0.09973720666861188 0.10247106157449626 0.09612342331930207 0.10963200471788195 0.09396847731062402 0.009522681203860996 0.010852919586006766 0.10853324792136992 0.09053320772981804 0.09685534029830446 0.010152977759550891 0.01006788793909651 
0.010943523860361251 0.009418865003696899 0.009185630438485679 0.09408208140774381 0.09309245021205437 0.010085669955776533 0.01035255607302057 0.010516099826856171 0.10905240294938463 0.10577907877035025 0.10305975919184052 0.09527624995529382 0.09681781914459467 0.009691161266697492 0.009517852044526964 0.010743841801432247 0.009212572037246786 0.009598794011587084 0.09363395106317464 0.10249606884829682 0.09784869957025528 0.1047538952388968 0.10591455371438013 0.00920225076351763 0.009593995521472528 
0.009110014704855169 0.009738166368796118 0.009948619693142266 0.09064624177562836 0.10829221869933225 0.01003611631630305 0.010720438403834267 0.009072672150416867 0.10480144300024237 0.10721830938010313 0.0972966206465841 0.10348085426033538 0.09732701724023479 0.009853886865294089 0.009244843397178563 0.10056797886023101 0.09240145890195932 0.10833828623859439 0.010703276292056592 0.0109398234726654 0.009310659363038085 0.009679681760346004 0.009705100570955154 0.09410958414525883 0.10128273546380127 
0.009881343267518916 0.010992457196195633 0.010873834225376756 0.09567967892070495 0.10506707372735827 0.10763400504441152 0.09642775275015886 0.1002223233591848 0.01019192949127273 0.010322461019064848 0.10603303284498306 0.10853164222256413 0.10704021085555274 0.010673329971349921 0.009898186343379845 0.09469589291409762 0.0911776116438065 0.09986402189456658 0.009955907452868605 0.009288988522457136 0.01081492429835753 0.009423865780583353 0.009409337978103918 0.10999419841095717 0.09247683260548833 
0.009614571939237945 0.009106013253644622 0.009743761968464935 0.10618999795821318 0.10963140547283197 0.09675350340879783 0.09753119502098771 0.10973794052986788 0.009771091079896588 0.010506412364987784 0.010641303472698052 0.0092553393817796 0.009908700352802405 0.10730187878154385 0.09573899186839974 0.09358379169557768 0.10422175347528773 0.09163917246031188 0.009880373351642139 0.009530055400359698 0.010540904050284388 0.010594145263718087 0.010033847148080716 0.09700136550183515 0.10367199894130955 
0.009478143340085588 0.009039842109434603 0.010242190607015964 0.10756557554141727 0.09514505025392644 0.09933332043162514 0.1095945550408964 0.0916859235482224 0.010811521856965035 0.0101290284839168 0.009180950883525944 0.010768002850878993 0.010448319776540354 0.10723410650213881 0.09498267631865456 0.009346247432101778 0.009541854617778223 0.010471543556648297 0.09275825501114898 0.10636011770306614 0.009355336536775257 0.01048665155406515 0.010797653957071565 0.09016124493764904 0.10840763820420413 
0.009471621073254454 0.010738701477118306 0.010489123044237195 0.10529742796570747 0.10892681641147915 0.09596302048781201 0.10037324046862635 0.10619384847070606 0.009850139412466832 0.009590968809989232 0.0921625443820477 0.09732640008724525 0.0964756042755014 0.01011962053395095 0.009011283219027786 0.09888233834551613 0.09692905051238945 0.0985395559090094 0.009063394999646984 0.009615493082694705 0.09966966291324067 0.10776352949203057 0.10186892028630515 0.009963483860175024 0.00972996064681666 
0.010890614835491643 0.010245379333957357 0.01099615636458875 0.10426642154745021 0.09773087845884347 0.00994786288700905 0.010876732908305008 0.009692468714681242 0.09302016148698972 0.10035325300944194 0.00998102692465744 0.009149971718026702 0.010221459142846617 0.09598582260540336 0.09325920630174087 0.10594581952807287 0.09494113685246344 0.10438191088824576 0.010591326791650547 0.010901346461472543 0.10980249613148724 0.1018374917638288 0.09400837049743847 0.009482435863844894 0.00955780364422202 
0.10700049802106404 0.10946522034964463 0.09323925306118222 0.01004173364340439 0.010843571333710961 0.009213880414747732 0.01079682465263093 0.009025574728042673 0.0910034764440601 0.10270631688927641 0.009049886353118342 0.00910591013134653 0.010080833995650676 0.10937365981625341 0.09393188793254888 0.009420070177475573 0.010056457879357342 0.009349547976711583 0.10155839021671981 0.10041205338482176 0.09492275353886781 0.10209547360613087 0.0968983614856475 0.009915473534294469 0.009915200929847467 
0.10019952949890926 0.10655373207317252 0.09109045470098952 0.010991127508772331 0.009144061532203122 0.10073960168110901 0.10449417194302474 0.09497033522273596 0.010858012030269693 0.010596798765280501 0.10388075152663712 0.0916889983786885 0.10151977363152259 0.010224025344510715 0.009948481251458486 0.009383046562502852 0.009447111505313506 0.010329130219081537 0.09176776977612328 0.10620600303492114 0.09519923598013041 0.10654555139205456 0.09449594209722906 0.009423623235834027 0.009766308668816594 
rate 
0.009662239671267132 0.009367197465180572 0.010231986235399573 0.09070625414625216 0.10192191496476569 0.009399111689876073 0.010222622326738663 0.010086520319115198 0.09265252896380827 0.09958165370285357 0.009963454498555983 0.009403063927263887 0.009461219182245535 0.09832362693802121 0.10187962843843733 0.10588076154020676 0.10156937322559643 0.10274910653832273 0.009167672131674034 0.010207474819237042 0.010942583268141633 0.009261514506246744 0.010862613614383808 0.0952703484561575 0.10002952149023699 
0.09439556896674924 0.10169757515947873 0.10101571524431655 0.01013461810867992 0.01075645415536842 0.10574075542581106 0.09293420699529925 0.09804884616515364 0.009155182774937912 0.009181360107463815 0.0090471646941825 0.009891463221506098 0.009431502692583828 0.09264651328651496 0.09882794174114833 0.10781174784793218 0.10389497935664119 0.10018077438254791 0.00998163717433689 0.010950117332677325 0.0913825886129591 0.09768919208752735 0.10353903307823627 0.00929312925622404 0.009663822520415883 
0.009983754273258885 0.009871258846064289 0.010801357600083219 0.09458710589047212 0.0902737194965536 0.09377963270624488 0.10053521303801725 0.1060536083502197 0.010417762058032305 0.009794388565593353 0.09193964543474893 0.10693259705283216 0.10084068825530874 0.009533278468323763 0.009822814425746488 0.010329709729736928 0.009843476904871815 0.009812907141152065 0.09201918178105561 0.09940251922830284 0.09498638467703524 0.09353538315798854 0.09462068589353907 0.01034602807317127 0.009803920553010922 
0.09078403306053379 0.1082457663312255 0.10620347493492742 0.009440595025295415 0.009228779092942153 0.10821550885845928 0.0956059090300449 0.09624841062360939 0.010266879744532156 0.01071497280198295 0.00902218211778984 0.01035881872557756 0.009587830975012271 0.10433727308409363 0.10057592420316173 0.01084105870656834 0.010175402722612574 0.010070815769138175 0.10919096680583705 0.10206874798376418 0.10422673926857191 0.09770126241673832 0.10958745081120475 0.009728522693516949 0.009704572434412704 
0.0103574766700901 0.010188491257561006 0.010434422001131092 0.10005315365757401 0.09580262386772737 0.010188698671046714 0.01066331483516579 0.009878606241555397 0.09126624504645006 0.09892134709005239 0.01075991408028172 0.010359797716437566 0.009365268586350518 0.09862607244759329 0.09598732970418308 0.010649246633691834 0.010738527042479051 0.009704056691002024 0.09433645225695172 0.09350290558901778 0.10921478536051786 0.09369789653124075 0.09677955848593833 0.009280469609692348 0.00925972649904098 
0.10403662352742873 0.09462836349256587 0.09888172337294932 0.010597201853940856 0.009534472142633218 0.01097494772006538 0.009397967065904473 0.009990905833955678 0.09730658037001988 0.09033831613119601 0.010003962780715006 0.009520947119631796 0.009447602873990265 0.09364716172031073 0.10615272279540003 0.010524074923067577 0.009036938579075676 0.010985148583831759 0.10585615596200817 0.10295140354226656 0.09011491005424908 0.09183518486203746 0.09884759741038632 0.01087805907637827 0.009897704629216311 
0.09437843422647697 0.09737870851480263 0.09083587114154688 0.010213230740142363 0.00933886751883338 0.10301193796396811 0.10743351378767943 0.10971878088562259 0.010351210904009176 0.010924539143658998 0.010395793612220285 0.009368881980008218 0.010181173615404075 0.09260701722124393 0.1010842620324822 0.09594969049544888 0.10446231564764222 0.1047210675685597 0.010883733561362107 0.00916756148170996 0.009537253409619854 0.010075803490780369 0.010926482648585915 0.10981319105912975 0.09336013959772674 
0.09615568085974403 0.09790237329854966 0.09315402318062221 0.010432886196262764 0.00933830337928742 0.009280867975345527 0.01080935931735231 0.009812671754020572 0.09491274570458444 0.10119550852088549 0.009666238627747665 0.010230953087479216 0.010702712470201834 0.1073353605559492 0.09422022744474547 0.09104414561733204 0.10695088868438248 0.0929360855508306 0.00975039810865916 0.009728742003731 0.09891731084721023 0.1064547940504873 0.09797004001474979 0.009320653748998651 0.009091289167967611 
0.09597881017038223 0.0976506521921441 0.09692851467149062 0.010840154375996853 0.010482831290650066 0.009506383141372535 0.010218378167298982 0.010140261572586661 0.100331288605868 0.09769047419995534 0.10812426992034828 0.09673636264998801 0.09165778438397247 0.010974866557682112 0.01031108870704798 0.1062551054059787 0.10252702722962409 0.09294334785342728 0.010032560717851214 0.010624254548074785 0.09951668438478778 0.09643147358722995 0.10034390547929424 0.010898867722374465 0.010100970560657759 
0.010141876926728258 0.010947518748142773 0.010760189291020664 0.10047051013422033 0.09058891076637367 0.09776183125427713 0.10096344394655155 0.09734389024498918 0.009082473860049272 0.010661522744607488 0.09655905368882219 0.10854077598999663 0.10844995678552616 0.009942394655945704 0.009479090661909544 0.009588958320056884 0.010003967027309093 0.009477838300310805 0.09402033915296804 0.09081134804021446 0.010326192225680415 0.010794025914936141 0.009310415514643648 0.10109403115283414 0.09659288816243738 
0.009752888579068848 0.009822196404139777 0.009716100636496252 0.0949120157540522 0.09687416182981874 0.009469667896050743 0.010130862089236557 0.010706483175965903 0.09731692788648014 0.10552415337213053 0.010648718978238754 0.009283871662981544 0.0099509048780695 0.10372484302202417 0.10344804652638745 0.10184341740137903 0.10975294046181748 0.09753485812287169 0.009653055050384695 0.00939313151852895 0.10267739251760616 0.09770536563212052 0.10879363848305018 0.010588097933185514 0.010771021149814191 
0.009848869648303862 0.01052200840984772 0.009368407700648654 0.10261936388064959 0.09273604512096395 0.01029418596800686 0.009982810689842955 0.010302185330423015 0.09768559779615622 0.09034326094155909 0.09730602472726775 0.10953767667150714 0.10545811949712676 0.009975419647810527 0.010144325698689645 0.009321060106366172 0.00966670640543045 0.010856979973039341 0.10547503572571496 0.09577505299949299 0.0922853166646277 0.10199363451480044 0.09559944583572862 0.009943238989322365 0.010311570453478058 
0.009382345762423697 0.010073617085987124 0.010133221462187862 0.10661886563709709 0.10855525835895102 0.010312032347605018 0.009700251722977138 0.01015763002160661 0.10763464005099298 0.09878501473855707 0.09201516793435467 0.09108261793821909 0.10478683039700505 0.00919629622559925 0.009891258950649537 0.10645176095015506 0.1072661820714611 0.10236869773435986 0.00983427505987327 0.010506188904163416 0.009687712226258255 0.01049027389193631 0.010038576508436271 0.09650020678354833 0.0959204857741141 
0.00926976753586071 0.010244128011685854 0.009992630774194931 0.09483902922309301 0.0909815458343164 0.10580656251862758 0.1069700586146273 0.095984131355428 0.00975852582090656 0.009939526467180467 0.10278257426082604 0.09079801618021527 0.09529054255495485 0.010986427926137679 0.009542823771054629 0.09521942636172599 0.10441678245387359 0.09467883115932912 0.009774356626521164 0.010757367147393879 0.010850954574114011 0.00939656926422331 0.009797638250508823 0.09594911793290616 0.1098169038279401 
0.010804855624424459 0.009351706483484724 0.010961000739874618 0.1055329784372169 0.10449249538418642 0.10839382420895038 0.10497203147074921 0.09807045904423231 0.010051407079455668 0.010853312613078562 0.01076635433588121 0.009475174050848075 0.009470330589951916 0.09371843796129598 0.10605192255086718 0.10634983579571466 0.0917417582738646 0.09730075326580312 0.009961624015897954 0.009691726315422084 0.009082162161745014 0.0101396822243753 0.009535356602863126 0.10539408682685147 0.09768465345192456 
0.010854081302482426 0.010685322129836623 0.009558318140428705 0.09588529642292243 0.09690943459813074 0.09415481755193275 0.10272877096596536 0.10266467406246621 0.01055711624723485 0.010837619914032409 0.009183039287263387 0.010680197715897717 0.010300842303697304 0.09722679047323239 0.10082299247860937 0.009293254840545896 0.010655196268898355 0.010340307132497851 0.09779962365179741 0.10209442220468055 0.00907916006034666 0.0099135542834079 0.009427775995355466 0.09572070303456551 0.10662733884127701 
0.010635108757538527 0.010091801365949392 0.010832274308242676 0.10526851302377556 0.09538193208955431 0.0927415091313232 0.10211729313867937 0.09766411680276772 0.010857512976470701 0.010480815071494174 0.10751470360691695 0.10255792552055457 0.09591326456054577 0.010826130696351584 0.009624727064810467 0.10657780267844581 0.10981023341125767 0.09769000782628541 0.009068676688001915 0.010137041313928195 0.10166326775004114 0.10611746601486893 0.09308136866845786 0.010205790891371285 0.00997442762467164 
0.009472814294376216 0.00937275169386514 0.01091651795094884 0.10292466840040056 0.10031373071520851 0.010093137802193897 0.009193798488199177 0.010587032987552045 0.10517393263574092 0.09192855975443227 0.009847536286851947 0.010002979846727045 0.010055084929328661 0.1011779896079462 0.10552334956179421 0.10141722817576522 0.102034445719586 0.09647645718199813 0.010677146719952608 0.010826479580259873 0.09989770845761367 0.09566941678998545 0.09114011887255272 0.009574915726113815 0.009670747353864141 
0.09228849362467341 0.09048903141820158 0.09222161986699384 0.010065909773801937 0.009490185707470853 0.009859999161613316 0.01090412509245621 0.009894459418194062 0.09304843134299978 0.10479191927370819 0.009638148303950666 0.010453599613919893 0.009610811534674427 0.10630655891497512 0.1027938034438558 0.00922542354101645 0.010151828837669907 0.009617860823872193 0.09713004222426308 0.10347993811068255 0.1061739955841161 0.10659086934072899 0.1058739219657609 0.009025700513485604 0.009553929251042257 
0.10640662643146703 0.10490880768247027 0.10159416236529424 0.009704485733352006 0.009544492788387817 0.10543539507372837 0.1068261337911181 0.0990089483535632 0.009235080501157487 0.009823840338536637 0.09529771966825804 0.09356569536074234 0.09201832318596903 0.010468936190726436 0.009496322234276605 0.010191592334615838 0.009632938880804414 0.009281422286296751 0.09433963714515646 0.10515248230768653 0.10978551402575361 0.10294667763093646 0.09574263295387749 0.009385134390380535 0.009814023831739953 
ability 
0.015622821788512037 0.014199556758777238 0.01503105721091296 0.15413411031523142 0.16466592684424788 
0.015859183850362547 0.01613370146776492 0.01361188788842922 0.14829510198833812 0.14796907640984866 
0.014182369828279893 0.013900356702479515 0.01490916411157496 0.13749164962848823 0.13530152962215508 
0.013984710153207531 0.016112475763691604 0.015219724200320377 0.14360612376579035 0.16411998528845226 
0.016181375561537203 0.01436168122397518 0.014374310443934144 0.14892601301226274 0.14251093146989618 
0.014274295706168671 0.015460928422871747 0.015131221389297952 0.14483600545156117 0.13949032843514986 
0.014661471641544705 0.014878525163031111 0.01375041669442172 0.13995621441792971 0.15513700729393223 
0.014547849762634993 0.015851252130079426 0.015974660902151046 0.15720143354572705 0.1364484383930063 
0.015743058323452193 0.015881327773853367 0.01465836564258278 0.1493795350758836 0.13747848107264188 
0.01569518573362791 0.014686589662395517 0.014563958742954998 0.13632721518290974 0.14673916697992476 
0.013952489188403548 0.015260692571383223 0.015170771703166766 0.14447873438161626 0.16060294175165363 
0.014156741832059517 0.014708993018303087 0.016131565985144362 0.14913610344357617 0.13757914846437963 
0.014505908368550115 0.015674272574684216 0.013577548729210583 0.16073400776889307 0.14731386824571216 
0.01577480520416553 0.013983879235463379 0.015990925340274884 0.15170472777052993 0.13541445428624546 
0.014644535030398309 0.014466077448029427 0.015309752825599118 0.1512725121731462 0.15967521904888218 
0.014415287486103576 0.01518751515626595 0.01448092981191548 0.15566321173905015 0.14837882216829976 
0.016014003786844894 0.013693207209132656 0.015426744615132063 0.15971720720712063 0.1557914960640756 
0.015326846586299544 0.01437653689176403 0.014296692297044344 0.13967686213992608 0.1631199095799637 
0.014149440298226177 0.01621004355566919 0.014718424560100933 0.14637373479972157 0.15925097443223044 
0.014257460092565049 0.013653227726764321 0.014087216034252842 0.15240140766607196 0.15469984618972094 
0.014583239331625019 0.013981170480925526 0.014781532708683869 0.15045347799932043 0.16221751907768697 
0.016345455648404807 0.01547156361200708 0.016017698977126404 0.16044929051094597 0.14952782171456397 
0.014782058001104353 0.015903362112958078 0.014416618738134188 0.1530856463252163 0.13908069769146805 
0.015904464370641268 0.015883838955974144 0.016347711470714527 0.15498961181565835 0.13958792856193306 
0.014534999933436623 0.014226876994072853 0.01443213479950662 0.1534049288013232 0.1565581715249181 
0.014523243970258372 0.014614308248364965 0.013702150757257323 0.16028637708464394 0.1484684687055905 
0.014576886602144689 0.015959661102402236 0.014307510461953167 0.13606531389728274 0.14584341875434462 
0.014637728471208571 0.015145587280311462 0.015000738618312784 0.16398224714056842 0.15798346705499142 
0.015697987757647656 0.014573373199233429 0.015901002717445857 0.13773804743791088 0.14645563629030314 
0.01537614988050274 0.013705033023294438 0.016093932872510593 0.14950305629929517 0.16195593912226605 
0.015046001244051336 0.016444252790635473 0.01574213727243372 0.14561690644870706 0.15535943709137004 
0.014073149633006187 0.013601770922162857 0.014079316346289493 0.1597911219395844 0.16298331563550122 
0.014393338866487436 0.014732864646210424 0.014342040238282408 0.14198219250033006 0.1623407095208432 
0.01474289677234533 0.01546790059156124 0.01547865669938984 0.15681761546117243 0.16333741349034545 
0.014488781062532208 0.013627233381044103 0.016293500374651188 0.15055955084291148 0.15168129911657743 
0.013926794088596118 0.01576145327993424 0.01367125662951806 0.13846393044240649 0.16065909855172786 
0.01481837688876148 0.015977954800423643 0.01621192704818042 0.13728416586344397 0.1615401754746824 
0.015420037730392687 0.015294105066423432 0.01571932307109952 0.15443654137884769 0.1430588594320003 
0.014014965490581703 0.014350248080595384 0.01618839525317672 0.1590873941978059 0.15775460759518567 
0.016172771298747543 0.015823772825684135 0.015611326375701014 0.1455866144176549 0.150689122187 
0.1552359676660093 0.14944479997081853 0.14272624949811183 0.01644929195382196 0.015027382524001038 
0.14674661824689533 0.14018513325585027 0.1502304638118108 0.015303037152110281 0.014325557870441721 
0.1454647400501451 0.1384633188321439 0.1432028973052869 0.013897868807034254 0.0148581776702042 
0.15076899611226657 0.13834566626102576 0.1503433893693997 0.014818532669809663 0.013687601905131346 
0.14770219363702933 0.15306478608688726 0.15561259300450717 0.013835528404488871 0.014807432867841946 
0.1382512203078958 0.138837381263697 0.1552928533814771 0.013971328359925365 0.015745930673692062 
0.1400603123326796 0.15694534289843654 0.15035633492977535 0.015081862499808252 0.016177317950283543 
0.16366728816075676 0.1462506094061673 0.1485072704578138 0.015929085288747317 0.015666229999326955 
0.16150259270507802 0.15993357139622083 0.14726298623467035 0.014443518449458835 0.015713132973588114 
0.14606442418937135 0.14563785728094275 0.1503368127247928 0.01535859100253263 0.01546110527581858 
0.13765228338308716 0.16356534558147318 0.15995293594358287 0.016383322730079433 0.01626320706154669 
0.15272628991794904 0.16221930773596602 0.16121454191210868 0.01355535792177282 0.015136152277723679 
0.13761851051532656 0.13675401625186934 0.13726102366405746 0.015166516199288755 0.015884614436913736 
0.14626168850798302 0.15322735658733902 0.14445567820046684 0.01602106048028694 0.016137726663398053 
0.1547335784609373 0.14644482049696264 0.1523708615142581 0.015151915658234257 0.01597159377072425 
0.13621164336070837 0.16405973871482202 0.15662287196191652 0.014530557505822316 0.014325596206291003 
0.15994067407356202 0.15663156018924232 0.14500981999022292 0.016025367599948295 0.01508762505165547 
0.1475095519811279 0.15081392864924306 0.1535425462432823 0.014300763037031997 0.015433133301782294 
0.16100556037148997 0.14326188668701803 0.1539610654330319 0.01359142136519426 0.013758996265377155 
0.1433247654724795 0.14963791023042103 0.15764909186354678 0.013510950144362351 0.013905061619612124 
0.15802846772299253 0.14847423410298277 0.1473418824694779 0.015773059508205955 0.015918835050038257 
0.1379029278974526 0.1427563179934513 0.1443875795458819 0.016266658336755835 0.014305995614544854 
0.15718852490179072 0.14132883470535568 0.15065816075361466 0.016103594921960347 0.015616328362695395 
0.15773791155765485 0.16154713862155007 0.14670943748412557 0.014688245998699877 0.015162247070272566 
0.15270500119431005 0.16335795036036818 0.15396805799870544 0.016290568952596653 0.015753611013554214 
0.13864024570170838 0.14233409759084822 0.15690236567042165 0.014868744606312776 0.016345271332260915 
0.15705784870761366 0.13828137212410957 0.15213475246262378 0.014274559751220436 0.014485565285233872 
0.14338441970490054 0.15443291968351905 0.1518700570297289 0.016347409613431736 0.016239432661668763 
0.15276343932972525 0.1522183753475042 0.16159139629764516 0.01466165334639508 0.014406863570438884 
0.15496465324124956 0.1473896230366475 0.15951498174117998 0.01498239898697714 0.013666404899339677 
0.15050187474581722 0.13935369188910113 0.14639434546420435 0.015038265342412857 0.01379063895761785 
0.14313469033812481 0.13901389874594733 0.14668077313963768 0.01409394150438433 0.013618327530158273 
0.14285872867723984 0.13503265177036416 0.13500493686188011 0.014486713322384558 0.01625765520203454 
0.13584982779696553 0.1531259067780125 0.13618401549897743 0.015717281710617138 0.015060595544528524 
0.14332688997588613 0.15430381874868773 0.14008376149340018 0.015545234048340415 0.01619760106960458 
0.15784093918273817 0.16484475769944223 0.14756124764169765 0.01614728932725974 0.015795922966400824 
0.14782320803341267 0.1446706404235208 0.13736297946954404 0.015396838784685344 0.014861806024778537 
0.14830018543577936 0.14865711765623477 0.13928472946583215 0.014768787859064105 0.016375379045270238 
0.16242816825121298 0.14834028584528505 0.15197696451939713 0.01559093339976581 0.015477998242797386 
0.15425028316457462 0.1403630498917315 0.1431742369089664 0.014364715023771383 0.014554967892645846 
0.13790957876540372 0.15427232831522827 0.1393948721966354 0.0160858657971371 0.015052956967413393 
0.1405927024387948 0.158880362822569 0.155246288710763 0.015164718672432912 0.015350713396191271 
0.13701454694130732 0.1492316519959841 0.14192110220847018 0.01434329757254798 0.015126207926823279 
0.13865250919336186 0.1350000587912511 0.1506411405644155 0.01538472371444325 0.014432835155379018 
0.15835213277601834 0.13977405807684917 0.1364083899733063 0.013511028611005097 0.0164971131281332 
0.1366303042440742 0.14916245310932358 0.15549453048847797 0.014141527371007673 0.01416208931073934 
0.16001183976563074 0.14183194770193214 0.16097074452832522 0.014644626420040588 0.01534281852501613 
0.15262043102766093 0.15069474733246085 0.14482377186792342 0.014058798074844819 0.015157959451146584 
0.14723166282161096 0.1511833556408229 0.1501700502178571 0.0158398556505637 0.014505223213498935 
0.15934395351126707 0.147818178166031 0.13636328116517726 0.014676142832115555 0.015002192384818588 
0.15880590889769483 0.13849064208927042 0.13622132489466443 0.014910815819553417 0.013816066342129046 
0.15354377333342692 0.1386272370099736 0.16285578933994807 0.015610641027232674 0.013960594069759531 
0.1616909388622418 0.1468441349246501 0.15662363420379258 0.01554330762697936 0.013894565218190632 
0.1440996508928489 0.1500823952518004 0.1428956380821475 0.016155267816434844 0.013513413617508635 
0.15111771134963123 0.14406124217326113 0.15210105484146166 0.015545883708492629 0.01616378846508186 
0.1407503386635096 0.15865426389886356 0.15571256244353315 0.01487592607658044 0.013602007921567575 
0.13822475062955103 0.15450385826365728 0.159040260917397 0.01375357043680653 0.014551401196626838 
0.16105116584057189 0.1489927254401578 0.14992393060273454 0.013764446224060475 0.016406303105941076 
0.14105721484727687 0.15108017015572112 0.16033003752911806 0.015413302644298197 0.013603051409670374 
0.15685952557950997 0.16040747825383583 0.13655813002406822 0.015733907713992915 0.016319340857136794 
