file_name
position_num 10
robot_num 50
position_x
-26.13687346634087 -24.82220691819922 14.819456441522014 -7.194081800643026 -12.069040290025132 -1.960082680762607 -17.25941260157515 0.2803542416230371 -10.85430977268311 -29.553915912878843 
position_y
-15.216535522799887 -3.042579391028866 1.0946756380231832 19.406400652529115 -25.699942598781682 18.93964732650796 25.667824488745666 20.506891676926777 17.088588281674944 27.831706515910533 
distance
0.0 30.243662276783613 25.00798363804269 14.859831895908169 20.696936953105542 28.39275934288394 19.040802634551035 30.93096405443036 20.508807979743846 20.24440392063847 40.59603223682445 
30.243662276783613 0.0 12.244735849788182 44.084879143019805 39.46615088263533 17.544393811055283 41.846888050666 41.83706735610315 44.43009307517357 35.737624110636574 43.18364646141913 
25.00798363804269 12.244735849788182 0.0 39.85697370725582 28.543081476187535 25.999987818727995 31.715848027589875 29.689781892350336 34.419706047017556 24.502368508661203 31.234765891131133 
14.859831895908169 44.084879143019805 39.85697370725582 0.0 28.634160349941205 37.95975267225193 24.49481471085469 40.40907674674022 24.253239460331336 30.24809933325438 51.80603241194415 
20.696936953105542 39.46615088263533 28.543081476187535 28.634160349941205 0.0 45.36901389470869 5.2547697812807 11.85395767619126 7.555016521802304 4.332380753556788 23.894517371527588 
28.39275934288394 17.544393811055283 25.999987818727995 37.95975267225193 45.36901389470869 0.0 45.769902912764486 51.629327521196345 47.828642873084824 42.80576999818543 56.31481450280372 
19.040802634551035 41.846888050666 31.715848027589875 24.49481471085469 5.2547697812807 45.769902912764486 0.0 16.71340372133477 2.7341932003990794 9.084805729904781 28.991177090102447 
30.93096405443036 41.83706735610315 29.689781892350336 40.40907674674022 11.85395767619126 51.629327521196345 16.71340372133477 0.0 18.283288774229412 10.706476364583917 12.483476963536425 
20.508807979743846 44.43009307517357 34.419706047017556 24.253239460331336 7.555016521802304 47.828642873084824 2.7341932003990794 18.283288774229412 0.0 11.647555143182387 30.720296028476 
20.24440392063847 35.737624110636574 24.502368508661203 30.24809933325438 4.332380753556788 42.80576999818543 9.084805729904781 10.706476364583917 11.647555143182387 0.0 21.565942112349536 
40.59603223682445 43.18364646141913 31.234765891131133 51.80603241194415 23.894517371527588 56.31481450280372 28.991177090102447 12.483476963536425 30.720296028476 21.565942112349536 0.0 
lay
0 1 2 3 4 
0 1 2 
3 4 
0 
1 2 3 
4 
0 1 2 
3 4 
0 1 
2 
3 4 
0 1 
2 3 
4 
0 
1 2 
3 4 
0 1 2 3 4 
0 1 
2 3 
4 
0 1 2 
3 
4 
edge

0 3 0 4 
0 3 1 4 2 4 
0 4 0 3 2 4 
0 2 2 3 2 4 
0 2 0 3 3 4 1 2 
0 2 2 3 2 4 1 4 1 3 

1 2 1 3 2 4 3 4 
0 3 3 4 
demand 
0.00905850808317096 0.010346308157004505 0.010605621594246913 0.0928147930938477 0.10903956941607362 0.09845697650349851 0.09765025266106481 0.10999796777480955 0.009467185727769 0.009765253802211061 0.10708114400527413 0.10590441833312972 0.09291535053890743 0.009896226963887153 0.010387449666610312 0.09627535826084267 0.09117609534265901 0.10033684974506328 0.010648816919311507 0.01061656367721605 0.09531228131922372 0.10619996409554484 0.09787556381838264 0.010179523860228705 0.009869662695143607 
0.009970612453524725 0.010096624070360943 0.010091164310126757 0.10337514412458502 0.10635937597587644 0.009860189487140054 0.009686604633758991 0.010259273711464425 0.09564891118702458 0.09820668862547266 0.10202253344420636 0.09847239824380437 0.09960987918431126 0.009187749267388199 0.010404218302728956 0.10336863669203666 0.09811567813707288 0.10868003018541075 0.010242544307339181 0.00911572698119507 0.00923625613053551 0.009318760030545327 0.009743048736522321 0.09032712464460715 0.10390819432407641 
0.0926455607417591 0.10290451249421793 0.09889516790712485 0.010303919909935106 0.009641098580643385 0.10274523089512325 0.09340437418647322 0.09450592459839074 0.00994750920142651 0.01032921969512625 0.0995455377013213 0.09693852981586133 0.10715080158041389 0.010097180802425092 0.00996480241291597 0.09347696645795862 0.10629600298031844 0.09028244026690478 0.009157039543893632 0.009761220452875133 0.009088122577869968 0.01046302299520393 0.009959482586240633 0.10122555126023441 0.09213241637583265 
0.010912118720702486 0.010997065416891811 0.010704975619642978 0.10081639294795026 0.10586971251497201 0.010417601856245297 0.009459845863697323 0.009049194092665755 0.09195560277406688 0.10464328650933703 0.009822185323597434 0.010539117776412235 0.009083195467318414 0.10424717258947565 0.10896238159188638 0.09879080010276775 0.10176072285403517 0.10027901935603328 0.009703846532734173 0.010034473838243595 0.009143419926264532 0.010667702633340763 0.009141574514131919 0.0988237871787498 0.09224575071449968 
0.09368840370203961 0.10596525265683157 0.09452268735364189 0.010141908304933148 0.010376623296758224 0.09254575831495569 0.10581578017115004 0.09175653208026972 0.009023900625098264 0.009607804097687526 0.10762128753002163 0.09481863261206237 0.10844526830714357 0.01076845477537581 0.010451938272737616 0.10339437456281504 0.10122406179642163 0.09275775416354526 0.00901556851455139 0.010470832044451287 0.09431115526671725 0.09221371113253865 0.1087665076888579 0.009157437853231584 0.009124530186004034 
0.009948963635130438 0.009424575637433675 0.010927061515065346 0.10397583261944243 0.0939549729942472 0.01034997019363192 0.009000738531789674 0.010133751246142709 0.10288693393589454 0.09193954709842436 0.09054341326084635 0.09308144506221444 0.1048389216178576 0.009301435800881087 0.01033884368867071 0.010946482053132065 0.010558811186157644 0.010411923398111231 0.09833574164628471 0.09233764344576617 0.009300299406001775 0.009050143108972753 0.009828208063591339 0.09561508317851175 0.09563393716022935 
0.10006419087689784 0.1036685670607501 0.10867369749437646 0.01037182078107494 0.009289148562507763 0.010766076117351555 0.01043870598027877 0.010327612078263873 0.09948946543374838 0.09586235066240228 0.09103390546629499 0.10451008581752333 0.09930387074578295 0.010096031797676618 0.010351728464679702 0.10125006028856057 0.10265655860374151 0.10688247354632624 0.010788261392382887 0.009430225285298466 0.09045936379998552 0.09926928631845795 0.09568977550791577 0.010392822105419757 0.009233881790353178 
0.09114831420880565 0.09672912005853265 0.0997075890792841 0.010454553216868967 0.009952035317457142 0.009800944482758454 0.010006608589778377 0.009355511458198837 0.09383053896947868 0.10634158180359708 0.009300245634005817 0.00908707795707679 0.010756043771239546 0.09019461267225864 0.09955093460338352 0.010029416250150407 0.009004319859782178 0.009587398770448969 0.10523869981228302 0.09528967083176333 0.009564335840916299 0.009277164712686435 0.01018070358566713 0.1044292563698563 0.10108020390422466 
0.009423505595526167 0.01091841402618917 0.0095997145018617 0.10079204201277576 0.09587953729952245 0.009184501966546245 0.010317880627100704 0.010109639974952341 0.1038748509126985 0.09778988576165626 0.010350382849661362 0.01000729156629437 0.010833293096572856 0.09237358912452125 0.09487859493913482 0.10601598119730118 0.09156823993308605 0.10847793453939499 0.010905344037122035 0.009295121922764804 0.010281911826263881 0.010817720029222435 0.010592873867395918 0.10385169027601003 0.10012655680078386 
0.09583231260652535 0.09012136821583269 0.10364408989591321 0.010294368956508902 0.010012677032209458 0.00972720706558463 0.010730620841502314 0.009374321675651496 0.1069031510084197 0.10398994396105646 0.009256349166174436 0.01096960765940744 0.010973719401750442 0.10600000875255691 0.10953368799651758 0.00907387603630177 0.010107853651398569 0.010459522171083936 0.10565429248007063 0.10472819463613939 0.10075230176703072 0.10451282293469939 0.09524613773209496 0.010678389853680309 0.010363123393470116 
rate 
0.010846781185558721 0.010647734730277143 0.010925940482351626 0.09602277019009571 0.10897423636196063 0.10620365205007043 0.10601843671486644 0.09836132558537279 0.010479902879605096 0.010403999856322945 0.10567545624938801 0.09223246152053158 0.1034715291179914 0.010093787220198347 0.009936641023141873 0.09417515878704097 0.09684009543017646 0.09110747794450556 0.010632530784869592 0.010781776449890486 0.10041019170143416 0.10868225724239214 0.09894900681799607 0.010984058715139165 0.009041858899058133 
0.01020973250202577 0.009878623558196109 0.010721351666788639 0.09807687422353864 0.09373449491649562 0.01066737034756622 0.009344140370403639 0.010947274950444856 0.10651680899445864 0.10202000234596348 0.10610942398441706 0.10207577499341686 0.1073001769308223 0.010431140305242335 0.01094156131273224 0.09537470277831449 0.0945546104009608 0.10079572887135667 0.00985249890588819 0.009060883833270287 0.009474972522988727 0.009751229053291089 0.009976909499852867 0.10829663719478966 0.10029810566008873 
0.09180872121902538 0.09517661959229216 0.09109450055446057 0.009788657283578622 0.0107060510314999 0.09496307881211075 0.10058635623453799 0.10504303550840155 0.010760199758075444 0.009000611221828244 0.09340443204048132 0.09079714215269108 0.0957725235108996 0.010202933002213066 0.009459073832133121 0.0953968386635365 0.1023088663643192 0.10337799002361914 0.010002640621294575 0.00993260327474775 0.009458030122484723 0.009030375006371924 0.01047364722431881 0.09276920297239702 0.09342387571366717 
0.010442962030191886 0.01006515234921809 0.010676588649975338 0.10901470769480115 0.10757311087275839 0.009358279924964883 0.009801157114954395 0.01004608652385119 0.0953906100993206 0.0980250843725329 0.010188417806798225 0.009135445784603523 0.009368954036838538 0.10264743592545145 0.09614187260713401 0.10258113790316864 0.10245889956355014 0.09959668019689263 0.009278930200967022 0.009947106767977524 0.009034924198916798 0.009688152243382209 0.010573403509187064 0.09674685328231565 0.09130659626508736 
0.09864935850488715 0.0928225116723789 0.09310411811696917 0.010285719030953058 0.010881341435190262 0.10493652900190165 0.09707963148973894 0.09083982642545793 0.009256462739133074 0.009450139892536851 0.09916609932408516 0.09245681178864552 0.09680352323180019 0.010486616256698373 0.009211841771174286 0.09592934247087691 0.1040224614892914 0.09104678623256601 0.009789194410624154 0.01052783184798805 0.09718312740404574 0.10961158902657282 0.09898089884225326 0.009717278089619825 0.00933966138362359 
0.00967241422213164 0.010041696117636396 0.010621037958367763 0.1078249866747517 0.10272458065215904 0.00911516462755341 0.00955829546420465 0.009379440208799692 0.10743638635794471 0.10129713125310343 0.10278356713227671 0.0969833538161198 0.09783339438404892 0.010013146208600497 0.010220801684109888 0.01087287439422856 0.010726113726094331 0.009532222015130364 0.09024855807156704 0.10161389036225646 0.01028853988803805 0.009747572660612144 0.010016788341682369 0.09944803880210806 0.102166459862852 
0.10084109448820844 0.09537974144816506 0.09257509050126157 0.009562025300486108 0.009458281468546922 0.009777587164853649 0.009235354959232264 0.0093933752819575 0.09424356154469664 0.09127631062543624 0.09931939459882463 0.10236916319555461 0.10475594733070932 0.010208413937791594 0.009468318793799911 0.10962356999337171 0.09249763589948873 0.10251412193262997 0.009564642854923491 0.009341188082460069 0.0905751629080576 0.10696817381164403 0.09224331030711053 0.00973766275926397 0.009319019648194515 
0.10017092814991285 0.09649933634363188 0.10865909252841205 0.010031830123512542 0.010517013278009782 0.009856110355808731 0.009079708008750409 0.009775508014579506 0.10588581027193023 0.09974584643294178 0.010158924955976758 0.010540672172859977 0.01090806224182507 0.09072884267746395 0.1099084293264911 0.009618764124778384 0.010052661541769037 0.009365365768784497 0.09863675703808977 0.09918537468327651 0.009982519549982957 0.009797875682817614 0.010966036983582797 0.09398206019868532 0.1099890990659776 
0.009891105219697811 0.009595203299165224 0.00929343274104918 0.09225839230548538 0.10648840578425683 0.01047210787052683 0.009562557302704668 0.009173807258223527 0.10266703050846396 0.09506054547088821 0.01091594572164707 0.009837107581243416 0.009128231734973213 0.09095122509113962 0.1084111848602921 0.10286395720947245 0.09876275651234702 0.10556333707222439 0.009057376973024516 0.010469354299181673 0.009124968943837531 0.009110861206474972 0.009464736463909385 0.0950903685520767 0.0973274736965855 
0.10306514455998912 0.10497201186307344 0.10446535602556065 0.01015956015462737 0.010598490756782564 0.009084760094494871 0.009476122948233513 0.0102167479838847 0.10939158133354657 0.0952521983473908 0.01043569172833451 0.009421006743585689 0.010859367310605774 0.10320792950965507 0.10994716696436505 0.010862773543617473 0.010809990107142632 0.009168672087528857 0.092437483547699 0.10623432517302119 0.10967800891830648 0.10309148482851282 0.09414674644204435 0.010112577506014516 0.010053933962024555 
ability 
0.015551906556098602 0.014372257016502568 0.014679759701797142 0.1361894527714589 0.13788326369803858 
0.01458940328204391 0.01575984432253927 0.014302938981834991 0.13876753256211954 0.1550551962134156 
0.01643189634555277 0.015906488354992542 0.015413367092743034 0.16192009203956093 0.13753568782221068 
0.014173259493153172 0.01592954458334977 0.014074848652050317 0.15652878535835693 0.15735594649111656 
0.01617469529971219 0.01643075632933428 0.016256341770215343 0.14865975133127773 0.1515896934487845 
0.014969310461623439 0.01442390680104392 0.015057793145649485 0.15647455115304765 0.15863103477375362 
0.015300360796679466 0.014112572418562033 0.014974406998598042 0.1359340036903855 0.13785362442214935 
0.01585464584592411 0.01638030083753803 0.01588794518457479 0.1511933515419326 0.15015399172151775 
0.013981358862140933 0.014728341763414664 0.013760083353746802 0.15786100849166607 0.156309147667908 
0.015352914771550036 0.016257138863507197 0.014801131865342373 0.1435274690067699 0.1499405592640325 
0.1605382612658363 0.15519006376476793 0.13996675424020635 0.013710450484609062 0.015925257970716145 
0.16378660866350347 0.16340581498050777 0.1497780493191152 0.014454678248042089 0.014190289417355692 
0.15794965780497963 0.14326532333953387 0.1455293214346191 0.015466626649804326 0.014019219905904186 
0.15216264496619028 0.1505460551783012 0.1470165007109588 0.013647264598669365 0.014360239908822065 
0.16365884217065002 0.15920422971639817 0.14454310849334698 0.015228989733782481 0.015226515063372213 
0.14130614924341067 0.13813735535622781 0.14469179839430613 0.014241297278348728 0.014887083916978128 
0.14832374177879704 0.14356936608146317 0.1513393383305077 0.015963615962296424 0.014925001021795689 
0.15737961253141827 0.15197430910274468 0.15544025339096781 0.016396608638501443 0.015591594944962702 
0.15642035110980504 0.15184298322110681 0.14884354503224817 0.016316789470403766 0.01449922972364279 
0.14475920582199814 0.1450371941288591 0.15212817132382953 0.013672570961685717 0.015593622613410652 
0.14518675156544647 0.1511895963400203 0.14223558307880485 0.015587702039263312 0.013808028857096956 
0.13519395432606024 0.16262149500254947 0.1454214938350774 0.015690474292601148 0.015378490806562213 
0.14803212474933508 0.14845979041773288 0.16330125009425714 0.015308213470925595 0.016476970113260814 
0.15320667802226237 0.13728178739717262 0.14003909520521787 0.016265152303970715 0.014137201868511666 
0.1580080749982483 0.15724320887215731 0.14318588735626084 0.014825158493993226 0.014798386839523706 
0.15231943018714653 0.15633458279334242 0.15026366581697714 0.01640361489884043 0.014776786170036563 
0.14142890767789731 0.14794190275357638 0.14930955913814906 0.01477730120669241 0.014787976108073827 
0.1475526237722652 0.14833805781027146 0.14108499819022075 0.01609421178734736 0.014472499069278536 
0.14953627321743623 0.13854538895275534 0.15513008409154536 0.015277980247770682 0.016276780913392276 
0.13531790418035988 0.16201946934911984 0.1478187145939606 0.015109973853235894 0.016158360280660686 
0.1557467185851785 0.15720531062927814 0.14017155405076848 0.01490767263825827 0.01646907366899346 
0.1491790559292054 0.13982619633977975 0.15944639011397352 0.015541683805177018 0.015328446731177304 
0.1574215328968014 0.1458022384131686 0.14988493553514504 0.01387354424724635 0.015233281042962702 
0.14776470647342735 0.15609035782931155 0.15558796244921744 0.01420341957807695 0.014564535701179541 
0.1455705086496458 0.14992509946963495 0.1470475391093645 0.014650419018111073 0.015894064930037245 
0.14852522268652826 0.1356799435415363 0.14669791256957412 0.014396658471351135 0.013787663636236932 
0.13682560307407804 0.16172886661345015 0.14010784867412324 0.015920402498514705 0.016073043615673435 
0.1421740776855133 0.15242687002206678 0.1513843938155781 0.014225492487135435 0.016215606796109908 
0.15936630067877303 0.15281613976921235 0.15378507112956774 0.013514417874825914 0.016137975251441138 
0.13847100250444708 0.13981955275444435 0.13796095654878843 0.016223266704563206 0.014722265247696086 
0.15014130531994682 0.1463561035368896 0.15800891556827373 0.015465876202493819 0.01451345679999597 
0.1389803837170248 0.13709263034071736 0.15316387613690577 0.016355198998892064 0.016385432385962673 
0.15866850976954466 0.15729050914247553 0.1447619156121157 0.013992002079241946 0.016327210893208686 
0.14663935109052068 0.1438339048287348 0.15235298208974987 0.013772283980877915 0.016380051889755103 
0.15225087117983363 0.14382264403762052 0.16007283856540214 0.014002664476233053 0.015087185447521379 
0.136278604276955 0.1360557258772757 0.13759825099461914 0.015372426238173944 0.01582528674590397 
0.14835661893128826 0.15177293687052737 0.15495304985176275 0.014058710307709272 0.015491057799004322 
0.14592956273792965 0.15531788960912632 0.146100775350452 0.01420437321511668 0.01604811718881818 
0.144315246845766 0.145410685467827 0.14713085186331082 0.014428352054403617 0.01400204412944466 
0.14366561320231236 0.14424029434073896 0.14147327012021255 0.014604595413664335 0.015116272821006946 
