file_name
position_num 20
robot_num 100
position_x
4.771782009847534 1.7123687769911626 -11.763019425924846 -3.0731846285147597 13.6794406669934 18.760501524792126 -22.43493221275213 -20.846427908432638 28.843617482916287 -21.72258450339777 18.599618789999653 -3.8620989533868517 22.628579771565803 -25.65043471611046 1.8313598682492795 16.421206738966383 0.3187761426447864 10.459631653741639 -12.039549387802605 4.94636112608282 
position_y
-17.080549903796644 28.9851017094892 2.228534494007107 -18.8658407932225 -8.046586446339901 -22.733753822351467 8.237771113029119 12.373437360754792 22.36510165006453 13.150414456349765 -4.573694425236855 20.126276556017835 -28.015903922746507 -8.25414902198878 17.094709989795852 19.099897103431545 23.376511925332203 -17.19918481044386 7.0448742943821046 22.013916080263662 
distance
0.0 17.734573255807202 29.03563892766694 11.972259269062995 19.114507908815167 15.870559234009804 29.475073881451216 23.899520001486227 24.242019483986926 36.498658075585645 25.39299269249353 19.153707208494936 20.49348228913439 36.01310171433003 26.94579331180738 17.19252711506543 25.188531122825477 23.378685335670998 20.129973981000493 13.949229487143146 22.56277885320233 
17.734573255807202 0.0 46.16713406619477 25.421258796564906 8.045543183457806 12.686957022977948 15.087842397525076 37.16480428982841 39.03626576912073 46.210525744154026 40.19779425643423 18.644851943099702 38.19544260377214 20.93913068450239 31.676752091203056 34.30152286947903 38.00965459146206 40.70138957209319 5.68908672922302 29.405049840183676 39.09485577984236 
29.03563892766694 46.16713406619477 0.0 29.95830396360747 48.08964774038972 38.91730639819585 54.456210368607636 31.836203793292725 28.015115568730064 27.927209977538865 28.28311078468471 37.56823140652165 10.466779522699557 60.71739886931695 46.21130608459339 11.890987096433623 17.721940759839676 5.7791331354671795 47.00535000603919 25.89379910785209 7.684798994840661 
11.972259269062995 25.421258796564906 29.95830396360747 0.0 22.81416002321283 27.438966560686925 39.430967135208206 12.247475138698704 13.617171653314792 45.32527217653381 14.781082451709695 31.11527145472007 19.564092497011917 45.79856057242019 17.399625201095944 20.144734355792828 32.84803617893198 24.35583571952612 29.517494784976904 4.824271747372072 25.897195271797138 
19.114507908815167 8.045543183457806 48.08964774038972 22.81416002321283 0.0 19.942585562414866 22.173646570693112 33.308903432572286 35.941350507023365 52.14089442828822 37.05186521484513 25.961044967826222 39.00009745101821 27.28194180316942 24.94674775928737 36.29346730940404 42.67819758173905 42.3783171099546 13.635059907981178 27.418257664330532 41.65894425145005 
15.870559234009804 12.686957022977948 38.91730639819585 27.438966560686925 19.942585562414866 0.0 15.54123756242188 39.61600976396637 40.11250395038815 33.98268723008174 41.26277054965694 6.02238588537388 33.18758535963392 21.882886719683608 39.33042308281579 27.79319710114728 27.284589978803673 34.145548286826056 9.702434070706985 29.819769226596126 31.30336228617958 
29.475073881451216 15.087842397525076 54.456210368607636 39.430967135208206 22.173646570693112 15.54123756242188 0.0 51.539296829189475 52.926588137680106 46.212292654085495 54.09763199457044 18.16077202546976 48.46405117641367 6.546994654516457 46.71177809683764 43.27704202995883 41.89900535663415 49.66139186926346 9.976767751315137 42.84168330881903 46.831447091336614 
23.899520001486227 37.16480428982841 31.836203793292725 12.247475138698704 33.308903432572286 39.61600976396637 51.539296829189475 0.0 4.430246182484548 53.18901321695853 4.964020938482739 42.98799861863325 22.051909145200046 57.83639914414094 16.802466666799624 25.832117559875996 40.34582153416426 27.329703937374635 41.58234070635688 10.46360295964988 30.65154800439268 
24.242019483986926 39.03626576912073 28.015115568730064 13.617171653314792 35.941350507023365 40.11250395038815 52.926588137680106 4.430246182484548 0.0 50.68465217661638 1.1710438872988886 42.93245713800539 18.67013512647441 59.34117610977276 21.179608149957897 23.164034054584622 37.86980133142854 23.854423329801847 43.065175575990324 10.293429633967763 27.535555126423805 
36.498658075585645 46.210525744154026 27.927209977538865 45.32527217653381 52.14089442828822 33.98268723008174 46.212292654085495 53.18901321695853 50.68465217661638 0.0 51.39894204551999 28.82079532572186 32.78225473352317 50.7629039386157 62.50712148858151 27.521611320810514 12.84437033967624 28.542766583367126 43.62686899258829 43.65939417363516 23.899836666568536 
25.39299269249353 40.19779425643423 28.28311078468471 14.781082451709695 37.05186521484513 41.26277054965694 54.09763199457044 4.964020938482739 1.1710438872988886 51.39894204551999 0.0 44.04570483123647 19.174451650979076 60.511912392800184 21.76197015418713 23.881912878113564 38.60498872048771 24.298037957292816 44.23565544263818 11.447217553591313 28.1032795599609 
19.153707208494936 18.644851943099702 37.56823140652165 31.11527145472007 25.961044967826222 6.02238588537388 18.16077202546976 42.98799861863325 42.93245713800539 28.82079532572186 44.04570483123647 0.0 33.38588519806518 23.785914166079767 44.40284879748551 27.398800286878803 23.773607528735035 33.39765325493304 15.022063707939749 32.76812118080862 29.88833346356911 
20.49348228913439 38.19544260377214 10.466779522699557 19.564092497011917 39.00009745101821 33.18758535963392 48.46405117641367 22.051909145200046 18.67013512647441 32.78225473352317 19.174451650979076 33.38588519806518 0.0 54.94930027360292 35.779604962854926 6.4502611729372035 20.30925760805009 5.295634666832641 39.97876978850632 15.427047051787156 9.00844892004755 
36.01310171433003 20.93913068450239 60.71739886931695 45.79856057242019 27.28194180316942 21.882886719683608 6.546994654516457 57.83639914414094 59.34117610977276 50.7629039386157 60.511912392800184 23.785914166079767 54.94930027360292 0.0 52.166945441139994 49.673854725331765 47.52294378828234 56.02595599061983 16.28142225509644 49.306564964529116 53.06263983030116 
26.94579331180738 31.676752091203056 46.21130608459339 17.399625201095944 24.94674775928737 39.33042308281579 46.71177809683764 16.802466666799624 21.179608149957897 62.50712148858151 21.76197015418713 44.40284879748551 35.779604962854926 52.166945441139994 0.0 37.38734661320965 50.18233607711147 40.9255253428819 37.20148597155583 20.47721450430224 43.03858362961133 
17.19252711506543 34.30152286947903 11.890987096433623 20.144734355792828 36.29346730940404 27.79319710114728 43.27704202995883 25.832117559875996 23.164034054584622 27.521611320810514 23.881912878113564 27.398800286878803 6.4502611729372035 49.673854725331765 37.38734661320965 0.0 14.726995860380498 6.461342359314495 35.362668091848384 17.128961471567333 5.82252706277954 
25.188531122825477 38.00965459146206 17.721940759839676 32.84803617893198 42.67819758173905 27.284589978803673 41.89900535663415 40.34582153416426 37.86980133142854 12.84437033967624 38.60498872048771 23.773607528735035 20.30925760805009 47.52294378828234 50.18233607711147 14.726995860380498 0.0 16.660663415490223 36.78537379566788 30.908545974117267 11.83907042114586 
23.378685335670998 40.70138957209319 5.7791331354671795 24.35583571952612 42.3783171099546 34.145548286826056 49.66139186926346 27.329703937374635 23.854423329801847 28.542766583367126 24.298037957292816 33.39765325493304 5.295634666832641 56.02595599061983 40.9255253428819 6.461342359314495 16.660663415490223 0.0 41.82372671212612 20.480493100147104 4.824024276052022 
20.129973981000493 5.68908672922302 47.00535000603919 29.517494784976904 13.635059907981178 9.702434070706985 9.976767751315137 41.58234070635688 43.065175575990324 43.62686899258829 44.23565544263818 15.022063707939749 39.97876978850632 16.28142225509644 37.20148597155583 35.362668091848384 36.78537379566788 41.82372671212612 0.0 33.07548260295651 39.59878070567272 
13.949229487143146 29.405049840183676 25.89379910785209 4.824271747372072 27.418257664330532 29.819769226596126 42.84168330881903 10.46360295964988 10.293429633967763 43.65939417363516 11.447217553591313 32.76812118080862 15.427047051787156 49.306564964529116 20.47721450430224 17.128961471567333 30.908545974117267 20.480493100147104 33.07548260295651 0.0 22.640524904983796 
22.56277885320233 39.09485577984236 7.684798994840661 25.897195271797138 41.65894425145005 31.30336228617958 46.831447091336614 30.65154800439268 27.535555126423805 23.899836666568536 28.1032795599609 29.88833346356911 9.00844892004755 53.06263983030116 43.03858362961133 5.82252706277954 11.83907042114586 4.824024276052022 39.59878070567272 22.640524904983796 0.0 
lay
0 
1 
2 3 4 
0 1 
2 3 
4 
0 1 2 3 4 
0 1 2 3 4 
0 1 
2 3 
4 
0 1 2 
3 
4 
0 1 2 3 4 
0 1 
2 
3 
4 
0 1 
2 3 
4 
0 1 2 
3 4 
0 
1 2 3 
4 
0 1 2 3 4 
0 1 
2 
3 4 
0 
1 2 
3 
4 
0 
1 2 
3 4 
0 1 2 3 
4 
0 1 2 3 4 
0 
1 2 3 
4 
0 1 2 3 4 
0 1 
2 3 4 
edge
0 1 1 4 1 2 1 3 
1 2 2 4 0 2 0 3 3 4 


1 3 3 4 2 4 
1 3 3 4 

0 2 2 3 3 4 
0 3 3 4 2 4 1 3 
0 3 0 4 2 3 
0 2 1 4 3 4 

0 2 2 3 2 4 
0 1 1 3 3 4 2 3 
0 2 0 1 2 3 1 4 
3 4 2 4 

0 3 3 4 1 4 2 4 

1 3 1 2 1 4 0 3 
demand 
0.10124331072017133 0.09068337161187175 0.10262393423575616 0.010332927519471444 0.010882441146543874 0.09175472414100388 0.10654255910135896 0.09070467974314639 0.010628135921969286 0.01004883161528114 0.010566366229379022 0.010772012629668119 0.010283936492334675 0.09388629596827566 0.10577625894109988 0.09493059096969904 0.09845532360348197 0.10010637454157877 0.010151232192145691 0.009431081338696108 0.010492908740153685 0.009566915825147126 0.01090313416099369 0.09652741882749571 0.10301143474314818 
0.09304866828956229 0.095377140052254 0.09814421200262535 0.009090437307218136 0.009461429768094632 0.09929646911275698 0.10337027879752583 0.10247670636653097 0.01076044517976801 0.010085393915298273 0.10692097448173324 0.09619393852211588 0.09950949353935315 0.009553915029676377 0.009454813492902956 0.10417598199571415 0.10893689671085992 0.10069484461604972 0.01012510611842105 0.010672684405270782 0.10016621533091896 0.09434260104678195 0.10009307729023922 0.009248354653312458 0.010944413451602878 
0.009845970822137 0.009745885032262851 0.010112303989722406 0.10784867131354692 0.09021645568698983 0.010775544959277518 0.009069170077159279 0.010016180064915075 0.10767215755011138 0.091460465538898 0.09275736225557793 0.09955560947119478 0.0954948036484025 0.009463462683340227 0.010967540148327199 0.10538812759257175 0.1072568588766564 0.10444257902287678 0.009050642922493288 0.009080110535938412 0.009693428599209141 0.010158011048040254 0.009967981409057976 0.10255705264218509 0.10880996813948117 
0.098799467863406 0.10188947016733008 0.1017778399845895 0.010759746551810768 0.009242792300149514 0.010061925183057492 0.00937005326116402 0.009407447861254654 0.09115417117985798 0.10915723847212076 0.09333906151806515 0.09816937441287524 0.09654076534558527 0.009360333167443554 0.009752974792917792 0.10990623400747693 0.09844468972295983 0.0935801382493481 0.009660793256702542 0.009854827305736549 0.009941601279946161 0.009868706975792818 0.010193553611669475 0.10537750442470384 0.09505896817376655 
0.010757617076866566 0.009093127229844317 0.010838430448438373 0.09829192240993499 0.092167582958888 0.09031063592884643 0.10772351504348131 0.09823423952610374 0.009129084545202391 0.010472860920095617 0.09757990298686613 0.09063589879704945 0.09178931902511273 0.009706149050781921 0.009156714515510235 0.10155887623700124 0.09919844916909056 0.10214162492203066 0.009709436037362016 0.01087850025115469 0.10937733688879742 0.09126657762860567 0.10286081498332433 0.010671840027476818 0.009614086237707114 
0.09536707093065434 0.10357516396450789 0.1085005821283752 0.010802705259634256 0.010793213121010415 0.010643743161447495 0.010947668566857421 0.010544328842832643 0.09690865765228346 0.09983141552157826 0.09923065510809495 0.10624550492980994 0.09122960282492366 0.010530497249050932 0.01044555164214692 0.10810470658501609 0.10683121454465352 0.09856114007412733 0.00925986940160979 0.010439483051570967 0.009902712863462953 0.00900848427598588 0.009159764486790706 0.10136355993569575 0.09451574554978558 
0.10769789113367544 0.09556241870677601 0.0963001327484081 0.00950506540241487 0.010785177703476543 0.009140707916167218 0.010846444362693216 0.009177588618315049 0.09594533356753236 0.09786481227803208 0.009848235801944194 0.010598894949644657 0.010207516841915785 0.09311501162341096 0.1020295894187197 0.0912009539954478 0.10723409133434664 0.09274804873434246 0.009983907354464775 0.009871085362188104 0.010858677715931098 0.009159581501277872 0.009096701089490329 0.09752580046699577 0.10987852591344954 
0.009266046275244483 0.010841308757764937 0.009476242483376527 0.10948632139860447 0.10950213864933088 0.10578561150872148 0.10431527962070926 0.09699922842789255 0.009613204393880437 0.010354053535299872 0.10141458909901124 0.10621579603194803 0.09927830137857216 0.01049268256889466 0.010762296719414723 0.010395690330664712 0.01093043206826792 0.010301915763416089 0.0993759606486952 0.10897966536196242 0.009596575237731778 0.01093261742508616 0.010254926973039612 0.09856332862961122 0.09407410412976315 
0.10344290184607002 0.1052229613258011 0.0948674532245119 0.00992667795962175 0.009182477490390875 0.09656824317259582 0.09383096123614364 0.10914369276312706 0.009898129752467231 0.00955176601750674 0.010807156125741783 0.01058929707993579 0.009743073355308683 0.09869492150750526 0.1050156572217224 0.010557597452982468 0.010694433753127609 0.00998110358791069 0.10001323511284937 0.092755318132489 0.0989780754250705 0.09227693616521898 0.09282589105994789 0.010409703646319986 0.010157993972339702 
0.009549085152321498 0.009397827680485677 0.010894990770486555 0.10867779594853047 0.0903538277925986 0.09748764085557907 0.10200073289091383 0.09575946830019354 0.010041351128085104 0.009727950182131557 0.10925922444698855 0.0961956458838095 0.10465712699531315 0.009957994654903367 0.010074553913988281 0.09177118992896732 0.1023911786448407 0.09285278145487436 0.009775818177611155 0.009063101809760764 0.010325233511279532 0.010506233862913132 0.009937595313073852 0.10611681240354186 0.09282553386983165 
0.010738061905826421 0.009341854228179076 0.010470113001273887 0.10137325646643452 0.10400346877066309 0.09686131226373348 0.10959006112361694 0.10042789956196606 0.010659526519769178 0.010476295103389339 0.09413490374115863 0.10727202187510486 0.09674861929445763 0.009382444348562433 0.010839433516211921 0.10124891767411884 0.09020703589296855 0.10570909499455561 0.009677722755153806 0.010335827156607233 0.09400856619869025 0.10026788147861132 0.0925353385299716 0.010448614214597559 0.009770405307344006 
0.010886724817244668 0.009800198738786594 0.009273833614668766 0.09989606831010081 0.09184286738793859 0.0945166672681769 0.09395164603778572 0.10111253401635066 0.010052145196964925 0.010985480625246949 0.01077530718822406 0.009850851891517208 0.009549909742365243 0.09105557673911871 0.10623020903097267 0.010948173433845729 0.009943939478781092 0.009344704325737032 0.1011599706735415 0.09471355074693534 0.010445580795108586 0.009604353939871624 0.00994905447147126 0.09404185141590904 0.10736440521883117 
0.009765733747694664 0.010231337006151671 0.010141819964075932 0.10025158892532032 0.10422444876632396 0.009281030051444535 0.009629365284903442 0.010925624759234432 0.09456596958981918 0.10219571223464502 0.009350317169866434 0.010552305729110412 0.01076296857176753 0.10882158818767443 0.10961237428146885 0.10810063768325905 0.09776653346946121 0.1045690960143244 0.010326392784970799 0.01069602880986857 0.09740473870547173 0.09510380637618837 0.1016593003783418 0.010745372708389019 0.010983458851772718 
0.10639048459441387 0.09305022760546955 0.09849068471393241 0.009115102071392121 0.010995748447145024 0.009991672893404333 0.01045132397782395 0.010113128446147037 0.09775266990794661 0.09049693423942877 0.009446551336528509 0.009596053376919999 0.010200257270058645 0.0985320744311786 0.09188152434538119 0.009611162342473552 0.010637034608984972 0.010867980489037405 0.10039468539631591 0.103423294398722 0.10121022798467233 0.09355239605847882 0.10348340241490075 0.009896217654793524 0.009820456678598469 
0.010754481715036724 0.009498240143718428 0.010392484674080701 0.10768746738570137 0.10745678254339848 0.009921760649968506 0.010642113975798855 0.01070764874887324 0.09159876711719878 0.09039137143302733 0.09378801807650383 0.10488078696514805 0.10372759377706471 0.009565559520095648 0.010579254481070683 0.00978002961998612 0.009824062472161037 0.010587903221765546 0.09792856714634142 0.10999059327475631 0.10341959849075524 0.10577022328985959 0.10380687780409295 0.009984342002921158 0.009053569562703432 
0.09030839361392773 0.10971725063481241 0.10321850667270482 0.00953725504738034 0.009560487124603138 0.10392907542976385 0.1086429378859613 0.10775259419021477 0.010373337476790319 0.010739618586340245 0.010851122857393541 0.009545782196992127 0.010103101767287076 0.10759541303762965 0.10884198717926351 0.010380022445871481 0.01083616351710053 0.010079657251148599 0.0974477038250296 0.10718336038926451 0.009995548509574365 0.009882705136083842 0.009427916425625647 0.1055769559227162 0.09414960100257194 
0.009101817062945765 0.00978972641925467 0.009783208428113668 0.10031491702522206 0.09548127992183919 0.009317027817134322 0.01046279396571183 0.009414403421283479 0.09864642554752645 0.09664365660889096 0.10691295175768067 0.09894802762448521 0.10141617901871768 0.009598868469082717 0.00982221888562552 0.009249162223460353 0.010747482043364344 0.010405161011162385 0.10976324764340442 0.09267600852382657 0.1009755793492873 0.10763321923536787 0.09960317167260131 0.010960962722119385 0.009700832231694595 
0.09504351401131778 0.10424552507530604 0.10339444958544149 0.009144224654297041 0.009269333082591764 0.09761810970774895 0.09174035779580159 0.1051610922145462 0.009303797032993878 0.010979947346592356 0.009994700094522945 0.01095366648600142 0.009547343804858843 0.09678995468073204 0.09584718229122453 0.010994664586371203 0.00951906539387559 0.010630415680474934 0.10957986199912183 0.10887002411001341 0.09683972129678874 0.10171431340160693 0.10421664076772122 0.009331166636682322 0.009944516838413499 
0.0093952455022948 0.009237635596721807 0.0093388133415432 0.09335904494076075 0.10379726639590317 0.1055653464427469 0.10398525078272952 0.09096132642597471 0.010173241850952551 0.010692819469017751 0.009354692396655807 0.010461501286552715 0.009623912546847725 0.09079824301775424 0.1058962431432644 0.009747081595787915 0.00979632014554945 0.009803043003246447 0.10309828511286989 0.10644320660230294 0.10326569023002062 0.10439048310877726 0.10742143857225916 0.009834217206125439 0.009984998713724925 
0.009042466379187772 0.010119076387842223 0.01096185811396051 0.09954756987606472 0.09364774906758552 0.010760658036940832 0.010923610910417294 0.01061158053748047 0.09621673410711308 0.10756463929451066 0.00939563675140871 0.010738430294073594 0.009260939128280627 0.10959294175647319 0.10549074668220292 0.00996586551573112 0.010927414805877462 0.009627448698579164 0.10068920177212876 0.10650187522248122 0.010318366099014119 0.009445605142158944 0.009955553099189418 0.09120055124713261 0.09173359020543434 
rate 
0.10340403964035455 0.09434401675200697 0.10354157234704675 0.010422947237130114 0.010520614442980048 0.10630647805181535 0.10130485515975576 0.0913565344538026 0.00957423013649701 0.009903778427655444 0.009397036842475228 0.009888149533664518 0.009087107333588086 0.10379794875967492 0.1029021632895783 0.09247181086868576 0.10613352138723618 0.10993488918303616 0.009900355082069242 0.009699801905744841 0.010530496445924985 0.010751510531232564 0.009686578621989126 0.10856524893028677 0.10551850005018455 
0.09510118246658157 0.0900082603740451 0.0941410750211743 0.009969512640567713 0.009344700578431037 0.0996372749131471 0.10059096023411702 0.10469732377819559 0.010846699229482767 0.010196755599241108 0.10443060886422746 0.09140203928964157 0.09295060477386702 0.010940306383353462 0.00920133873161523 0.10692404175761963 0.09928529400272734 0.10374228306663286 0.010701306499658883 0.0097527956279686 0.0983915333038134 0.1076476234486177 0.09550257556096065 0.010219308160937727 0.010318649088589522 
0.010052547003590682 0.009537262089128142 0.009740707854245205 0.10424753147779615 0.10517941317153766 0.00938850611923272 0.01031478902468447 0.01002509166435286 0.09227887944352542 0.0977707394887681 0.10619060808818687 0.10937204076199603 0.09107924821853498 0.010515899217440087 0.00946489046694356 0.09876768427787681 0.10304040477642361 0.09323199036475764 0.010203696170532019 0.00966511160513107 0.010410163878925564 0.009635564927761539 0.01088187054005393 0.09264645720302371 0.10300324400003845 
0.09421441975543281 0.09969542538276956 0.09233695825340894 0.010587167864208618 0.009177111390643535 0.010932152272464269 0.010228183583357179 0.010477898870368922 0.10694127503410096 0.10199287252475009 0.10950493145157014 0.10464541512699542 0.10390041469224942 0.010725710558150716 0.009260251821160257 0.10693004746113606 0.09401820570542599 0.10585843033369394 0.00914470142598437 0.01035210225332585 0.01060305732963614 0.00919480762860009 0.010604983240460717 0.10891913337460304 0.1073848046943369 
0.010605705460165062 0.01054361522619133 0.010985026705257514 0.10205194689693986 0.0907344081552201 0.10010562936256447 0.109138877712363 0.09424364769105098 0.010308066216432684 0.009929795092307485 0.09699087449143029 0.09697083064537315 0.10097306082769189 0.010130538018221499 0.009751317367129593 0.10117735659214633 0.09536747181972387 0.10232122800849573 0.010904500256876675 0.010107221952994015 0.0934961710207165 0.09666263907197387 0.10360569894948564 0.010238479099531603 0.009442823276073284 
0.09527905712309431 0.09483682121488543 0.09474415180344675 0.00931366545108119 0.010059003949136091 0.00920778314942969 0.010312643647657008 0.010728582995010337 0.10351005700243548 0.09460621129244219 0.10761995730285584 0.10723301726666255 0.1086001987521934 0.009852032976233 0.009559754201320367 0.09589234414210389 0.09352716129327121 0.10628298993138895 0.010482467091017087 0.010254339508737118 0.009916822185696965 0.009483151773669062 0.009857479967502879 0.09158284332723364 0.1027659498694543 
0.10289826655460671 0.10735634663899525 0.10887325831853197 0.009933484458971424 0.009276913903698248 0.010843236070554882 0.010685920677452226 0.01045943438748619 0.09267412205854766 0.10775998973065222 0.010130570083050992 0.009606554101501193 0.009840049012893187 0.09098273322713551 0.09719453449763618 0.09577225535414707 0.09162341179881953 0.10130070835098935 0.009234634045767144 0.009513692581949201 0.009567186574973586 0.010127262297653572 0.010401272543036067 0.09920612925162904 0.10626382484090265 
0.010725047206026418 0.010535646787223796 0.009462488841358165 0.10048033581573507 0.10707980789602661 0.10815047991075587 0.10827831486335177 0.09757093456703983 0.009862238002375357 0.009798662052182043 0.09027438431004312 0.10205719854739291 0.10589385007948898 0.009778637886808812 0.009597686703872779 0.010547792272459526 0.010212044558452807 0.009366703328232895 0.10015033909746074 0.10994899874484926 0.009294494662824985 0.009873485701705334 0.00984940039344974 0.09795406086513728 0.09834801381082889 
0.09502337031917174 0.09714249871420566 0.10295565582470423 0.009580672767164426 0.010832079736369958 0.10655612381492474 0.10009253242491817 0.09489369495203594 0.010197457369010008 0.010925802603618083 0.010547882405151842 0.010676633151086063 0.009968058195385305 0.10709767625269945 0.09754346562243323 0.009148897265511411 0.009359152987979976 0.010241204255833435 0.10580638473512481 0.09925034983977087 0.09837621615380596 0.10174763579893353 0.09907430778147658 0.010903199516936418 0.010556436848556965 
0.00996894323510702 0.009698232066417314 0.009909973552493338 0.09442346288232732 0.10719557233802122 0.09314661342633429 0.09420123110214482 0.09773370112632769 0.009146554303509156 0.01060024347721073 0.10870174711298786 0.10871689466805612 0.0927840641937959 0.010962711800763246 0.009058082439422662 0.10710566204525107 0.09232997857611444 0.10527969463703109 0.010275119377204987 0.010248734372414256 0.00922182581867107 0.010587177012499085 0.009047904729807257 0.09218094432391168 0.09628198688193354 
0.010108355201180388 0.00925003892794061 0.010175521966889197 0.09433215891588746 0.09984531692294016 0.09899123664509192 0.09233458787726538 0.10419039601711569 0.009326815502911253 0.009826960216684659 0.09570630434404931 0.10726742199968775 0.09731178210073396 0.009951861605436312 0.01007793457155482 0.1042340506037846 0.09865982537455653 0.10204902601987885 0.009857762507771883 0.009353578444534159 0.10812654257286769 0.09585520685129864 0.10907583378800284 0.010386762743577409 0.01037933849649249 
0.01073307517220275 0.009005616550767698 0.010026270296194628 0.10226415814515195 0.09949606547134153 0.103004648953849 0.09271851842478339 0.10581934123361048 0.009021295308810774 0.009605485543824866 0.009912568629933395 0.01099142462005027 0.009994463198633454 0.1035830987212527 0.10445600619771407 0.009478401721728532 0.010925732793719285 0.010189923740538398 0.09454277832160338 0.10137611456562685 0.009666676363389278 0.010411154379182821 0.010049820068365769 0.1052030296995637 0.10989220378223037 
0.009069809418736672 0.0104308635894287 0.010916134821588945 0.10282924162070989 0.10454207569080015 0.010562764689880742 0.01036461389462043 0.010728167274311707 0.10762279393072405 0.0992035188929821 0.009701999314841976 0.010085274472321387 0.009970612802374513 0.10405299678315716 0.10739721529217193 0.09911876191164631 0.09041061796720183 0.10519062599724789 0.009668723739762915 0.010380317263218591 0.10697271995032727 0.0948742558915182 0.1025213273129855 0.00997135176504273 0.009063374065487448 
0.09475368465323758 0.0992919119226243 0.10608887884009804 0.009361847700473753 0.009581042463532544 0.009822821955524181 0.010960312105452261 0.00939821283475089 0.10433690754235281 0.10474902701257319 0.010032471421879555 0.010877583198055039 0.010081338916869804 0.10844253990278792 0.10391597340895456 0.009587718403915665 0.010984122152818606 0.00914847551037938 0.10438032093936117 0.09118826010581463 0.10602866914506098 0.10880534409394074 0.09957541545541661 0.009279325818927361 0.009476174515080945 
0.009102789466825823 0.01047257414753474 0.009030389778575848 0.10047975535516769 0.10029165250378842 0.010571773924246075 0.009641269353440503 0.009887795114641917 0.10531279760460109 0.09443625334358102 0.10710777707758841 0.10357317028578301 0.10140684693867319 0.010664032393174745 0.00999690483853328 0.009154464194266779 0.009976844366648101 0.010944955937175442 0.1027105538829855 0.10968604399640963 0.09053705002614634 0.0987673956215262 0.0909612288371647 0.009980395911481633 0.009563767613671672 
0.10748708304815802 0.09376684797260394 0.10622879566608452 0.0098852641500268 0.01027350947697321 0.10032704059454381 0.09136374910075445 0.09916590072751082 0.009651590419279682 0.010462447068276539 0.009182982319901388 0.009940198316026834 0.009226375739937972 0.09615642808524516 0.107574400945253 0.010125833651482808 0.009094859596477498 0.009182109824296843 0.10956910613373264 0.10567051696188677 0.01021175239717832 0.009702582586033588 0.009296058495451875 0.1077784038615932 0.09171877726931073 
0.00952366644949559 0.009130254643898824 0.0096606238110142 0.1046074652402498 0.09908836239170132 0.009656182644100559 0.009667161642418196 0.01096064599548478 0.09879244270569935 0.10309049377297604 0.10445033014398711 0.09446510844700438 0.10271939429669832 0.009050776362843484 0.009239662173131645 0.01010214358802316 0.009392497572316956 0.00941880924095876 0.10772009466466388 0.10646073107228321 0.10563712279191938 0.10721644450241229 0.09366346896234742 0.00900376018262719 0.010766497424853916 
0.09906123163832424 0.09658391342470471 0.09925626982899605 0.009365929199867683 0.010792704897412901 0.09647097853007947 0.10384706696925526 0.10047668142555831 0.010710463709697313 0.009053743040358917 0.010551945070605561 0.009046005146634792 0.009203151937580619 0.09114763319978131 0.10661575190040794 0.010921876226183404 0.009797332715534506 0.010863445699549388 0.09319790690892922 0.10270206383782905 0.10797759702347527 0.09745720585193313 0.0986106145416252 0.010352338884438966 0.010802343273574194 
0.009216406842889406 0.010519628893467213 0.010838280157575084 0.10884416296287412 0.09374760943568802 0.09771662604100514 0.10001182535685947 0.10423011521423604 0.009097065578707333 0.010018195106483538 0.00977861991377919 0.01041005760933001 0.01077300288482138 0.0934567518993435 0.10013302760018734 0.010301469720989468 0.0098956378104322 0.010845886690954747 0.09874660575478439 0.10482367957273248 0.10463045767630388 0.09152095750649898 0.10194416730101351 0.009861301729516663 0.010567691267418912 
0.00994145329133979 0.010074063875102913 0.010126981308853549 0.1009742497673209 0.10136042137507753 0.009618837590877817 0.00956163525421282 0.009618602868582049 0.10541876474256527 0.10705109480376401 0.01068532823225004 0.01059067038889835 0.009315785423813488 0.10191015030235279 0.10663442618797447 0.009217869153671078 0.010908037385969033 0.009390810655956303 0.10779461905932726 0.10125782689433632 0.010248083499410584 0.010975363956658409 0.00998534695471822 0.09740917438412822 0.09480417516045214 
ability 
0.014545698163240748 0.015722977042200745 0.01595140237639248 0.1569654787795035 0.15934485250354738 
0.015084509314815177 0.01353395203884282 0.014327680383112253 0.14031935311281868 0.16162268154344325 
0.01465210159555818 0.01623546674406611 0.014813313139118227 0.16313371681902303 0.14674748380763142 
0.01530887857419316 0.016085196563046533 0.014611637551352585 0.15591989190049632 0.159027329934859 
0.014998065739573855 0.016103824183787013 0.016499050363598167 0.14800586542314934 0.15985221689244816 
0.01503830254393387 0.014912187099859342 0.015618648959758313 0.15865511591115822 0.1621629602944711 
0.01425661132045723 0.01396074915891492 0.01563332709373261 0.1479973486751351 0.1378948862567566 
0.016489488043651995 0.015060173808933418 0.01467495284380649 0.15803004254713246 0.14730983138291578 
0.01382421847458728 0.013611496748619912 0.01591965240367407 0.13879462658641517 0.16291236879532955 
0.014400687884986423 0.014892078362416045 0.014563174019055035 0.14230154071853268 0.13866569332633913 
0.015286570686165495 0.016184287733496273 0.01513778835525304 0.13662836133149978 0.15620966450265586 
0.016421815192318806 0.01562218429190504 0.01519158791691944 0.14152673199645313 0.15316492403846557 
0.015792904251442513 0.014199426799585975 0.016102170585126425 0.1645184672223544 0.13973427937727914 
0.014113092645614911 0.015282273733356028 0.014178919950110095 0.15559289568510903 0.13952732170549437 
0.013879443728657194 0.013534490725627053 0.014766258382790255 0.14671594218228562 0.1367203492865633 
0.01620004255406858 0.016006978984500674 0.014295600865614164 0.14859421608614495 0.13809095075017444 
0.013956081451804127 0.013827099368263788 0.01492009647876912 0.1360558934978117 0.15776165256399519 
0.015748116219416235 0.016364195555615947 0.015677539811663532 0.1472277602014589 0.14710495714258218 
0.01589282782241196 0.015131765182814255 0.015384450213390828 0.13523270959711328 0.16251063559520637 
0.013907252882272469 0.015146941871164858 0.014181516539752128 0.15070092987780367 0.1372115625376419 
0.15388330521086865 0.1406272510622747 0.15832841143069531 0.015377402471623686 0.014273570552595552 
0.14959318944484368 0.14023726860637373 0.16189541090729145 0.015778315822451584 0.013820002850821387 
0.15510696618437775 0.154097199170722 0.14669716701494592 0.01410726955381365 0.014384391706090521 
0.1501012824562892 0.14545748518580345 0.1398744791352915 0.015166779884818479 0.014651488395717708 
0.16347715140638736 0.1648139699098028 0.15276649852600008 0.014718792419155679 0.01568495918506456 
0.14237927699378958 0.15235487552288762 0.15240674793078085 0.015492286973816456 0.016492437368954834 
0.15224681874529747 0.15259713412812684 0.1588186734273407 0.015162359620720961 0.01468238414291951 
0.14829373804620608 0.15622270482542047 0.13528173667007398 0.014631678931068695 0.01557766422980697 
0.15952588355002056 0.1642951283607617 0.14280373146588418 0.01439827220892549 0.014071180571693771 
0.1567640933471938 0.1577640809497883 0.13561124820585838 0.01514858524109822 0.015332347878735497 
0.15630247592814228 0.16080032454500795 0.1549458128515462 0.0162162623690743 0.015117000510132293 
0.14568323657765028 0.1379596673470695 0.16211929473404788 0.01638487138503482 0.014141858831088755 
0.1466802221810852 0.13698825582649843 0.1369882002407769 0.015362647964721029 0.015252393841584137 
0.1591153709782888 0.1508236708998913 0.15820979455930897 0.015447461009691285 0.015728438608683785 
0.15956529410170953 0.16054764768268734 0.1516127036164233 0.013854906830485172 0.015168919377693017 
0.15706626213590708 0.1446702957674502 0.16190263678102304 0.014144222170848349 0.014989215315739712 
0.1365056948681037 0.14455144336121187 0.15924244434432833 0.016371512746792827 0.014718960590229195 
0.145500374313343 0.14083289711123673 0.15238841690301289 0.01364235725505605 0.01562785778674254 
0.1363910881410112 0.16100141216627298 0.1479395764314153 0.014054595861922065 0.015143749708420808 
0.13709452177144232 0.15984952390664123 0.15889094631815692 0.013509870308964821 0.014656325406007071 
0.15963264053561524 0.15748153897862838 0.14599395107994537 0.015641452969423583 0.014440999720903956 
0.13873150862301947 0.14191997155829533 0.16016868241348148 0.014316140610855652 0.01586622897362435 
0.155451566050733 0.16436422179055257 0.14263681111995544 0.014996582928977906 0.015763473936416868 
0.1554494399909059 0.1445377056359481 0.15596882005460025 0.014566629636603524 0.013616853067524219 
0.14493457576117502 0.14972258192113003 0.15384925654665862 0.01643524944425049 0.014274211719463203 
0.1592593389575711 0.13682349787547682 0.15792472288961726 0.013527683151902866 0.014918392420661798 
0.15326057866157733 0.13616841525239093 0.1376381432566575 0.016368983507794595 0.016222546721058606 
0.15832575299921775 0.13553609487713583 0.13911787334469433 0.015543334681870453 0.015164750065207965 
0.15925184629753117 0.15942449247853882 0.15415379175052063 0.013843611760824924 0.013929050159448174 
0.14767546444237306 0.1567255033980793 0.1549926093836767 0.014837205171436945 0.01600302211665187 
0.15476900157520995 0.13926379614982776 0.16208006579628806 0.0159681854903304 0.014455044609424766 
0.146916022771059 0.15512518658309504 0.16409184244996294 0.016002532549832197 0.014909770623009425 
0.15927811349781237 0.13724439724428095 0.16000308482823222 0.014353266371329547 0.015701211684051534 
0.14769924879436325 0.15681274493909703 0.16241552050968627 0.016178204029921213 0.014257242944168556 
0.15774820920104604 0.13566555856081547 0.15595544498174496 0.014108872471057824 0.014420169958939225 
0.16498540507284581 0.15063343115848224 0.16112681637192425 0.016018923176774523 0.014063827551956428 
0.14596002676832606 0.15384926820373315 0.16438894206065693 0.0153957904244108 0.01639485573284501 
0.1446314565918889 0.1507649938020832 0.1396876210205216 0.01593541342342672 0.013704063974008474 
0.1605813284175341 0.137217727342897 0.1595372055679246 0.013697587332610185 0.014628873133372827 
0.15790386906537202 0.15025381082892925 0.14108324866986782 0.014497101204322753 0.014730208181009626 
0.16260419014623564 0.16497534592062305 0.15527207248767122 0.01612201847350704 0.014179693511096571 
0.1512143568014501 0.15159681276969175 0.1548713692097743 0.016288629681283775 0.014772757345326404 
0.1501890513068344 0.1473748060565272 0.1495518703703843 0.015386156262824321 0.01398891526224116 
0.1391080547988677 0.1402808538605734 0.1536993133253929 0.014031952928702133 0.013531957353172445 
0.15470864800471876 0.16495354918731386 0.14088732964691866 0.01491701889951975 0.014354965049874843 
0.13583695882424177 0.15003121459797872 0.15542652011391947 0.014795054937842644 0.013658151199828177 
0.15530507749360065 0.13883886143935578 0.15248286203565967 0.01579825985832679 0.014297401378219152 
0.13766258824021294 0.16413041529603953 0.1360208852682504 0.015452504706672681 0.01634029578436856 
0.154624441094965 0.14506934933890514 0.16416748310353693 0.016448855248142297 0.016499840695112976 
0.1490189250419521 0.15564362463578277 0.15950868778575628 0.014491063851377198 0.013640807887728236 
0.1569909353955666 0.1572871776304581 0.1495718533507605 0.015391516241278352 0.016010894063676093 
0.14976163212478646 0.13877348420803148 0.13855171678647518 0.01491186141170019 0.016277530304805693 
0.14810507897408937 0.1563625505333676 0.1629109718048154 0.014869878276118896 0.01461577455031664 
0.14102709821546458 0.15004906388373526 0.1590603099130936 0.013775056459832685 0.015158776407644252 
0.1386089246938969 0.14462906464043385 0.16091446804818116 0.015752484482485406 0.01580583629425822 
0.15831847703566337 0.1565108543976562 0.14582106380573073 0.01465846569083821 0.015564846657818062 
0.14656610772796702 0.15320098069855903 0.15648451798052068 0.014781474486557675 0.013525930438043685 
0.1533776397270248 0.15068668757138515 0.1470001124787935 0.014195365094778475 0.014065286630030588 
0.16327604041726437 0.15198712544008683 0.1582627997390631 0.014921292371825727 0.015467922691440353 
0.1454444850945069 0.14028380799868462 0.1375063290931432 0.014348658208512404 0.013632591429569038 
0.15826232021888412 0.14924752434118999 0.1370346490104799 0.014356852644449894 0.015062058895117709 
0.16486414564386695 0.13584651848572502 0.1359825018755036 0.0136121710815902 0.015461265565079532 
0.1533202282810521 0.15338139105762202 0.16013951231492182 0.014872678586958609 0.01571971866935094 
0.1559852282757201 0.13881023692706088 0.15577545053097222 0.016483735386283168 0.014922402076533961 
0.1462883154441819 0.16003575761906796 0.15062378130492463 0.01469189219878153 0.01649070602988545 
0.15415651853806533 0.15403825895782874 0.1599035068154548 0.014040150318108737 0.013743333674637703 
0.13788477746413363 0.155050269048321 0.14308336461621263 0.01463480562671504 0.01621524014376506 
0.1443470806030185 0.1523015047692757 0.15717902547413923 0.015503581406699092 0.0154692901901845 
0.13594767859952406 0.1552052039199572 0.14781062373921722 0.014018965679432619 0.013967745995881173 
0.1580918659700925 0.13642883799477837 0.13835778098467702 0.016115382339291804 0.016043709201560515 
0.14591449084959457 0.136205736011902 0.13908077158750934 0.014265087828811192 0.014032386613312723 
0.16031748304453555 0.14130843140787683 0.138863140731739 0.014069746883278665 0.015375406926831293 
0.1417152023397031 0.14554092091541354 0.13901305042600992 0.015834059843380977 0.013831865421655494 
0.15060012710523882 0.15972918772648345 0.1459985385190494 0.01382373248525546 0.015066270466760723 
0.14847498166986098 0.14502650967621705 0.14379395512114393 0.013944774831662173 0.013828742899112184 
0.15092168796238462 0.1625151336339418 0.15201836999812487 0.016087707204434087 0.013749039940849486 
0.16031696739567786 0.14037360717821812 0.15990532397523402 0.01367190019330529 0.01456395598156462 
0.15136023725626654 0.14571240457283338 0.14469003884014078 0.013585192479316475 0.015540635426682138 
0.1370492920174583 0.13909861845986354 0.1364690219093025 0.015301990114787724 0.016194678751814382 
0.14599384193460493 0.1633015078422439 0.1476238989832516 0.015492221248464891 0.015086977531202118 
