file_name
position_num 20
robot_num 200
position_x
-12.747385786038077 -5.062100839189554 22.87155506961313 0.3222653309733907 26.846308356819833 14.028798769103958 -20.071547763744952 15.802028926031625 -4.473316021994865 -12.007902875605275 -10.794890320988571 -17.84454839802997 -3.7621574155341584 -28.193807078157484 -14.92954564348583 -8.566978515003573 15.923673632481297 27.509005572395196 24.27772064269908 21.16104754219141 
position_y
11.812284078498905 26.372984334364432 -19.297752922554096 5.445120333792147 -7.257758176298065 -27.581093102387115 6.237251899506816 -14.286742978309775 4.010545637406047 -29.473044787100353 -27.5185748241097 -13.361504624422881 5.043643833260667 -28.131665232471196 -2.62594262033938 15.202504124978603 -1.537048679729164 -22.454230785805052 19.02175537617596 -23.969323388975777 
distance
0.0 17.37889235622467 26.854406856357027 29.925094806237308 5.454648512326353 27.810058003087224 30.943882943589333 21.018333447021828 21.302937429082963 6.007914159036615 31.825305976414317 29.560135611872568 22.292548381872095 6.292231045984168 39.828147663583245 15.158723817203134 17.45019348163579 15.997684226088388 35.50968695672021 30.84209618680313 31.973714154101433 
17.37889235622467 0.0 16.46443429503179 47.29210663403847 14.538106976917843 43.94686709514027 47.63194542580198 9.20458214545801 38.68111029577322 11.372218480291352 41.291950965236616 39.37929278895122 25.68463946315853 11.249391967549503 42.82652235812509 14.60219887039288 5.3823226320307995 31.626481518976618 52.86559454076825 37.720484918030195 49.296098057872946 
26.854406856357027 16.46443429503179 0.0 53.53601940770226 21.609416713110157 46.35917837104599 57.23202704696841 25.11436277649151 45.700386606690905 22.370188466711245 56.27631059837317 54.19561812336808 41.73991588887663 21.36891712550569 59.21007226755818 30.631752014700055 11.707424807817471 34.91951707890054 58.69390010270305 30.246746796718526 56.76267662772258 
29.925094806237308 47.29210663403847 53.53601940770226 0.0 33.47656261769923 12.679122098317112 12.116437740731834 49.961450661675556 8.665357497304878 35.930749460272864 36.33336140630207 34.6556122146971 41.14656881739818 36.081272660003 51.823828669659946 41.31431318411191 46.676001652850495 19.071331145610696 5.60975041039679 38.34529981464969 4.9748775486548045 
5.454648512326353 14.538106976917843 21.609416713110157 33.47656261769923 0.0 29.40897789585801 35.75751435464522 20.40919118827855 25.079264557126947 5.005557418754491 37.03122065787782 34.787876455067384 26.148083359651075 4.1041067910895395 44.051866187547894 17.255717754129762 13.199439177546427 17.092531267303183 38.95500786611541 27.535229402824495 36.04808377107524 
27.810058003087224 43.94686709514027 46.35917837104599 12.679122098317112 29.40897789585801 0.0 24.02761941077766 48.820083161503256 13.091322908409337 33.28503480647095 44.756772556720406 42.747637702433174 45.105746842120915 32.98791700514207 58.86539138479742 42.03184141575617 41.9352389966745 12.33006352236109 15.210915402138934 26.404743426130807 17.652155743362602 
30.943882943589333 47.63194542580198 57.23202704696841 12.116437740731834 35.75751435464522 24.02761941077766 0.0 48.02618132151988 13.412087474028526 36.61092582834526 26.105350289028756 24.823767815879553 34.90138902850856 37.16034959582503 42.226195355532816 38.227545653622826 48.38393682604223 26.112885720219435 14.422229115940732 47.71651586072652 7.99461400093356 
21.018333447021828 9.20458214545801 25.11436277649151 49.961450661675556 20.40919118827855 48.820083161503256 48.02618132151988 0.0 41.329745586706956 15.756365515150337 36.60939303413166 35.00731653676229 19.724877273614954 16.353009317740856 35.315627719117956 10.246775244016089 14.585296056831092 36.825204858352826 55.56176954034877 46.15518537858753 51.11324785534463 
21.302937429082963 38.68111029577322 45.700386606690905 8.665357497304878 25.079264557126947 13.091322908409337 13.412087474028526 41.329745586706956 0.0 27.310810743152008 31.68621260799989 29.706522641131162 33.65929636275184 27.50311330545045 46.122830116237196 32.86949863490854 38.255250860241794 12.750274590841805 14.274493310940535 34.369949268318166 11.06668170398698 
6.007914159036615 11.372218480291352 22.370188466711245 35.930749460272864 5.005557418754491 33.28503480647095 36.61092582834526 15.756365515150337 27.310810743152008 0.0 34.32085119531122 32.156612674447985 21.92208898698844 1.2542082944316728 39.94725792278046 12.384494914712429 11.917130837337217 21.137951406707284 41.51208601958638 32.433910142255684 37.94724846513067 
31.825305976414317 41.291950965236616 56.27631059837317 36.33336140630207 37.03122065787782 44.756772556720406 26.105350289028756 36.60939303413166 31.68621260799989 34.32085119531122 0.0 2.3002939581476167 17.136165188513136 35.487943185076865 16.241391380167354 27.005608514077412 44.807863495718486 39.50433956843415 40.13539339875006 60.56725284333297 33.62246601673395 
29.560135611872568 39.37929278895122 54.19561812336808 34.6556122146971 34.787876455067384 42.747637702433174 24.823767815879553 35.00731653676229 29.706522641131162 32.156612674447985 2.3002939581476167 0.0 15.81519255785574 33.313021718389045 17.40971522373982 25.23367814386238 42.779132501600394 37.26823527518829 38.63723619967523 58.27598454733995 32.15243615132795 
22.292548381872095 25.68463946315853 41.73991588887663 41.14656881739818 26.148083359651075 45.105746842120915 34.90138902850856 19.724877273614954 33.65929636275184 21.92208898698844 17.136165188513136 15.81519255785574 0.0 23.17462460393373 18.035099101910607 11.124276722669267 30.0329135910974 35.778632974023886 46.256053947501314 53.13154503123305 40.42229995427543 
6.292231045984168 11.249391967549503 21.36891712550569 36.081272660003 4.1041067910895395 32.98791700514207 37.16034959582503 16.353009317740856 27.50311330545045 1.2542082944316728 35.487943185076865 33.313021718389045 23.17462460393373 0.0 41.20080869162635 13.547439470358924 11.237826668201905 20.75662443658722 41.641550681782995 31.330853225323622 38.24811645562906 
39.828147663583245 42.82652235812509 59.21007226755818 51.823828669659946 44.051866187547894 58.86539138479742 42.226195355532816 35.315627719117956 46.122830116237196 39.94725792278046 16.241391380167354 17.40971522373982 18.035099101910607 41.20080869162635 0.0 28.748608964162596 47.57165787890491 51.51335490764473 55.99139754532622 70.54577447626902 49.53005919861077 
15.158723817203134 14.60219887039288 30.631752014700055 41.31431318411191 17.255717754129762 42.03184141575617 38.227545653622826 10.246775244016089 32.86949863490854 12.384494914712429 27.005608514077412 25.23367814386238 11.124276722669267 13.547439470358924 28.748608964162596 0.0 18.92975894762219 30.87242830916945 46.842199359932955 44.786522059478415 41.92935510032382 
17.45019348163579 5.3823226320307995 11.707424807817471 46.676001652850495 13.199439177546427 41.9352389966745 48.38393682604223 14.585296056831092 38.255250860241794 11.917130837337217 44.807863495718486 42.779132501600394 30.0329135910974 11.237826668201905 47.57165787890491 18.92975894762219 0.0 29.66487267309106 52.14888600934138 33.06600887436773 49.17507096121222 
15.997684226088388 31.626481518976618 34.91951707890054 19.071331145610696 17.092531267303183 12.33006352236109 26.112885720219435 36.825204858352826 12.750274590841805 21.137951406707284 39.50433956843415 37.26823527518829 35.778632974023886 20.75662443658722 51.51335490764473 30.87242830916945 29.66487267309106 0.0 23.911261435079716 22.191316447160805 23.035560208104716 
35.50968695672021 52.86559454076825 58.69390010270305 5.60975041039679 38.95500786611541 15.210915402138934 14.422229115940732 55.56176954034877 14.274493310940535 41.51208601958638 40.13539339875006 38.63723619967523 46.256053947501314 41.641550681782995 55.99139754532622 46.842199359932955 52.14888600934138 23.911261435079716 0.0 41.601666197470045 6.526260548691828 
30.84209618680313 37.720484918030195 30.246746796718526 38.34529981464969 27.535229402824495 26.404743426130807 47.71651586072652 46.15518537858753 34.369949268318166 32.433910142255684 60.56725284333297 58.27598454733995 53.13154503123305 31.330853225323622 70.54577447626902 44.786522059478415 33.06600887436773 22.191316447160805 41.601666197470045 0.0 43.10390358896638 
31.973714154101433 49.296098057872946 56.76267662772258 4.9748775486548045 36.04808377107524 17.652155743362602 7.99461400093356 51.11324785534463 11.06668170398698 37.94724846513067 33.62246601673395 32.15243615132795 40.42229995427543 38.24811645562906 49.53005919861077 41.92935510032382 49.17507096121222 23.035560208104716 6.526260548691828 43.10390358896638 0.0 
lay
0 1 2 3 
4 
0 1 2 
3 4 
0 1 
2 3 
4 
0 1 2 
3 
4 
0 1 
2 3 4 
0 1 2 3 
4 
0 1 2 3 
4 
0 1 2 3 4 
0 1 2 3 
4 
0 1 
2 3 
4 
0 1 2 
3 4 
0 
1 2 3 
4 
0 1 
2 3 
4 
0 1 
2 3 
4 
0 
1 2 3 4 
0 1 2 
3 4 
0 1 
2 3 
4 
0 
1 2 
3 
4 
0 1 2 3 
4 
0 1 2 
3 
4 
edge
3 4 2 4 
0 4 0 3 1 4 
0 2 2 4 3 4 
2 3 3 4 
0 2 0 3 1 2 1 4 
0 4 1 4 
2 4 

1 4 0 4 
0 2 0 3 2 4 3 4 
2 4 2 3 1 4 
0 2 2 4 1 4 3 4 
1 3 1 2 2 4 0 3 
1 3 3 4 2 4 
0 3 0 1 0 2 0 4 
0 4 0 3 2 4 
1 3 3 4 2 4 
0 1 0 2 2 3 3 4 
2 4 0 4 
2 3 3 4 1 3 
demand 
0.09353214886318079 0.10364474506081489 0.09033726560327231 0.01085320237490518 0.009249153248772493 0.009408575939231386 0.009591860091797353 0.01065666149886376 0.10407687295549664 0.09841944469882047 0.009488196744302565 0.009768034924062514 0.009399720460626076 0.10585899417723486 0.10985826948879836 0.009420970384143577 0.009692825229207865 0.01026664924760462 0.10495506482061544 0.10152612519225016 0.09462566509813708 0.09050928259175604 0.10921369629214042 0.009205149665779217 0.01072216277799637 
0.10922452301841523 0.10998489612841017 0.09155397714484881 0.010330883594793856 0.00955898705340303 0.09088431913229997 0.0990787950494211 0.10125887986941462 0.010442391107973095 0.00938952431474402 0.09377675937764071 0.10708906011903546 0.10391929665660019 0.01026297517187817 0.009811766562101967 0.09519939420279529 0.09095563038511048 0.09356272094205954 0.010117147015076156 0.010033668263649924 0.09997579239259402 0.09066698003191914 0.09836678887523677 0.009746963086755097 0.009557092878511749 
0.009441834659237373 0.01093506541149362 0.009959001744672487 0.10691782674535007 0.10113925005173036 0.010828824964268272 0.009873437575428084 0.010736001481777802 0.09119948748841025 0.10784228175187405 0.010804903593386745 0.009568600843148038 0.010649591572931216 0.10658109867385782 0.09982924719374343 0.010547594137121705 0.01088981336674446 0.010402721070379007 0.10327352350267725 0.10603660195045028 0.09223289080610986 0.10450549983659613 0.09948702551371985 0.010514929516409085 0.010764258745157166 
0.010257092397956085 0.010216007927653028 0.010100159452043664 0.10996981136665074 0.09123779300946802 0.010791546767558677 0.009278056069565945 0.010594671913404737 0.09876659775257995 0.10113900083341971 0.00959409047393492 0.009939739005302442 0.010099352540961263 0.09183481191443842 0.10276380998444978 0.10109289923591974 0.0986909726441984 0.10235157264618107 0.00926110031078847 0.009253047836862559 0.10520703084186336 0.10045016642875981 0.10382809407573867 0.009685612614744531 0.009593547580870885 
0.0994432130047616 0.10562335506924808 0.10729143102863566 0.00973794732825582 0.010706565364615254 0.01046634399416879 0.010305721221340462 0.010340270002280019 0.10901594557713684 0.10087979996798746 0.09735069169809359 0.10333677131402363 0.09515286263149453 0.010985096437517444 0.010257205643000773 0.10758577413053667 0.0945590663496086 0.10455336206450472 0.010230289224084877 0.010501972624774931 0.09249132806963738 0.10695338933000897 0.09705781443084388 0.009782714724120213 0.010498936926677289 
0.00933933483966351 0.01089101401986844 0.00914430588728878 0.10251281843456797 0.10067128990873796 0.09341041250497156 0.10140197824654107 0.10485730681166752 0.010657903408539431 0.010973112469071072 0.10167692033114105 0.10564875264303142 0.09865807312707427 0.009684653680861386 0.009032528958812111 0.010797169769392805 0.010965936654246345 0.010036084748437202 0.1042883970239838 0.09979348389841147 0.01036334320948498 0.009723969674024545 0.009056402883484147 0.10838570278670177 0.0978134109625881 
0.010800691199754058 0.009257830647430847 0.009067171952752084 0.09482427028154221 0.0900076169366287 0.09444411922958768 0.09709181017053942 0.10137318437236834 0.00940974865584662 0.010355901579098301 0.09913913492179854 0.10889369517251019 0.10553251097947874 0.010911739057197401 0.009035407065528236 0.009169370968776331 0.010132501919254447 0.009674731868668877 0.10531503016249882 0.09614602427013752 0.009276504891192186 0.009929786623986345 0.010774234583865457 0.1021341876553737 0.09384095300254908 
0.09258370593005369 0.10871959504930424 0.10269747425379544 0.010647724602059174 0.009241525162182006 0.010875941777856904 0.010019015917505005 0.010941635070771547 0.0988211980332727 0.09878510662051398 0.10197959460862167 0.0981402296235927 0.09692484579004973 0.010015788039278325 0.010740168843805208 0.00951662549948029 0.010664663278618893 0.009735321126201983 0.09085448419798484 0.09546498631693073 0.09858502647119777 0.10586528006413404 0.09207680012048235 0.00986450479511378 0.009828128114462384 
0.09559270290983436 0.1088984501349857 0.09062068790333742 0.010749130633234794 0.010027975134135333 0.009338421718081752 0.009644001572701956 0.009751422729210889 0.09625103903791948 0.10327422653524164 0.10768979533719525 0.10895971049975076 0.09029288550342877 0.009637086141194514 0.010142756816890622 0.09781162982929567 0.10899289038788673 0.09647860376434385 0.009768392287072079 0.010631610784260448 0.10180276046267654 0.10148800045960378 0.09872970790091716 0.01007417217517091 0.010652410519242442 
0.10899613898629462 0.10756376874396306 0.09684335075110134 0.010849349155095512 0.009365937206351175 0.1003948184729338 0.0919691351631489 0.10471989286985157 0.009431905311934401 0.010456955071298969 0.10622249993536347 0.10229824547442988 0.09194947794035842 0.010076083571945942 0.009772284279540078 0.09619892359962111 0.10660247446249285 0.09266283949569336 0.009218183347641061 0.009934486985812981 0.009463282538877755 0.009236721456861227 0.009512683969054865 0.1077961795992168 0.10007932209915471 
0.10413657456774704 0.10528837661862307 0.09467545496848179 0.010983261731108862 0.010484832631442427 0.10381584726536222 0.0916678814691406 0.10220370574006943 0.009552864075814632 0.009579025516506075 0.01096338920957597 0.010605449536658582 0.009447538252372014 0.09712575308713692 0.09861484521352278 0.009153749722085535 0.01016470006696446 0.009277483749715449 0.09971773962058925 0.09977097088843173 0.09361831043181945 0.0968949262201922 0.10219579565338202 0.010356606307673596 0.009905653765176088 
0.10267827445725362 0.1052968214136335 0.10038641725809519 0.009237641703559342 0.010086646602782903 0.09236454050094223 0.09627566397619403 0.10482840631471191 0.010945997580295968 0.010540066306399046 0.010992876667736474 0.009886072171244738 0.010227310534388903 0.1091276617665784 0.09886680445978947 0.10228601530939355 0.1080518689038434 0.09263330225787031 0.00935635463705954 0.00920544157391657 0.01037247192541166 0.009011313889478387 0.009754056711965487 0.09946418222158762 0.10400536208853713 
0.010709765660656994 0.00901175392254277 0.00946811010954927 0.10886758009569797 0.10765468949529428 0.010873200048618728 0.010373138565959417 0.009468681489455582 0.09811178456816716 0.1088091463787164 0.09260191174346317 0.1047219801606933 0.09306857803133566 0.00975245228965789 0.009542967283879806 0.009721625679162132 0.009384082881020895 0.00961030646052619 0.09044660652118319 0.10871855761223691 0.10476427401422664 0.09665741709941213 0.10361910574963543 0.009517031204090323 0.009516639449349643 
0.09155690558478481 0.09731745146966352 0.09811267602377283 0.01093449497517982 0.009155055170191466 0.009547442316835348 0.010520838736583741 0.009565193095531794 0.09329437695473099 0.09422369020585347 0.009449796624128872 0.009111556481471956 0.010009020213337144 0.10382388851079472 0.10125795465872955 0.010293882696342703 0.009877551325999266 0.00906122524158084 0.10001980664952875 0.09950537897476418 0.010853120971104243 0.010054707136228245 0.009859726294474378 0.0953514122990112 0.10210078333430149 
0.010910333653195046 0.010500242076553036 0.009711594993362528 0.09034164334199735 0.10327365156236978 0.00960640544272833 0.010163332896588429 0.01042129053036979 0.10161322391281878 0.092490240196826 0.010441308680142715 0.00998539978937686 0.010992123845171531 0.10715184454728133 0.10840609417073149 0.00958088211141784 0.009761174317729522 0.010898420075897338 0.10965315785256163 0.10156093839430308 0.10546680429464683 0.09822331301862663 0.09386633859816287 0.009867358521455254 0.01077726092381611 
0.009736092175970625 0.00920672732573404 0.010828542133168695 0.0908495834396118 0.09441713615350984 0.009721680953303712 0.010841498394963513 0.009021982382673422 0.09048747319407274 0.09518076357661821 0.10375205785874608 0.0960039876334115 0.09999042347864001 0.00984262395615826 0.009683304653437155 0.09265259259183933 0.09310563306762454 0.10948154883814228 0.0098508211884119 0.009735187448537293 0.010691266056865982 0.01035884147769782 0.009766008263736548 0.10433345651014868 0.09957402177986613 
0.09972859805828836 0.09188698630873758 0.10794661406750305 0.010533208510196993 0.00913929277103502 0.010047955699139622 0.009517377361408192 0.009802512859610158 0.09948166952384835 0.0913358340496588 0.009951594043546234 0.010176113808672196 0.009429989336710746 0.09865038725625803 0.09965838514624643 0.010950193207540884 0.01035012108048103 0.009469075886771818 0.10854475558531967 0.09181906408960673 0.010221140932694037 0.010250311939971609 0.010389178987869388 0.097471203081822 0.09253760203704255 
0.09088386216078104 0.09069302148927974 0.09558497435463244 0.009189949143211815 0.010956388317752964 0.009962889277609905 0.009003540004068812 0.010327602032978405 0.10283493162961631 0.0922804609307886 0.10679695203214608 0.09010725339025616 0.09876175367278989 0.009942899061587924 0.01055258969833378 0.009595253028123543 0.01010471354759705 0.01043254626374783 0.09137041144391982 0.10022969002878782 0.010577543486704175 0.009615496623434932 0.00929755957363512 0.09004351718542965 0.09499471907176478 
0.009022787142538966 0.00930419450498015 0.01034501811963814 0.09071237560275341 0.0972493470782083 0.01096477324084508 0.010346600298372359 0.010778466249001398 0.09432957910005296 0.09444466771298622 0.10603585373960474 0.09778951286839063 0.10919841032853934 0.009709916109375657 0.010806587703057223 0.10225239361845934 0.09487599085488745 0.09368877272621673 0.010592366843490065 0.01070501630570858 0.010697390922341597 0.010287306878100597 0.009348598332663908 0.10897095833543696 0.09487021569417098 
0.09852628935969956 0.09452026275604528 0.09097042662655833 0.010455524897272559 0.00948489138853378 0.009505338777292736 0.009823742081646443 0.00978514366948076 0.0976867839644672 0.09637942283689971 0.10142378924942784 0.09976227902572657 0.1041864200054597 0.010683261117357153 0.010910347926609212 0.09083492911245541 0.09967490753560393 0.09352878536686685 0.00978166087767766 0.009121870971629222 0.10075709071877487 0.09695881771555509 0.0987109961865661 0.009192961476302079 0.010375313672253727 
rate 
0.09831453525642252 0.10871310446307164 0.10491471910060764 0.010640056349797025 0.009413439105232515 0.010989669419210087 0.009597549869776576 0.010179437551488812 0.10972933210142828 0.10425074601233116 0.009971815482971103 0.010805697920163105 0.009299237612499636 0.10678808336961283 0.10858675644912381 0.010278117696899762 0.009610118934179051 0.009803399521938531 0.09878130103399554 0.09346667750515401 0.10476152736776295 0.10740704326480491 0.09824494828144786 0.01099538820395104 0.01071276018612886 
0.09195462402864267 0.10058980893345543 0.10556699421840816 0.009881502947649556 0.010967173193650273 0.10885139729744187 0.1037122122654583 0.09964717088001634 0.009698670546879682 0.010095268137814757 0.10204125790619578 0.10648358728606074 0.09116840657745055 0.00961087549712127 0.009137038320860576 0.09314476912961156 0.1095245570254003 0.0970569473884303 0.01049393441669779 0.010297400324802135 0.09874271290302417 0.10765163840704364 0.09085498319194252 0.010748331384109468 0.00920372510252368 
0.009057527715675672 0.009317436661418153 0.009154381436574616 0.10216051153897504 0.0943030525384661 0.0094702928007121 0.009763741500578758 0.010057335452612394 0.10349381954086108 0.09544340595386402 0.010835426291989561 0.01060474465136901 0.009106249789430542 0.10840505431214523 0.0949635724235528 0.01036123427576191 0.010463817978941256 0.009106737409601781 0.10388572463260895 0.10242483897921471 0.10818480712088037 0.09529413354418775 0.09447768926597272 0.01090631808265566 0.010558229189590925 
0.009848704408216724 0.009089894686724762 0.009157216398793631 0.09929163100051352 0.10756214010633675 0.01053569497404892 0.010584568362588247 0.010647938797457731 0.09554093522111501 0.09215641639919296 0.010945419752626775 0.009304647060441614 0.009788658807016801 0.10906211745370459 0.10783242624193111 0.09431325832448736 0.09180620130569735 0.10822943859531019 0.010216397915803165 0.010069595798217548 0.10541665599898385 0.0922281059338777 0.10001221480190457 0.009585993011254425 0.010137169971229655 
0.09410534189456647 0.09591707101190508 0.09008471726913418 0.010299791543994463 0.010710012564928024 0.009131079803514346 0.009073376760227056 0.009397301454344607 0.1049180977444863 0.09853389031050143 0.09739785924674935 0.0957720717188069 0.09682570563936128 0.010600257719061947 0.009421883482096353 0.10629495210546794 0.09602600753203293 0.10928502025716957 0.009841217637922407 0.00923440285271173 0.09508676854720856 0.10760981645649646 0.10457119272262819 0.010570523147846298 0.009815473365751235 
0.010546314461932564 0.010426753783880128 0.009990169026177234 0.10678844441653082 0.09713682987198456 0.10876374534710934 0.10572484268269089 0.09424308139048261 0.010881462769267325 0.010235699810859625 0.09849781884058056 0.09074577663371879 0.09126578179840102 0.00949028895917284 0.010324894245414145 0.009835199156172326 0.010020974146400432 0.010840248589798493 0.09793671652595098 0.09432929359140932 0.009320392082149326 0.009309070687115867 0.010427287119678271 0.10844970350855024 0.10768067894317578 
0.009975168713164317 0.010457797804509165 0.009697232617225384 0.09137996974296693 0.10582224890692507 0.09547335233072893 0.1005662466849901 0.10696937779837926 0.00910551734641529 0.009430193562877649 0.10451460877651464 0.09251993285686544 0.109186298358187 0.010630872239032172 0.01074878082249375 0.009682588237697975 0.009246376655405645 0.009482149566549329 0.10142452233826567 0.10233235208965522 0.009484980713189383 0.009787621533950684 0.010668856811731601 0.09980587166167508 0.09567022618023206 
0.10912829310519245 0.10263731234636064 0.1053170877762658 0.01051874978432722 0.00940283607359496 0.009134633188110164 0.01094010140455095 0.009746152405392124 0.10134820026077028 0.09858696036332812 0.1013628803899056 0.09634771234353258 0.09408404991346991 0.00960216468990074 0.010527262372090736 0.009904676562718128 0.00929766774506066 0.010538445570742681 0.1049564343752195 0.09496395220114827 0.0993486552425656 0.1090556118360317 0.10679521677799352 0.010380550427450053 0.00989465391705463 
0.10430245989960546 0.09565976982315033 0.10404546103371629 0.010564697985430822 0.010463524048702768 0.009945754170378412 0.010448966257746488 0.010201675205791043 0.09945436680172481 0.1011969689426592 0.10980867061251601 0.10735130022632658 0.10186939309435561 0.010128315931800564 0.010717108238285953 0.10874710817519917 0.09718043059516844 0.10778446115098482 0.010330886872745684 0.00927400296105097 0.09697084222656967 0.09526905408948244 0.1002751310499248 0.010484587865342596 0.009089426658598616 
0.10617282833667684 0.09804618974162468 0.10515977075789414 0.010217923237613889 0.010143578506780711 0.10219370925687454 0.09219149835574525 0.10651508372065882 0.009007818709239166 0.010091497915225164 0.09140117318525179 0.1084176921585851 0.09892840415235482 0.010455090155641068 0.010683439172175171 0.09958119329986895 0.09824485175284667 0.09484724969603389 0.010201830248701539 0.01014239470632672 0.010194680662970959 0.009410204526673634 0.009937789457779055 0.10037109947779094 0.10618563006305091 
0.10972075649286017 0.10100719184107042 0.09564040875565358 0.010937081589956517 0.01035786564744886 0.09093963773789865 0.09607180452070155 0.09842597390854722 0.010567906978891914 0.010994277498854586 0.010886409997335483 0.009775774636553105 0.009900140074320149 0.0963864648485619 0.09481221197225984 0.010228890090542602 0.010904011660688275 0.010860691765900167 0.0950746336562826 0.09575529403253853 0.10322718799513345 0.09876719729091979 0.10246300686550057 0.01006635895194951 0.009841449562461569 
0.10113439343272104 0.1019850775127778 0.0948927046446826 0.01081318421221543 0.010793153635124819 0.0917722012393086 0.09770409880030612 0.10856869994228702 0.010195362535356838 0.010230830981819046 0.010640249686013183 0.010675349824589477 0.010008879105559507 0.09922561657725032 0.09355555296926381 0.10000090050812245 0.09469771688753423 0.10554873358806467 0.009051361422735486 0.010518771261181097 0.010684098140007776 0.00903162900196612 0.009399897113509885 0.10353905180404094 0.09844440449723668 
0.009048310558038414 0.01063510962702533 0.009324421558732544 0.09735024997312615 0.1061450782240273 0.00901387296490356 0.010150406435696195 0.010820040534860076 0.10345473821097761 0.09194105398870082 0.09926083845107794 0.09963014046829943 0.10997793094103317 0.009281608517084393 0.010047612910313908 0.009656215088015892 0.010658214303452594 0.010529191970478849 0.10147421643168349 0.09119801955686752 0.09195915890976164 0.09430278100656464 0.10642543192919895 0.009980513377275997 0.009402016306831976 
0.10171242195727262 0.1021157257300386 0.10938201608913656 0.009124073094528931 0.009734906816735884 0.009614385501628157 0.009531646027982867 0.010881630468373028 0.10070551520444347 0.0901746334051935 0.010272806865923086 0.009449920189530794 0.010528259530158542 0.10836565951154115 0.09358462294392983 0.010535059180851408 0.010746111247783779 0.009190127055920826 0.09527534509512112 0.1006789291191754 0.010057307766555787 0.01017864913053669 0.009049164445088588 0.09918571490684215 0.10949292161684623 
0.009639112671320213 0.009974694215874578 0.009307382694183056 0.09117966160232249 0.09950301106101352 0.009643580892631114 0.010543759810084031 0.00911392589401451 0.09844977513745928 0.09401160287774235 0.010627302502039231 0.010095161232805235 0.009290386537799612 0.09215508068333114 0.09504770467800473 0.010289522135674084 0.009477288971926436 0.009374560931767655 0.09608258862524037 0.10405204511902384 0.09476243847259457 0.09216210653667417 0.09989366273987586 0.009162160906574885 0.009007272372984959 
0.010958580099422225 0.009453345322081579 0.010882357600908813 0.10892169745970881 0.10021675913896795 0.0103076457014603 0.01091776752650743 0.009272740945637374 0.09662174715773507 0.09181574775506744 0.09145417645457382 0.09210639670192508 0.10511299543787565 0.009755924366735455 0.009315371310363044 0.09962614034374036 0.09690584606814631 0.10242998150824119 0.009459946901440579 0.009055478053459387 0.01042639523868212 0.010567765978490332 0.00927818449514144 0.09355123469816758 0.10690147266475539 
0.10674634328320254 0.09571768205410365 0.09287334531202843 0.009229049393435159 0.010382133972258461 0.009026818998053878 0.009627680387054843 0.010091720413998894 0.10776277970119937 0.09616660004247365 0.010679581736156376 0.01098637921870373 0.010765377764722106 0.10046223375657636 0.09484159168926083 0.010666069665738003 0.010909282692231258 0.010761514166587353 0.0914770330729411 0.10602286840404357 0.009991389046468036 0.010676814134496974 0.010513183997348392 0.09084932612183456 0.09217259759017926 
0.10093601502419657 0.0972007744680152 0.09089646649712638 0.010349462473956371 0.010919663040329796 0.009776214952295133 0.010192923467834535 0.010306108428636183 0.09695285286655175 0.10041680993217404 0.09050993310213193 0.09427289592933552 0.09109492295418226 0.009870586419574372 0.010643689635101863 0.009505973524748202 0.009837824064522362 0.009771967938764623 0.10653265724293154 0.10986512396834154 0.00912171512202454 0.009077166297495788 0.01080360791305333 0.10143329265326545 0.10031157136336422 
0.009693736066935566 0.01088686972539213 0.010709832868332452 0.10761033665160016 0.10508683130461 0.010726346710783053 0.010657823624559177 0.010230795531412498 0.10474161334359214 0.09154289909819488 0.09321823322720121 0.0939214005280476 0.09011124143605485 0.010895269453104966 0.009043689870814171 0.10213535392040199 0.0967603098894057 0.09712214754856723 0.010275783831190259 0.010833179395615898 0.010715578066315084 0.010612790200186495 0.009112918926355495 0.09808493346551159 0.09912023542223779 
0.10381789946164255 0.09250963177609504 0.09501865000518495 0.010117425778659168 0.009065276648434126 0.009170136530983619 0.009160839742359655 0.009805693992420516 0.10482696574477009 0.10835671010263166 0.09491067480218918 0.10174226943050234 0.09098369414010958 0.009186812986061584 0.010548119237885453 0.1005201596264403 0.09496926962037318 0.10611639720320139 0.009467883206344119 0.009688214279691748 0.09649231159683475 0.10485339125857532 0.10761968559076794 0.009998819381270313 0.010655725738761463 
ability 
0.016438858959383528 0.015632630768430324 0.014658877953625306 0.14115880358876884 0.14909492755876907 
0.014164806826577593 0.015336732796578018 0.015525298540689505 0.14068203449738037 0.14896386000701517 
0.01587578898436715 0.01625659030992626 0.014269184493798368 0.16328548431763681 0.15374948175786235 
0.015928431543275178 0.015706234036209243 0.01366129904524038 0.15758537474117315 0.14645912162371202 
0.016135686551827618 0.014012382791552477 0.015166785435953714 0.16073812755917968 0.1447041668577738 
0.016235313078465975 0.015591046510596266 0.016351027727741656 0.16131767131769267 0.13930145756454151 
0.015258807224871258 0.01575889637597968 0.01612600235831968 0.16417121213507369 0.1452800384627507 
0.016364377989048867 0.014863739353046093 0.014353324541750258 0.155707855417767 0.14171416564102607 
0.015463353895143252 0.014582278903928823 0.015785567654447313 0.1352254404962899 0.15934299643092867 
0.015133709794212677 0.016033168460051487 0.01414282539370614 0.15473602737829914 0.14658734373950344 
0.015900265134970604 0.014605944170730056 0.01380058854328 0.154720671828435 0.1645102384906713 
0.013606292163819617 0.01534818046267669 0.014301190429255414 0.14996692483190266 0.14592781922815173 
0.013955976849063809 0.015078073575722363 0.013526581123891365 0.14318821572399237 0.13881251009063558 
0.015889342182721086 0.014823569020293104 0.015264355430034448 0.16499832481303772 0.16418433597451534 
0.01384690422593468 0.015423004532878875 0.01518890919018341 0.1571557213066012 0.1437003920882633 
0.014511765029752282 0.015606846919622629 0.01606796593256977 0.16488171472869181 0.14536246435249522 
0.014649526226568043 0.014036578984857637 0.016466014945358882 0.15119561580243354 0.13833148884733407 
0.01376222275257297 0.014703198682642587 0.013843365312311428 0.13583358845964066 0.1382271670638098 
0.01480110626457686 0.013936497497388378 0.014861544544974202 0.13886113592177965 0.15360864085004644 
0.015774675346903116 0.015055058451058896 0.0140691165501257 0.16194175495386065 0.16444967076665487 
0.015573148057569325 0.01513079158496669 0.015536187708082851 0.1582363352003914 0.1571896271237997 
0.014822682887896723 0.014931636467935808 0.016489605952405017 0.14634644522175086 0.14975340696125425 
0.015798355243155284 0.016382349025628087 0.014227332590192352 0.15386612216948853 0.13508980814801375 
0.014187520354857147 0.015100792430650156 0.013784079653116491 0.15594805179743676 0.1424715271824286 
0.015708854760969285 0.015236860281866521 0.01586178853452575 0.15490414371213185 0.14120204302895095 
0.015435057414393568 0.01545376896070139 0.015595136470176487 0.16045187802011293 0.1462216804962709 
0.014860014075215913 0.015477422868977108 0.014707196979058703 0.13675371227854566 0.14478326403807357 
0.014566910590978468 0.013809362449052726 0.013762914615259962 0.16456386408474918 0.14719471433922587 
0.014842958215199997 0.01642785777201424 0.016262331153763326 0.1614615530954907 0.1407150140996606 
0.015938042582943585 0.015541946583898061 0.015045199322383787 0.15299430484049029 0.1380091204783265 
0.015259309112508397 0.013765815562423072 0.015836743445298795 0.1420682172571326 0.15089106022738666 
0.015414910957405666 0.015889799542018104 0.014612679061196543 0.15747059301788816 0.13904303936223328 
0.01395329487746653 0.014733129559603615 0.014205243966367178 0.1520862963981601 0.13981991941302319 
0.01621449432199576 0.01596952255841759 0.015843434157586482 0.16011420226136616 0.141190063356769 
0.014924496559698915 0.01414051185303866 0.015909425085689273 0.1426412243386536 0.1644790781197695 
0.014361079506712657 0.0164855119203945 0.014059702222413527 0.1356053412922299 0.14755411119484182 
0.014584154804754893 0.014179655184903701 0.016282921243687725 0.15817412653134022 0.1393238201162992 
0.016388866623653475 0.015237452088300902 0.014337977128961999 0.15877936666061473 0.14875930813769953 
0.01397437966050066 0.015332936061223683 0.014004601570720922 0.1576109228045926 0.1582986871528279 
0.015205639998060424 0.013565533860439908 0.0158778166443247 0.1514111951058951 0.14707671944447243 
0.01649151805477256 0.014467661920241895 0.014873541178697278 0.14118204003555274 0.13959215946592418 
0.015508984500051039 0.015153713313551469 0.014997526713379452 0.15240811543751787 0.15640672898153213 
0.014521830432502403 0.015075178064326532 0.014513943882777288 0.15693725209286 0.14856052059706662 
0.01490532095073107 0.015204088394053088 0.014920642588351652 0.14346916074649504 0.15224314457595386 
0.013607684520124046 0.014025500887352122 0.013555142308631925 0.14679908883449191 0.1473814088547229 
0.015989376857539258 0.01471821345256398 0.013922298410601134 0.13853149389659442 0.1524278062772295 
0.01481203813976176 0.013599760274198097 0.014829791568342375 0.15369745495353554 0.1358515381745638 
0.013688003766036773 0.014568281460682333 0.014136460198731585 0.14155596307428492 0.13962119133997067 
0.0153239527137731 0.015462940121547602 0.016410349836483484 0.13995293124563044 0.1643062864750107 
0.01518339762112712 0.016454714576151334 0.01582083296645205 0.15584776826234864 0.13861697577444834 
0.01580773196908889 0.015654975773893173 0.014528290841619948 0.16161365883813553 0.14581027551769896 
0.013643461227099519 0.01604507788417547 0.013764411486985938 0.14757378317859066 0.16403289288414333 
0.01583628913988455 0.014683822657406729 0.01591833411873822 0.14852454835773612 0.13867584542544936 
0.015516329689939299 0.014112620383410573 0.014031063613273258 0.14826693258077486 0.14845117572746017 
0.015594953710298115 0.014111573407941896 0.01628045032364052 0.14758109695950616 0.1466253152684167 
0.015075950044265402 0.014783648977682948 0.013982409195750917 0.15667590826099784 0.14687798028532165 
0.016168727181621868 0.015435625489828554 0.015226428671633938 0.14899496115684052 0.14976898963418692 
0.014302103602754765 0.01596954734612261 0.015484863705560818 0.14742727117178522 0.14353518230483234 
0.013518278113277098 0.014900780670785763 0.01567791497292716 0.1382484521069428 0.14660236841564217 
0.016181221958726406 0.015989421347828187 0.015779347037528296 0.14117970166422847 0.15562732202104895 
0.013884132590937232 0.01583020061606011 0.015808911732245294 0.15467262230836246 0.1538572404282135 
0.0136151142989365 0.01500086776301061 0.01407187870906555 0.1493285756060853 0.1504800550236841 
0.01632846859177417 0.015469320226955963 0.01473212902108265 0.15659479783540603 0.14217134143911836 
0.01530933565275751 0.014044647969586743 0.014714277136165105 0.16460674140888418 0.15734418304624956 
0.015458751114478253 0.013955496055795692 0.013758107832027544 0.138356046715681 0.15585353829175172 
0.016424094349320247 0.015807098004734225 0.015535244468527729 0.15081041141535592 0.14049011888922563 
0.013845659886968367 0.01502012172606563 0.014418108436070786 0.16169926417948385 0.15717677146484385 
0.01503231496958909 0.014585232669325272 0.014322824835068896 0.15392175636108707 0.1625309218491461 
0.013820964601462432 0.013538619797333703 0.01620968421676126 0.1493992048006057 0.13936201802678802 
0.01411384210991168 0.015206028440154971 0.01591527376325658 0.16399266796690776 0.16088871213309527 
0.015731370741479293 0.01643580464571973 0.015325219977441473 0.15414699295129503 0.14671545506135178 
0.014557752026555326 0.016066126391671078 0.01473913146631178 0.1393781820661318 0.13696615833908604 
0.014961966669824562 0.014982145185917962 0.016397419382747358 0.13640859463686178 0.1623309104548319 
0.014769996740312034 0.01618721550189613 0.015007190611298328 0.1627307027569616 0.1460348820983899 
0.0160508811746737 0.014363058533734718 0.013621970133705485 0.156261038481929 0.14230570309511023 
0.016455920875607214 0.016024136344823813 0.013511962955484605 0.13714183462651988 0.15524340835578643 
0.015706372441946465 0.015436578796489278 0.013850554719095163 0.14662870566593658 0.14207907803487982 
0.014296434227980534 0.015308592577048223 0.015244621154074892 0.15371153590344122 0.14545176520674255 
0.01448503390444345 0.013906037732335322 0.015483368890595843 0.14976284835960255 0.1629472390488856 
0.013758295167583616 0.013996159012234343 0.016189087283530922 0.13760128695590243 0.16239724112208417 
0.015566950583180703 0.014327969327993609 0.013702325836464172 0.16059649907327503 0.14331798930157197 
0.016211100578469327 0.015970784709446927 0.016239839136418226 0.15611320846329388 0.1404342728191636 
0.014325835914506672 0.01540578431099008 0.014235459390449774 0.14951242761680958 0.13903665399349094 
0.014900495556948124 0.013845674178164482 0.014096805585151891 0.14125705949878004 0.15003914741363025 
0.016219904377964355 0.015099939316899093 0.015610286205806907 0.15919305590412522 0.14489931065993022 
0.015401425939216217 0.014949279796219619 0.015982027321764448 0.16234028145584237 0.15109212281308157 
0.014959460676065121 0.013597400608074527 0.014649635734389425 0.14184823671108476 0.14171850969287902 
0.013704252424371384 0.016052093554596254 0.014916721155401528 0.14647180169621138 0.14532125706639296 
0.015066663377867986 0.01609548679402873 0.014224155310550319 0.14801633817015544 0.14694084058925733 
0.015884510775841534 0.016097585278453324 0.015996448169846276 0.14549221240084262 0.15296377853495705 
0.014241485583387474 0.013962704083774839 0.013930623100839503 0.1416942671326349 0.1413355281888661 
0.013704913620072317 0.014577139930252388 0.015499060390738178 0.13887535431220002 0.1416104827614754 
0.014546123121434704 0.014654376520526367 0.015759840388542355 0.1579417015848884 0.15950586515548906 
0.01468233930417685 0.014813573913870039 0.014918004028352921 0.13762327193291324 0.1375761937705995 
0.014102113880961699 0.014806942629426882 0.0164956125019117 0.13649721948406124 0.1444812066317 
0.015612692561611415 0.016243315556575745 0.013583546536500667 0.1420661842345775 0.15791352118080448 
0.013697707576365589 0.015970476829253427 0.016156554607472177 0.14289352373624406 0.13794740133208544 
0.013617237161127005 0.013990814895973454 0.015254566187642841 0.16412285268332766 0.1475997525507851 
0.015250137548296015 0.013819262600277004 0.016162797805150998 0.15985917199690808 0.164507662456148 
