file_name
position_num 5
robot_num 12
position_x
-29.295609456676917 27.65247853192963 -10.510108569581128 6.225871311670737 -4.167134449226186 
position_y
8.494440710240326 8.659612986103582 -14.308713870902753 13.057494152999823 -18.56861585759738 
distance
0.0 30.502266414447405 28.976688320578024 17.75391998359088 14.465808900476642 19.030462537335882 
30.502266414447405 0.0 56.948327520997374 29.544524068439202 35.81336416336186 36.930330177160066 
28.976688320578024 56.948327520997374 0.0 44.54129648865953 21.8732909213358 41.87916207656845 
17.75391998359088 29.544524068439202 44.54129648865953 0.0 32.07806671533023 7.640686201365514 
14.465808900476642 35.81336416336186 21.8732909213358 32.07806671533023 0.0 33.290019572665216 
19.030462537335882 36.930330177160066 41.87916207656845 7.640686201365514 33.290019572665216 0.0 
lay
0 1 2 
3 4 
0 1 
2 3 4 
0 1 2 3 
4 
0 
1 2 
3 4 
0 1 
2 3 
4 
edge
1 4 1 3 
1 4 1 3 0 2 0 4 
0 4 2 4 
0 2 2 4 2 3 1 4 
0 2 0 3 2 4 
demand 
0.01067547732299569 0.00990353176268912 0.010963605946193552 0.09334300579927995 0.10384614636280641 0.009217820611213949 0.009711087378073295 0.01085671693208395 0.103458476502476 0.09175011597614101 0.01084402413248408 0.009039800136468533 0.009338057239204346 0.09113377412629059 0.10082518811752034 0.09845134609709513 0.09173085868308761 0.10835872406611678 0.010766418456339296 0.010159383409853291 0.00907107945762069 0.009089834169350596 0.010762579601721969 0.10908985067369588 0.0974820582546333 
0.01052331415476951 0.009219881862528222 0.010561562324777687 0.10961668747514651 0.09926249866353754 0.09007072464857246 0.0995020218925024 0.10204476725241798 0.010660636738740221 0.010254807201879322 0.009205149852171765 0.010560631749295071 0.009603460073909057 0.1052148598658633 0.10928578003463754 0.09202644670557343 0.10110368300891735 0.10565787581724516 0.009544608965008325 0.010207475513713267 0.009560583757668032 0.009638476704482405 0.010720595162912008 0.10045452750550138 0.10023607564172876 
0.09976487767310542 0.10880736003809043 0.10099547919903784 0.0096387888872731 0.010920738904957088 0.10121963893815639 0.10663379317366928 0.09801639154093456 0.010287158160227348 0.00934355229825813 0.009545350457008163 0.01062606322218019 0.009031487416323139 0.09316283576278445 0.10554558188105377 0.09154126806303414 0.10582827241829423 0.10287275868877915 0.010857527878111508 0.010337857010650469 0.10714476343626132 0.09075220007276577 0.09721526690376178 0.010899031431019654 0.010570244264268662 
0.10851567807871719 0.1013244002238361 0.09868341597350966 0.010283215314925933 0.010903101142868719 0.010141707046887731 0.01049855454492215 0.009810964697352167 0.09153049726974226 0.09227753123073007 0.09077993888942738 0.10459258465559258 0.10168292539574526 0.00960234189412991 0.00956268446143874 0.009866946352873227 0.009169078631614837 0.01025347821626088 0.0985679253722751 0.10953008504473523 0.0982440811351234 0.10544503398239156 0.0902381853951274 0.01024103856991757 0.010410327045512362 
0.09557614305626012 0.10669519090141005 0.09699081438441691 0.009192915630108187 0.01003944921722229 0.00958570575967398 0.009829672394899649 0.010266684803862357 0.10848427515974307 0.09918652473917063 0.1048966112329933 0.10790432174797666 0.10056341558502897 0.01063893269472295 0.01063386984669055 0.009238263793252715 0.010644124647643123 0.010986642972273008 0.09245283033029235 0.09589004422703828 0.009532369647701204 0.01084006766335285 0.010581771236632153 0.0923655026417823 0.09280370174783797 
rate 
0.00974637668662008 0.009643721191131428 0.010480952567173825 0.1053023187792212 0.09545741138773664 0.010508432945332049 0.00928307288373798 0.010180615021234218 0.09310407190413501 0.10625715958959701 0.01063604898494085 0.00907594989090022 0.010023234416887229 0.10629266243262912 0.10509998093832756 0.0900615629600531 0.10064044053198147 0.10370671712145696 0.010567200335958616 0.010213933462180344 0.010275767663837462 0.009900067232419093 0.009515266637037478 0.10881777662214048 0.10720742885952612 
0.009194737457043429 0.009648193153834216 0.010583402856032528 0.10624393532959563 0.101372267772082 0.09186226684418852 0.09977399969820017 0.10397535171141066 0.009426718651612806 0.009081340891781817 0.009468856060365127 0.009451213510902298 0.009793748969279138 0.10393885154600842 0.10403562399147831 0.090676973429393 0.09005722383905737 0.09886179976937831 0.010122850222462728 0.010845327904241656 0.010892607322778539 0.009800653032652203 0.010618483148550717 0.10831152570371944 0.09241551225196186 
0.09216047851766795 0.0902106319857427 0.1060119965023111 0.010637485839024787 0.010781437188483825 0.10408916813580281 0.10116198078884674 0.1006079518442967 0.010635571539957414 0.009975525341520844 0.009550536020713343 0.00934870351025399 0.010400625919912629 0.10035978603977463 0.10764770374337598 0.10059354207334899 0.1029617030486985 0.10009237227861859 0.010467361561709581 0.010253622668123167 0.10575115492623927 0.10619215196856778 0.10286638400665249 0.010041936656802542 0.010108056536092036 
0.1062826192530536 0.10217900948462447 0.09119250304258479 0.010992147568842472 0.009354872818652988 0.010047902797639723 0.010115802786366947 0.010756784317822246 0.1019675899967574 0.10022749764539725 0.10311056174742168 0.09134516297452677 0.09932364197804462 0.010033101144623507 0.009433498259065228 0.01019324002532054 0.010542017187442436 0.010120501480077941 0.10064227198674164 0.09024609591770238 0.10862867915691606 0.10740506872958384 0.09974112988408255 0.010723506515598225 0.009289626671463222 
0.09684675762388491 0.10438722703541087 0.10094772597240911 0.009690165112987283 0.009504859185813556 0.010418885377500029 0.009177154750009965 0.009251817821709467 0.10018954129033593 0.10213828411912834 0.10627095382228419 0.09810295762424893 0.09399278556582379 0.010399312505760963 0.009005568890866563 0.01079481746068474 0.010718431893125413 0.009307404149285084 0.09247281520594315 0.09814319085730445 0.00963090774095449 0.010868418275458045 0.010506608245192877 0.10351086911578873 0.10867127147327849 
ability 
0.014726621378318818 0.015746426062360885 0.015302757412090822 0.15206964021638317 0.14565462307578178 
0.015713815843078103 0.015565817223712086 0.013686360153451557 0.13665618340291927 0.1598184655314633 
0.15547381346788702 0.14896193911626832 0.15248263019142788 0.016234026698964513 0.01627166567260578 
0.15744024241965823 0.14075569298557336 0.14747800025511917 0.015059674011998814 0.014905473832842174 
0.14578867267640225 0.154694836899235 0.15784689753009254 0.015041372117218624 0.015405061350834344 
0.1410298944090967 0.1647579523976935 0.15250136564100314 0.01435044744995919 0.01646480988747434 
0.1418091366386343 0.15588859240777203 0.15710684775249026 0.015994932505652145 0.014319001699551808 
0.13951758589518354 0.1447550436346546 0.16103592695824379 0.016065914072775512 0.01364083730931926 
0.14426214505645577 0.15563827214180342 0.1446907583193321 0.013659214254474526 0.014012249569656528 
0.135811850555389 0.15474155746533097 0.16365368356828425 0.014054498280405342 0.0160609127893413 
0.13873956388992062 0.15385361904957057 0.14606373398907643 0.014275509478145198 0.016188799533901954 
0.16461867998393453 0.15260978023924135 0.14334802369111427 0.016228420468373375 0.01541074863143978 
