file_name
position_num 10
robot_num 25
position_x
10.768641654687414 0.14781161254374808 -25.916437982065943 -1.953478189417929 2.3970573404406963 -27.030240026480044 6.74942117886291 5.9416351380397145 -0.9051981775709592 0.001715160399900384 
position_y
29.57584830112851 -29.279362655041318 22.974532867597866 -6.5230084726453335 -23.35286612117823 4.91028190310859 -14.498299328680558 -24.13200691584282 2.9038528847362173 -11.740194087102495 
distance
0.0 31.475298979015832 29.27973575287576 34.63366740850014 6.809237591003442 23.475566872112687 27.472618081593893 15.992353475136243 24.85270178270109 3.0416681799415 11.740194212388975 
31.475298979015832 0.0 59.80583489492772 37.27428649092972 38.27505445719466 53.58667963522878 45.13474960694948 44.25702907479773 53.92433313374318 29.114839445225755 42.695925622470014 
29.27973575287576 59.80583489492772 0.0 58.39361869434881 22.85316333697546 6.338964230089475 43.67583182843887 16.18830077321285 7.750074977085721 32.20043776251894 17.53977702902469 
34.63366740850014 37.27428649092972 58.39361869434881 0.0 38.00432063783567 54.29440039675231 18.09855568552896 49.71188497263084 56.867942755957664 32.06858761361962 43.32277610975215 
6.809237591003442 38.27505445719466 22.85316333697546 38.00432063783567 0.0 17.383074177671897 27.56019072954761 11.804478881034186 19.297918038636467 9.484967371295033 5.571517456750056 
23.475566872112687 53.58667963522878 6.338964230089475 54.29440039675231 17.383074177671897 0.0 40.80160985260175 9.86642914456937 3.6291999312716943 26.463563336440302 11.857141979857005 
27.472618081593893 45.13474960694948 43.67583182843887 18.09855568552896 27.56019072954761 40.80160985260175 0.0 38.95842061196411 43.93858317820529 26.201976433334522 31.748463772694283 
15.992353475136243 44.25702907479773 16.18830077321285 49.71188497263084 11.804478881034186 9.86642914456937 38.95842061196411 0.0 9.667514683862473 19.011262429171254 7.289628319415353 
24.85270178270109 53.92433313374318 7.750074977085721 56.867942755957664 19.297918038636467 3.6291999312716943 43.93858317820529 9.667514683862473 0.0 27.889367895460122 13.74189486654944 
3.0416681799415 29.114839445225755 32.20043776251894 32.06858761361962 9.484967371295033 26.463563336440302 26.201976433334522 19.011262429171254 27.889367895460122 0.0 14.672102900266477 
11.740194212388975 42.695925622470014 17.53977702902469 43.32277610975215 5.571517456750056 11.857141979857005 31.748463772694283 7.289628319415353 13.74189486654944 14.672102900266477 0.0 
lay
0 1 
2 3 4 
0 1 
2 3 4 
0 1 2 3 
4 
0 
1 2 3 4 
0 1 2 3 
4 
0 1 2 3 
4 
0 1 2 3 4 
0 1 2 
3 4 
0 1 2 3 4 
0 1 2 3 
4 
edge
1 4 0 2 0 3 
0 3 0 4 1 2 
1 4 
0 4 0 1 0 2 0 3 
1 4 
1 4 2 4 

0 4 0 3 1 4 

1 4 
demand 
0.0992610923527349 0.10809788508365847 0.10238721642116862 0.0099215848549939 0.009885116745855838 0.010077135889884384 0.009040268745511918 0.00966185395894305 0.10551964705720603 0.09153236581211921 0.00928308872095663 0.010296509514524576 0.009746033934128893 0.09858963008070809 0.10102710903259482 0.010229839059562347 0.010108853011008553 0.00986711496790309 0.09086802215879036 0.09333310042700418 0.0906379392843836 0.10477237611856548 0.10929832215648289 0.010175144060395767 0.009473600022004347 
0.009321174157835302 0.009765999358472943 0.01069330099451349 0.1005661954951648 0.09091110496706525 0.010144736310719594 0.010500472148221932 0.009113885365255134 0.10879026669986006 0.09434362454927059 0.10128915831964001 0.09435433258714368 0.10933896920228198 0.010899677867180073 0.010652556501866526 0.10312966776127018 0.10804633416185559 0.10835196801784204 0.009170229536257719 0.010044109506549943 0.010175262843987273 0.010196607272499417 0.009707605953609835 0.10977866694224842 0.10176611447710637 
0.10737199987817675 0.09391317951035148 0.09099399945357105 0.009987586211243493 0.010050879577938486 0.10478826564167057 0.1021094608666981 0.09144535824491858 0.009725264757233544 0.010867141420150158 0.09046070294433868 0.09824193125089209 0.09753254972905939 0.01096766189205818 0.009568549787264645 0.010874674830028526 0.009439488396430886 0.00919278232250492 0.09692829630807465 0.09572666239682925 0.010591620851721032 0.009201130452435527 0.009362792190851869 0.0991797304474469 0.10862367960651237 
0.010069099205901882 0.009929700404173859 0.009905247903951937 0.10010090783738926 0.10102627752281679 0.09306503651563622 0.10630696499106179 0.0954855984570726 0.010311934228284466 0.00947299733946011 0.009809468415380156 0.009367724114481642 0.010373257295647644 0.10158436211957161 0.10087614396253493 0.010208055691500004 0.010018233971861133 0.009176059549652013 0.09499649422212804 0.10850388335861201 0.009271687488243884 0.009563009714368085 0.010901437968643094 0.09071588335088934 0.10217481692426943 
0.098681370532855 0.1053009415661397 0.09266180898869156 0.010710461467277926 0.009419214407344246 0.00971351332526662 0.009897885038210862 0.010391912497451153 0.10971078766313136 0.09849513684033526 0.09077134336765742 0.09625299942158827 0.10698725244029955 0.010746403478104724 0.010955171344462602 0.009229222299985605 0.009129646216742658 0.01077562404269312 0.0968471225099487 0.09799870926000909 0.009406712943838713 0.010251812957974418 0.009092248647961095 0.09778604747906165 0.10697399023748577 
0.09616364808161237 0.09548854681154523 0.10809579617816145 0.010631447737012904 0.009426957358262322 0.009765540213066567 0.009162472852799575 0.009527061417961188 0.098375001966096 0.10751863445139914 0.009334879930056956 0.009790032580481164 0.010331492757032915 0.09366605831445209 0.09591201865977765 0.009595126488423096 0.009045246553304022 0.00981806044023847 0.0995680516363624 0.09314368825225725 0.09032452343749407 0.10976627508064839 0.09715816514146804 0.010387049994702555 0.009430713574559824 
0.09587678322401777 0.09822688881612507 0.10003420590312946 0.009073362883321692 0.009845854483060815 0.10075699928559373 0.10156003212971963 0.09920006135683879 0.010953092982351842 0.010346969620188122 0.10553639412021143 0.09314879832525724 0.09689847109051802 0.009309153176019623 0.010992133832741358 0.009763846936241946 0.010204317105278748 0.009483126408748056 0.0996679561016089 0.10152554269864274 0.009999607242778083 0.009521311713817404 0.00966115055744167 0.09612532646950873 0.09445447223244581 
0.09458916922153147 0.10150611058108541 0.09325132747509353 0.009770966359076294 0.010992369655974745 0.010710563418314095 0.010362743108731219 0.009236972163054878 0.10135970356723562 0.09305729898575288 0.09108567267702526 0.09253166885171363 0.09451160149486015 0.010497224981521832 0.010484610904143774 0.010244160977679112 0.00933825634147623 0.00964381167289265 0.10514881801175918 0.10971845110117324 0.10376009198857838 0.1091914020490512 0.09003782428814734 0.010704962274648412 0.010419410113003553 
0.09062997048639652 0.1071955128515689 0.10785394125877333 0.009820121578397246 0.010903131705336466 0.10834159849245384 0.10400677960035548 0.10313023367404078 0.010358277047293245 0.010795608381976986 0.09053351507673217 0.10507781917919526 0.10220647074022765 0.01030723245323252 0.010226147621301904 0.09414975211341561 0.10622186876095395 0.10572575627554673 0.009877200516812923 0.010277717272118696 0.00991494524915117 0.009849083734983532 0.010924259695847538 0.10486392649817561 0.09750838305410939 
0.010093449463277806 0.010049359794913091 0.009088593352406409 0.10420642582953393 0.09228573667101955 0.09540534333932085 0.09230818852545206 0.09971321796670662 0.01064503745767857 0.010241598194710716 0.1050319961421377 0.10031907520970572 0.10177886072022069 0.010352500526108824 0.01074652042623805 0.010435405479216526 0.010539440544999543 0.01038341988278401 0.10437723534258292 0.10300503870197136 0.10107799869396406 0.09571061381045043 0.09684440232940501 0.009676177658878507 0.010712476180938242 
rate 
0.10929103124030387 0.10167055217696193 0.10143572715694885 0.010943103474118922 0.010582881411592198 0.009785333841556488 0.010958334034619863 0.00990562889851297 0.09948812579562956 0.0975450322009101 0.010200232034044847 0.00949346095547036 0.009750448907070977 0.09764219922824643 0.09765842857160734 0.010980918642683735 0.009159448896754872 0.010011054001085193 0.09235879079747637 0.09048077950432704 0.1082933771026135 0.10750652542012613 0.10317085699868918 0.01045366366304462 0.010317801035583656 
0.009134571969796867 0.010692635651806389 0.009481307830791139 0.09542541096611823 0.09691636687643823 0.00979410649104649 0.009701475795101264 0.009325150603147196 0.10775952894985197 0.10730046877636717 0.10671393853302957 0.09074574807892144 0.09775990265423731 0.00992141015942189 0.009552598180004139 0.10603711694928993 0.09510865824858442 0.10555636130278107 0.01050426847339774 0.010707118123094755 0.009458011176279429 0.009677605726171127 0.010462930273297614 0.09421894619846376 0.09896861936513786 
0.0943977052718138 0.1055308848388693 0.09343546638864658 0.009423317611522963 0.01039982685372646 0.1049567370782988 0.10135729328539203 0.1027494329544299 0.010712022437032702 0.00995599852408828 0.09737429495766599 0.09823833422722276 0.10782959160800801 0.010046198590401427 0.010359812939783348 0.009131967511452583 0.009671222920655882 0.010165360477639787 0.09314191618955829 0.0995166547214828 0.009558740069781455 0.009591986886010866 0.009668888498015003 0.106218028125878 0.0917590451690259 
0.00935436649896659 0.009071906150163681 0.010039867662702649 0.10122214347469023 0.09834647479515801 0.09387146441866263 0.10046277734992402 0.09290027230661907 0.00919428207136501 0.009850663946233407 0.009694324522610718 0.01021428478004553 0.009897026300958421 0.10109227028633416 0.09828711789776595 0.009073998729322026 0.010059952028047934 0.01036391928430727 0.09898925998316922 0.10450676254375413 0.010684736319903874 0.01038112357677616 0.010477780766900353 0.09400733928068142 0.09896967483020384 
0.1054683592011583 0.10017642617509954 0.10687335877865677 0.009815234566480056 0.010595463339104345 0.009534484534976042 0.010265683954794484 0.009905006494138283 0.09376658574320558 0.10119577682880516 0.10927423285063063 0.09593619090427052 0.10206347450228709 0.010032865015310248 0.01063969280823686 0.009797058120334755 0.010165475708976834 0.00982620939136071 0.10611868216908407 0.10614109954997064 0.010736836720087978 0.009723895729323999 0.010628826788128279 0.0986700648247381 0.10586148514494131 
0.09018497778687413 0.09673991915416486 0.09576146623501312 0.009925992977332458 0.00989669560589493 0.010345184603402321 0.010198371444003755 0.01038700402037782 0.09640331279374686 0.0947743744353164 0.010371704107288856 0.00967004350841588 0.00996840393600607 0.10146432458016111 0.09710522738101132 0.010308813151286107 0.009119235107469276 0.009680284337080784 0.10540511614299251 0.09083878221614272 0.09355047645969652 0.09130760496598839 0.09516499911295624 0.009627158541729155 0.00952005458597103 
0.1018188340113549 0.10332789143053961 0.10249462076688994 0.010563589945743647 0.010805882605577804 0.10527853558835248 0.10434061234473285 0.09444500231190064 0.009865358403821571 0.009866231892041718 0.10043021099244065 0.10341906397873257 0.09126398055760611 0.009153412874531046 0.00965812074835569 0.009421724132927814 0.010762850743343707 0.010194100816834323 0.09938331374454068 0.10955045209872119 0.0096658471140578 0.009324404560721386 0.010117731609476488 0.10285699551739275 0.09440916603621308 
0.10697108613576166 0.09257490639013806 0.10676126951469277 0.010653688602726245 0.01065661512966384 0.009951694380626644 0.00954711212808585 0.009815741793649904 0.0967884730157418 0.0962831579888837 0.10330427901473012 0.109576562438263 0.09759101556861421 0.009914853801387903 0.010931990682901354 0.00945339557844533 0.01087935525512981 0.010187193527943473 0.10388464420120032 0.09316947550862725 0.10719849756860195 0.10723115823173424 0.09507046902824373 0.010450222822161213 0.009306958929893519 
0.09335227347332581 0.1014813929645764 0.09322208741917089 0.009158679042211989 0.010107498742198238 0.10000704926101722 0.09576583853508275 0.10314893797421949 0.010683751128995445 0.010407257235859162 0.1011817397231742 0.10331020351703822 0.09820638222433276 0.009313186983198342 0.009710239100719237 0.09333278281973549 0.10905504532126564 0.10971331671447425 0.010049872723231995 0.009668419005749159 0.009678184417487589 0.009416944290378962 0.009263537049874959 0.10546808961005537 0.10222744454039728 
0.009642776642996303 0.010243125383010213 0.009428291459404381 0.10711017415187106 0.09880969876186708 0.09635460969137294 0.10859012517587735 0.10350853183913374 0.01014729746934927 0.010261074536141158 0.09059459648658237 0.10797075806106204 0.10449178258814751 0.009930651034914244 0.0107806246931427 0.010277587791114566 0.009516327057434644 0.010648363560169457 0.09285136353420048 0.10451920449928587 0.09832717756498532 0.0915678207156412 0.09595915939952805 0.010557389208838964 0.009851386785119305 
ability 
0.013881440932795967 0.015129253458430702 0.015047405570291657 0.15881426791270797 0.14414038715001526 
0.015942684772886965 0.01611631436848837 0.013528581869005848 0.16352090388983856 0.1500564708960588 
0.014021466256207201 0.01627062144080889 0.015735929049361073 0.15884393375925576 0.16253740717074788 
0.01449155264647555 0.016212928950679537 0.014606744593322696 0.1350555908078425 0.13688031659614558 
0.015174111851012438 0.01578047460291924 0.01595121195574871 0.1572344881245138 0.13683091845089557 
0.1578041657796707 0.1488449866536681 0.14472287475588175 0.01602780792721726 0.014679728273764413 
0.1444680179755751 0.15861062366564907 0.1639571961971903 0.014514466175022432 0.01564434275323965 
0.16482943479467324 0.1607581594396528 0.14648465179927114 0.015318776516546255 0.015438300665577054 
0.15163992760810163 0.1609966011947102 0.1530462146003379 0.016345062054208714 0.01374956035238423 
0.1527805584301161 0.13566055617609987 0.15466911656865426 0.014824991543340845 0.015630603326914457 
0.15078692071748417 0.1445567120270806 0.15538370500446588 0.015224632090310768 0.015691131186710876 
0.1430108149900249 0.13797784119897244 0.13951804771715512 0.015611280885186122 0.014127984620352975 
0.13992556402685902 0.16170826993298593 0.14866609591245813 0.015971623819241908 0.014127688368893132 
0.15517399569625628 0.14907128804318603 0.1598267240041352 0.013825876128956074 0.01565007507275241 
0.1627638027339696 0.15976194546736663 0.13504293279542115 0.015656828712662774 0.016491999391536616 
0.1641703525023387 0.14306190559804213 0.14189425868013164 0.016144353035928476 0.01639260948961305 
0.15376679150880326 0.14033123621696983 0.14174037054912603 0.014097920014870953 0.01405039847628796 
0.13520136800753302 0.15589269797358532 0.1489146666781309 0.015344436643838342 0.015619746716860165 
0.14822112109563343 0.1633988341080377 0.14971692373166312 0.01407539324655966 0.014118475363278921 
0.13663010989292582 0.15797132764839103 0.162954804789837 0.014713362749259218 0.015146939347509073 
0.14517331135582073 0.16454979282921303 0.13601914655940445 0.0145977891741419 0.016132435925193988 
0.15790418073613824 0.14665234792718226 0.16472107067328293 0.015117922244517714 0.013979681268941285 
0.15982917144883316 0.15737484025919762 0.15608341260392358 0.0154198846569259 0.014431326080814055 
0.16148253088115574 0.14641489338537023 0.16119441122384762 0.015412785577777902 0.015355980679235845 
0.15147511974776323 0.1437867183120259 0.1453665564236314 0.015786198035626232 0.014053011882465273 
