file_name
position_num 10
robot_num 100
position_x
-27.886562087702277 1.0307307254210123 -23.79825017884515 8.285084171483078 -18.73404461668971 -6.303692867971776 -10.300972764322545 22.151755707104037 17.517766437943827 18.324455435325298 
position_y
-20.031077928430776 -29.367608982408058 20.705550323423907 -14.20371290824731 -3.486221259602349 -26.06601640301131 -10.829694624052436 -11.423150423261916 2.171078931273229 -9.169314850900161 
distance
0.0 34.33517770517783 29.385691470032512 31.544833582866517 16.44348138650908 19.05565969393409 26.817415141951564 14.946314781294587 24.923656362975418 17.651790977126648 20.490534444864075 
34.33517770517783 0.0 30.387178805571832 40.94126494862986 36.63804274491332 18.907693096971578 22.410727925437023 19.847377825915938 50.77331645331308 50.54195107124083 47.47037010247518 
29.385691470032512 30.387178805571832 0.0 55.89096148405071 16.80980035777761 32.56520497067854 8.043275639168687 21.726982596237193 27.714640341483626 35.58807640070742 26.59029898599977 
31.544833582866517 40.94126494862986 55.89096148405071 0.0 47.41304675311494 24.71614837107681 49.936349381475765 34.302305629533336 56.068319509227805 45.28288704207402 51.641358400434314 
16.44348138650908 36.63804274491332 16.80980035777761 47.41304675311494 0.0 29.067128301754234 18.802836480404103 18.88982561600529 14.142705088126128 18.798303902773977 11.230945604582086 
19.05565969393409 18.907693096971578 32.56520497067854 24.71614837107681 29.067128301754234 0.0 25.775197250751933 11.182276240621821 41.649051761907884 36.69058258178154 37.491732140201876 
26.817415141951564 22.410727925437023 8.043275639168687 49.936349381475765 18.802836480404103 25.775197250751933 0.0 15.751944258463668 32.00196990358072 36.943138420833534 29.867109203776483 
14.946314781294587 19.847377825915938 21.726982596237193 34.302305629533336 18.88982561600529 11.182276240621821 15.751944258463668 0.0 32.45815421470785 30.706715289014014 28.673541821761173 
24.923656362975418 50.77331645331308 27.714640341483626 56.068319509227805 14.142705088126128 41.649051761907884 32.00196990358072 32.45815421470785 0.0 14.362344108480238 4.441621568481589 
17.651790977126648 50.54195107124083 35.58807640070742 45.28288704207402 18.798303902773977 36.69058258178154 36.943138420833534 30.706715289014014 14.362344108480238 0.0 11.369049136724373 
20.490534444864075 47.47037010247518 26.59029898599977 51.641358400434314 11.230945604582086 37.491732140201876 29.867109203776483 28.673541821761173 4.441621568481589 11.369049136724373 0.0 
lay
0 1 2 3 
4 
0 
1 2 
3 
4 
0 1 2 
3 4 
0 1 
2 
3 4 
0 1 
2 3 
4 
0 1 2 3 4 
0 
1 2 
3 4 
0 1 2 3 
4 
0 1 
2 
3 4 
0 
1 2 
3 4 
edge
3 4 1 4 
0 2 2 3 3 4 1 3 
1 4 2 3 2 4 
1 2 2 4 2 3 
1 2 1 3 2 4 3 4 

0 1 1 4 1 3 2 4 
2 4 3 4 
0 2 2 3 2 4 
0 1 0 2 1 3 1 4 2 3 
demand 
0.010129045434309465 0.009673555679425445 0.009427770803742345 0.09038821879547723 0.1059511045925926 0.009691626758818808 0.009551600453805566 0.009469198326017794 0.09114759265543709 0.10414484953080201 0.010297548941025088 0.009629448108336302 0.010370884852523046 0.10509973833056235 0.09956112420010436 0.10156541586248805 0.1029424209806001 0.09792457073843153 0.01058923482768352 0.010267781506294897 0.09258509408517182 0.10125179046216831 0.09943509685806316 0.009930799999168132 0.010433265514184309 
0.09383908902171421 0.0951373790164247 0.09085359189472783 0.010703363118838143 0.009606585508105904 0.009388718290214142 0.009364695708352544 0.010487380026575477 0.10715996907260655 0.09964179153684273 0.09596573087616674 0.09734207747208273 0.09702061492050977 0.009534172734637879 0.010407600737782496 0.009939887491174445 0.009899605653197852 0.01059947696834341 0.0982508559566764 0.10571213630371244 0.10307966339846748 0.10659553467319985 0.10481412101208475 0.009404422739085183 0.010517556865760407 
0.10934238304764504 0.09521835615600593 0.10542102469653195 0.00990627532155162 0.009003459103778696 0.010552253872908979 0.010443744424139752 0.010284795053759423 0.10571015024820368 0.10425679793846421 0.0975561717267302 0.09610505777553405 0.10855193121104907 0.010105127946666263 0.010437718015156326 0.09940840768968277 0.10342813965711165 0.09716853729903017 0.010566959112982766 0.009784360858561497 0.009548239471500188 0.010248425892056979 0.01016086192004361 0.10779611734405158 0.10117919512165702 
0.010563978116907576 0.010692082014870912 0.010889578836206561 0.10759295327324003 0.1005845548938527 0.09215545732446072 0.09643330784181939 0.09877606188453797 0.009214971331351868 0.010365921768175525 0.009600047324061348 0.010142176379760033 0.010834364207440824 0.09170339879671249 0.09250904202525995 0.09690665889806066 0.09267209643565703 0.10044886481186273 0.00938956234894245 0.009468510081874321 0.09104338237893764 0.10488236525150035 0.10088821772668873 0.009028670096243016 0.010986581739531136 
0.10972104444541629 0.09064415834349195 0.10970644629356703 0.009512297711917873 0.009327599101976638 0.010683881975256238 0.009820760079191207 0.009337082595564794 0.09322951868824841 0.10403212021492524 0.010757981137129067 0.010062864190032123 0.01081152232676387 0.10535453207193737 0.10530883805742453 0.107226109091066 0.10089959570691512 0.10011093884540796 0.010250763310154705 0.009972293155307897 0.09452597654694227 0.10396831020677576 0.10431225732048888 0.01045428999859084 0.010012237772779693 
0.009971932011792 0.010817237050442874 0.010969639295797926 0.10211680354129732 0.09663824012867088 0.00988356245728495 0.009759251325726232 0.010227396468289808 0.10780035834059237 0.0984096755808041 0.01060328347937692 0.009324676957460538 0.009673944748777183 0.10469935346013415 0.106094798910577 0.01087582453767275 0.009592709683122385 0.00948441219093499 0.09270545813320769 0.10984442423335716 0.10931647084422927 0.10520728090106407 0.09297075882727543 0.00921711666891957 0.010321966818478539 
0.09596343793338051 0.10152952028396096 0.10640360758106629 0.010866164106688206 0.009139058610425221 0.009949222495886223 0.009551057156427295 0.009201348897825484 0.09623870576634118 0.09623252588211852 0.10463338858983724 0.09464517825586535 0.10606050258776507 0.009774969631020002 0.010568158369152165 0.0902196009964657 0.0975344836229683 0.09819894638673864 0.009391556634756047 0.010204479486793488 0.09266463698363561 0.09659573316495094 0.10357348483296853 0.010961259473466356 0.00984951615542361 
0.09889489266046238 0.10774208670369823 0.09620927778599851 0.010629164585899003 0.01075982539804654 0.009290786719113162 0.009555741537159082 0.009591782293829693 0.09334228784718646 0.09957402251199426 0.10817830514073848 0.09385309146717608 0.09907810274135281 0.01023643016405512 0.010031343331441019 0.009963235719443433 0.010565252632186066 0.010670052738429678 0.10882443570469871 0.0998553809631137 0.10210406958317025 0.09279639785045456 0.09433289700464004 0.010000311354792546 0.01034112930458696 
0.009735302511553152 0.010928470364829888 0.01043047372718358 0.10399226276835175 0.09369873105135083 0.10339507386468068 0.10946557443233805 0.09744492253959725 0.009072323366563415 0.009676721453035745 0.10562063242876923 0.09348467188288015 0.1028284977952712 0.010333744437394167 0.009336206881039089 0.009047768251806615 0.009833883328180505 0.01044008346554535 0.10143137521001006 0.09543894323422768 0.010871456101567591 0.010913246112797457 0.010215417012439647 0.10745875488667833 0.1084725488309487 
0.009377329178378935 0.010677848141395647 0.010528765128868115 0.09477932313767211 0.09398327988720077 0.009554537002068224 0.009200266297416305 0.009333954457760682 0.10869432355114586 0.09857808963055392 0.009509726674904026 0.010713068261115231 0.009820798718392846 0.0932660133818743 0.10470254457744849 0.010370241352172934 0.009963088374709616 0.009842939008378323 0.0989507870784934 0.10373638333362112 0.10165002507777221 0.10193506461540672 0.1085623834779911 0.010532318526092346 0.010355215414336585 
rate 
0.010737608425710074 0.00937983346653586 0.009130706822622198 0.10288230693039635 0.10492299382817999 0.009338587883186448 0.01040531659808503 0.009795714849751811 0.10086270639558817 0.10784490430078089 0.01097259676442363 0.010957176633727533 0.010158802862050904 0.10995940629627357 0.09089271008266053 0.10550171759177679 0.09703630604647866 0.10798102764943561 0.010177101360342613 0.009762237506523616 0.0921737263257649 0.10642670690797643 0.10990819668161773 0.009239780920292826 0.010861495095297975 
0.09579985919353867 0.09425708389244855 0.10291066227588833 0.010114848615729023 0.010328223368923964 0.010489423236377304 0.009181995490579962 0.009867840828745289 0.09709979373597892 0.10298490626699607 0.10369127685175904 0.09311593246351825 0.10408872253406608 0.0090359852285504 0.009053018652447732 0.010839497343958834 0.01027715320682798 0.010748975669517076 0.10437160001555201 0.10832171192204816 0.09497948654414111 0.10624030087174047 0.10863956875034542 0.009007873226298133 0.010281334416283592 
0.10277949770635575 0.09937881094662168 0.09262257765241393 0.010601856738945961 0.010909310977338047 0.009176987584675514 0.010016316153389332 0.01024290589141358 0.091876603657957 0.09643196623534812 0.10655941080211624 0.10679718144514415 0.10008385037880062 0.009812737208739625 0.01066549005355902 0.10273796674205771 0.09928973339665427 0.09021473895346856 0.009718011994428241 0.010494251242553583 0.009632576237082966 0.00957961512605504 0.0100228733814889 0.10562826715681953 0.10883416823543293 
0.009874448406541957 0.009254952497576612 0.00975657272897108 0.10804286507922295 0.09359327101212363 0.09822861786717256 0.09485704998829496 0.10234118572147377 0.009400582372531807 0.009646403101854282 0.010037669427702942 0.010291298830730938 0.010174306748478967 0.0929617190261869 0.106833619010062 0.10402126570822129 0.09815153083901497 0.1037106956018022 0.010507981827076665 0.009127949034281728 0.10908170893298008 0.09252034017684775 0.09973338911645796 0.010000826639547638 0.010521353790517052 
0.1049316585579274 0.10132196574757187 0.1046416052743542 0.010148242298635875 0.009169363144559156 0.010739654567925342 0.00927078605668242 0.009278547654145217 0.09181153980217677 0.1066680051837091 0.009692123874292965 0.010878174575841358 0.009564185941401423 0.10702097819408132 0.09419490609578057 0.09098297529801674 0.10632625875041685 0.09362682700118992 0.010386912617020747 0.0102473422213241 0.1052998771263102 0.0998824597044093 0.10347818877712651 0.00900454604219901 0.009822041292509834 
0.010167356073329413 0.009921271194010763 0.010859525827476665 0.09612530873884374 0.09820528095399608 0.010055413903583985 0.009225374257593812 0.009138371478455237 0.10876816125161436 0.10936908296015271 0.009158917902853838 0.00970970350182466 0.009200681860585005 0.09144813230791286 0.10713908703718156 0.00998018168496682 0.00966262164921966 0.009287436104847134 0.09578587551361871 0.10612557184556798 0.10855106473297514 0.10819130351745028 0.09341942009296458 0.010746554548291924 0.009060886509258069 
0.1064923429777127 0.09369352418524185 0.1047831450618533 0.01030295670466249 0.01094002939753553 0.00964646251247619 0.009448055687249742 0.009894023002735121 0.09442956126181669 0.09390741038880292 0.09380825289799204 0.10619944477429988 0.10230090535070296 0.010502172969475747 0.009782241828794312 0.1051820750307601 0.10179380131013245 0.10297355308539975 0.010792241497660676 0.00911143725836753 0.09439394498858872 0.09553815552585145 0.10610007325923963 0.010213526315933759 0.009408966475600154 
0.10030751405660482 0.104035624460857 0.09237295729258664 0.010063537886399314 0.009935354078278356 0.00942626060749389 0.009749230983057357 0.009491145806435853 0.09401194449100661 0.09917437031848386 0.0991556886588523 0.10303635769758984 0.10602773062050729 0.010207917379181109 0.009322427520416201 0.010244108355501259 0.009912904109822509 0.01025736948839173 0.09533262192365871 0.09890774818033599 0.10192524638566935 0.10874759089170319 0.10599842999269234 0.009643894001610502 0.009877514178944944 
0.00980612622356093 0.009937935548052834 0.01012001208385625 0.09838119927062325 0.10021636734521683 0.09684827888533898 0.1052017113387329 0.09375756487601523 0.00970770549006705 0.010989782520083018 0.09457925849188722 0.10745808296932349 0.10309282621396908 0.00905943025346766 0.009009654867341364 0.010250477769293656 0.010975820776650607 0.009181576326448228 0.09960970814671966 0.10641249746185633 0.009438798987119683 0.010884135573496285 0.009411957204801629 0.10194484125698045 0.10335528795776072 
0.01053424496777264 0.009120928740377511 0.010278881225019115 0.09500021174163896 0.0980765774254397 0.010415565711733304 0.009952172144380374 0.009075574717273186 0.10267885245614324 0.10314727056784848 0.010790797946752853 0.009547231712917546 0.01052691093586896 0.10705397767395369 0.10408184678260884 0.009861033818682788 0.009308699258321203 0.010674549122570423 0.09608087707429924 0.10653569173000128 0.09142862956653701 0.09824649642419217 0.096166939796267 0.010567796712039241 0.009536587759941453 
ability 
0.015256046342819792 0.015602514814121666 0.015431675798398143 0.13666591381886958 0.1516987410939039 
0.01625171236912415 0.015948084835016453 0.013931976149924417 0.14714698256515021 0.15933684840926288 
0.013578611156845095 0.016192262857998574 0.016289913288533336 0.13563798543733613 0.15278218913130018 
0.01630619952631813 0.016259450234624957 0.014056252792017611 0.1480399910162189 0.14353050328180894 
0.015926778153439177 0.014917701571076445 0.013526402713308011 0.14274822296222997 0.1495813435743594 
0.014160770585926687 0.015121364146145464 0.01568204014679604 0.15266271700234768 0.15902211949678002 
0.015654281092404788 0.015887980049662312 0.015000840586042155 0.15235856446467386 0.1440375140449683 
0.014816168672003896 0.013625987524426198 0.013613165832116386 0.14089385884267963 0.14237522617035922 
0.014559430205506634 0.013899490261985505 0.016445923674685427 0.1430229064238515 0.15895751027879 
0.014278320054348108 0.01385090617867509 0.01552857169195521 0.14761812986523762 0.1634518428299748 
0.01415725189445423 0.014607448678595113 0.014305751289168491 0.14980841384059373 0.16283793417626888 
0.016376904491581388 0.014709774101554189 0.013604794897311888 0.15520806965799647 0.16358349432408825 
0.014118413379112411 0.014762156708776352 0.014431312500512012 0.15147910369713316 0.15997112341115066 
0.014521730754688265 0.016166918617690706 0.015076157045469163 0.1461474873811875 0.14268901499864825 
0.01636596376274668 0.01474434029076285 0.01510936820510525 0.1389882939301717 0.14809685072654488 
0.0159355523572352 0.016389649943453828 0.015878558326673262 0.1558248066764807 0.14547226196893248 
0.016451540578254254 0.015778779833550444 0.014102645177092046 0.14377934543884677 0.1515529082380464 
0.015955734075995504 0.013528680881924136 0.01473388120833607 0.14511404391164826 0.16266592064007335 
0.013703555931734565 0.01574110939477583 0.013835126615988513 0.14453389104198378 0.1360601247987254 
0.01613514695808788 0.015678201558280577 0.016476939622251368 0.14635711496242848 0.14820533180310091 
0.015349541042580446 0.016063824045308966 0.01607775694569936 0.16044229929770146 0.14717154073304642 
0.014301673298916635 0.013955734187396486 0.01514604906273869 0.15971127920810482 0.15072674728917937 
0.013826893115448194 0.016086539756551048 0.014230901497371364 0.148248455490283 0.14176221601475547 
0.015336413587718955 0.016083966484707054 0.015197419189729666 0.14660806192770842 0.1571681951259563 
0.015891752071438434 0.01376228286868886 0.014298943805429377 0.1384094281740466 0.15357774256545884 
0.01556685823166489 0.015260177777237342 0.015970072229155884 0.15187658330887044 0.14621884050092104 
0.016323703846747403 0.015888599054433555 0.014254585793210359 0.1602196384716095 0.13538102412446998 
0.01643487309599201 0.01551084979245582 0.014728003742785009 0.146301352175926 0.1376606275254992 
0.015594424666464272 0.013527446510274519 0.014485638255956758 0.1386547940575733 0.15820550578171447 
0.01610212832373769 0.01426191644426099 0.013633280447425912 0.15502293806669554 0.1611755751439117 
0.013673863477881411 0.014024787125793293 0.014630322561951146 0.14968934206067352 0.14226630144905675 
0.015120234885043264 0.01635610369397597 0.014480451573670578 0.15970543368356174 0.1645955661235208 
0.014625238284209668 0.015631315834953623 0.013630844676888305 0.16047170271750677 0.1508162631714828 
0.014207443771311345 0.01635793603552897 0.015618408597332174 0.15345449125537106 0.1360024411445308 
0.015071124434627853 0.014702719039134603 0.015452073714998339 0.1567780649691407 0.1627059423867248 
0.014605658260092743 0.0164787537629096 0.015902519029706824 0.15358857828049008 0.14592094183777138 
0.01484373098220708 0.013921925319572008 0.014494774232971946 0.15878387483643375 0.15416447127616006 
0.013842828519112952 0.014380307341804215 0.015501435008945023 0.1483250016431125 0.1432026463881744 
0.01393214193706609 0.014679346398710926 0.0155273744415483 0.1517979797207731 0.1634986468675663 
0.014757209381114902 0.013768133894893522 0.014878678778283484 0.13547175094865943 0.15075807645070757 
0.014555930162325637 0.01632271869030756 0.014153907543317072 0.16420766160087288 0.13937524505944207 
0.014252426184749322 0.01583482121412686 0.013561557644565741 0.15795255640900843 0.1541329310120004 
0.01644146291154983 0.014622829561167618 0.016146445445671825 0.16355074981390252 0.13907849632017363 
0.016168720400584115 0.015856615747351012 0.014302793654231063 0.15700512741507394 0.1522344311404347 
0.014773636346777488 0.014635129223036197 0.016341044864102164 0.1480461000427974 0.15502945263893336 
0.014919197307566853 0.01567635261212947 0.015294211964709582 0.14668225879955707 0.14726157377417284 
0.014032863776257013 0.014911181323473608 0.01380934669885825 0.1621354205659981 0.14647813374213237 
0.015457027233462274 0.013690630846413806 0.01356175870447157 0.16165513485668206 0.16039251137843918 
0.01593897663285589 0.015905932225592608 0.015086280717166941 0.15212570038180337 0.14502065259299515 
0.015106876945873933 0.01510623182889716 0.014531127421084986 0.14276887050280315 0.13663151546127894 
0.15061312180464498 0.14686405076146708 0.13834744406256685 0.015044439447344115 0.015332970320501018 
0.15138220192741983 0.14439592346616162 0.15363227565082924 0.016385887543391795 0.015310618223998812 
0.15643291801147954 0.16418069872490196 0.14673250794222883 0.015013234305242932 0.015735259524074525 
0.15818263426347512 0.16128177379477796 0.1616810076759512 0.01455578581613596 0.014571335756689589 
0.1391449293779568 0.13704243988184206 0.15514752475438542 0.0162091236880543 0.014281476362037141 
0.1602108363637855 0.13775879074701652 0.13833566692281782 0.015373660540364157 0.014533401565977383 
0.1631915102675736 0.1584108591648942 0.15939055939021085 0.015505296042819536 0.015515060742667008 
0.1358628064992901 0.13600552950975356 0.15186099061157843 0.014909914454999864 0.016231537304997594 
0.13947958595377158 0.14467371160870515 0.13747227331710896 0.01589380751313821 0.015424354382362735 
0.1577868662617968 0.1576908486122026 0.14118275672739372 0.015700741047566292 0.015014710599454204 
0.1395887177221005 0.1360266461460139 0.14585657446855527 0.016349663393958713 0.013660298398780009 
0.1599941839148752 0.14081675847249195 0.13840355802355833 0.015370940504069064 0.01397347242836425 
0.14138953711022742 0.1529990975984449 0.1535657953962596 0.013730603043702978 0.014336317797245052 
0.1616765306643936 0.146293108493498 0.14649943762447154 0.014375990780854199 0.013740137244400827 
0.137334182200773 0.1562682064733288 0.1552888222674794 0.015493767560015055 0.015041991071216093 
0.16205978079026676 0.1415059816301566 0.1446971487625107 0.01644757834300568 0.013648931578761389 
0.16448389110298756 0.16003628876564602 0.15485259883928393 0.01619482355182046 0.015858840198056803 
0.16407144261724074 0.1557836865651436 0.1359599342261878 0.014740742068524005 0.014020031003993143 
0.15570983561273735 0.1365760151920978 0.1647035341998418 0.016292292682273897 0.015319212548363631 
0.15359099244576443 0.14929231908401985 0.13684518959804723 0.01387838506502708 0.015995188252952635 
0.15297680859455012 0.15734611391842798 0.14439028013456376 0.01588805578886469 0.014489867152723632 
0.15980765269132918 0.13814219917463808 0.1350311920490115 0.013581179062990688 0.014304937594952341 
0.14122110810542146 0.15852386386353512 0.14679911101409657 0.014570245536969286 0.015038010015462502 
0.1459596074698152 0.14132043489852616 0.1619399052508386 0.013809855155196138 0.015541946002863247 
0.16063707662002483 0.15586898389152265 0.15088043500182333 0.014537632343195729 0.014303031210337692 
0.1631986955805819 0.1381683010541401 0.14976658364945397 0.01477513129140432 0.01583234125390636 
0.1578482464620843 0.16048329490198648 0.1502928162343162 0.014026430426131694 0.015858230220454697 
0.14066361412884337 0.14593103204163355 0.15045966101650243 0.015637558974723745 0.015495666250652759 
0.14895956861357346 0.14056138480001296 0.1649778641845601 0.01387846059717156 0.01625441555596961 
0.1570799692776362 0.16260358094544217 0.13898004037081874 0.014501743687401545 0.013858972984454179 
0.14527901052387335 0.15995413458789282 0.13955307451875984 0.014309605516711213 0.013733442012115413 
0.15768707723404138 0.13769284272659962 0.14716783054312385 0.014487962595723892 0.016122806553750545 
0.15277029142497497 0.14443004815719945 0.14944364764631712 0.01626955815993159 0.01372723581946468 
0.1390836362769585 0.16071298935562964 0.14792334616774475 0.01591935783460372 0.01575612245429297 
0.142982433614663 0.14064398025792063 0.1580009424110104 0.014335645363739788 0.01616524471450858 
0.14951858758214215 0.14385756275081962 0.14191022092459168 0.014275922158642535 0.01475685690158008 
0.14686825761238767 0.15628846275705818 0.13530584632669698 0.015192388307317808 0.013578757729015997 
0.15170754231556963 0.15770174262950784 0.15089008680250096 0.014547050655452053 0.014536179531656672 
0.16082757942058895 0.15661251827727016 0.13673688592915836 0.014560186312112516 0.015555817036339613 
0.15635300345008094 0.13724187076294175 0.14593102189668902 0.013585453413760324 0.01570796544511116 
0.13851040332967032 0.16210975086902968 0.15653394812522603 0.016493991369339638 0.013972158469682692 
0.16396548059023144 0.13620978156480798 0.13719664283149685 0.014160875706715292 0.01602477290328502 
0.14660700940470897 0.14676608637732702 0.15668709480155285 0.01596968561768211 0.01571250052770283 
0.15207043590325212 0.16062820902482897 0.13505536773429383 0.014380025857274902 0.015518105245712038 
0.1625842320564421 0.14869849318706926 0.15778520973103177 0.016179598676977484 0.013707555458848844 
0.13941699137801186 0.15382400115595127 0.1465125195672958 0.014835339197601542 0.016460639485502578 
0.141704945968954 0.14519587905732156 0.14527559527220174 0.014226243749068028 0.014045238067145383 
0.15325654608434922 0.16402963420304664 0.15227248652886635 0.01514317688369825 0.0155937263063519 
0.1554268057411029 0.15900804365763282 0.14533120396941834 0.013752527671121053 0.015870498130739936 
0.14769020357734686 0.15949333852138053 0.1636224895087206 0.01370537133342196 0.01637480152039593 
