file_name
position_num 10
robot_num 50
position_x
2.210444742189715 -3.491318258457536 4.25735796847183 11.936464807879858 -17.547383176538133 6.183287233946601 5.845376820799757 -16.083318057850953 -8.836791284459004 7.098603172411202 
position_y
26.14576757477407 27.877691524032336 -25.095028871409475 -25.741006651050792 21.734540417428562 29.918925610935368 22.4728244567858 21.44130290562051 12.374812695954212 -17.75616008846501 
distance
0.0 26.239040150744486 28.095462051565253 25.45359642424987 28.373907300884653 27.933866604913277 30.55118902318159 23.22060010513624 26.803033224628983 15.20608001639608 19.122536131135014 
26.239040150744486 0.0 5.958998395835016 51.28166411296678 52.79046131527865 20.244275464924996 5.479069175522212 5.1675180081046355 18.888984758516425 17.654478811422834 44.17321977609536 
28.095462051565253 5.958998395835016 0.0 53.53644636472837 55.794097217650446 15.339858750974967 9.887599710303363 10.788255791259006 14.141624991320663 16.39857718918877 46.84650305949634 
25.45359642424987 51.28166411296678 53.53644636472837 0.0 7.706229242816066 51.657093377182704 55.047655638738355 47.59435338491371 50.78753071837253 39.69188546468113 7.869667675460335 
28.373907300884653 52.79046131527865 55.794097217650446 7.706229242816066 0.0 55.88581985995793 55.95647515351638 48.59706640283283 54.87511792191665 43.40902962715723 9.336095534642812 
27.933866604913277 20.244275464924996 15.339858750974967 51.657093377182704 55.88581985995793 0.0 25.10236799839308 23.404407354509566 1.493142628849597 12.785887303214045 46.550403538087394 
30.55118902318159 5.479069175522212 9.887599710303363 55.047655638738355 55.95647515351638 25.10236799839308 0.0 7.4537645418366 23.82586405472794 23.095425016064937 47.68387148410223 
23.22060010513624 5.1675180081046355 10.788255791259006 47.59435338491371 48.59706640283283 23.404407354509566 7.4537645418366 0.0 21.952942759263056 17.81953708133213 40.248500268089515 
26.803033224628983 18.888984758516425 14.141624991320663 50.78753071837253 54.87511792191665 1.493142628849597 23.82586405472794 21.952942759263056 0.0 11.60660997016188 45.539461756797074 
15.20608001639608 17.654478811422834 16.39857718918877 39.69188546468113 43.40902962715723 12.785887303214045 23.095425016064937 17.81953708133213 11.60660997016188 0.0 34.085368084142225 
19.122536131135014 44.17321977609536 46.84650305949634 7.869667675460335 9.336095534642812 46.550403538087394 47.68387148410223 40.248500268089515 45.539461756797074 34.085368084142225 0.0 
lay
0 
1 2 3 4 
0 1 2 3 4 
0 1 2 
3 4 
0 1 2 3 4 
0 
1 2 3 
4 
0 1 2 
3 4 
0 1 2 3 
4 
0 
1 2 3 
4 
0 1 
2 3 4 
0 1 
2 
3 
4 
edge
0 3 0 1 0 2 0 4 

0 3 1 3 2 4 

0 2 0 1 2 4 3 4 1 4 
1 3 0 3 2 4 
0 4 3 4 
0 1 3 4 2 4 
0 4 0 3 1 2 
0 2 2 3 3 4 
demand 
0.010474428641040312 0.009952022588963771 0.009829840810479476 0.09278296752609437 0.09383143984421785 0.10829219532717374 0.10824293259524115 0.10163454874631639 0.00946267358976985 0.0100825886558565 0.09788364614791256 0.10258363911663682 0.10655806333989802 0.009810589752884673 0.009009154037305426 0.10185659092997555 0.10555405860153755 0.10831773269222339 0.010582075597102582 0.009970461949085864 0.009144343181025296 0.009373615293338968 0.009362783992168807 0.10593567468178954 0.10992610279288823 
0.10635058536560903 0.10136130112411401 0.10446730630669471 0.010002179211834635 0.010287724724334868 0.10694865788671602 0.1094259276635178 0.09196914069756025 0.009060341299162942 0.00958999491192207 0.010431939447831988 0.010702672820241343 0.00939953249562187 0.09838711040933085 0.09654626522126429 0.09945115011594849 0.10703332279706979 0.10081600634228899 0.010965531253754775 0.010669815700946795 0.09856877608819054 0.09912035463107896 0.10123041454240747 0.010384699133726805 0.010473937059593133 
0.10532095639706424 0.09811398767631868 0.1027334473162303 0.01007158941635506 0.009728764555669855 0.00928624651949336 0.010065093921834337 0.010464676653812004 0.0983417659871244 0.09853158925833926 0.09038037903323791 0.09888134266417553 0.10831591683527067 0.010974921195197374 0.009231802373867132 0.009826440465311632 0.009288954978973057 0.00946502793768046 0.10187102890634901 0.09729579542875544 0.009482737955351006 0.00970411658267205 0.009319918522689647 0.09533113604360126 0.10667300280681598 
0.009493348308206457 0.010663810465644413 0.009257566663582155 0.09940424585851536 0.09781780873927215 0.010332188375684748 0.010604597032898753 0.009727606851193667 0.09877288906131823 0.10395530941945384 0.09784074377097549 0.1039796126353348 0.10249331696917348 0.0105998516675992 0.010471901258098874 0.09103066987124821 0.09505289751290555 0.091846514457884 0.010637887076496353 0.009060251062530464 0.009564861309457488 0.01055070314568491 0.010702213752962573 0.10875047755841923 0.10998173061037708 
0.09843255852476095 0.0989535213774429 0.09656844557075825 0.010492798549932705 0.010616272241105234 0.009593618812201473 0.010595845364109553 0.010400824696725859 0.0939384040073902 0.10027178516781717 0.009999866413350446 0.009489419381447015 0.0096180124252164 0.10474863418983005 0.0953722320125518 0.10023586208038722 0.1033226279633348 0.09179497445145572 0.01092128245297759 0.009715557177713276 0.010376925235461546 0.010206413688736536 0.010810235541890928 0.10659705184711635 0.10277854004514737 
0.010643505262947849 0.010427838238778995 0.010912803224444835 0.09602157098294244 0.10103827527321806 0.010550572413403165 0.010341549225285303 0.010496801132038179 0.0936323252313464 0.10942701764747045 0.009195158881912075 0.009098832955429174 0.010766011190707032 0.09694843767790097 0.10504356338973882 0.009373273663838479 0.010601015382793713 0.010832470707605261 0.09482766556901316 0.09874339078200743 0.09575344541464205 0.09256218581325747 0.09565339269618012 0.01029676690919972 0.009033504950074808 
0.09035978607413851 0.103341586371134 0.09728234013348674 0.010057123286534382 0.01072459346820918 0.009475265571499122 0.009202265569006862 0.009145791611747018 0.10205114572872112 0.09139213635314057 0.009512079462784625 0.010034088485224898 0.009390292928332896 0.09594744444175679 0.090717355122361 0.09603061161845516 0.09420112702732927 0.10154192281149843 0.009019246683679864 0.010598304716167595 0.09154850448317552 0.10109905595528575 0.09099754311512313 0.009795133474952047 0.009390508479534208 
0.10339024393549118 0.09505814156852199 0.09419414928697518 0.009964389820754897 0.009940001206738377 0.009368762315899087 0.010260274661331037 0.010915436367929464 0.09946946915581026 0.09458781064046658 0.010049685770438311 0.010175747347683202 0.009428874035642788 0.10841236741537569 0.10642833945592463 0.09352145695048776 0.10248116091660153 0.09769839997460521 0.010311490126629677 0.010175649505657261 0.0106760963556638 0.009247626255661166 0.009001396919544857 0.092290322003431 0.1054446994021701 
0.009786836261216637 0.010056452825324632 0.009993961027814207 0.10375711425070225 0.10869739972348443 0.009813798782993858 0.01098088765766068 0.010176529214821794 0.09880344965431477 0.1022686250779429 0.09749376190175711 0.0966294705764157 0.09360589008818622 0.010919022072053943 0.009801085001989932 0.09427987481336214 0.10760793607205087 0.09056036409551349 0.009636381868143641 0.009131234385976962 0.10106252597876207 0.101823599286324 0.10415681926313869 0.010638602682365293 0.009523953387679335 
0.10045787679976884 0.09021971484226657 0.09709362688752765 0.009573782565321445 0.010625473217144766 0.10587154866714994 0.09906735622331471 0.10544628237988835 0.010497298023274508 0.010902747339113582 0.009895667542550682 0.009680361456879664 0.010051268376207479 0.09174429817151439 0.09194416405857928 0.009807785520661968 0.009277913046519764 0.009182496148290807 0.10354828460607238 0.10754837762198387 0.09601830616901826 0.09891883459095024 0.10483332116080685 0.009920212083782508 0.010671985059151026 
rate 
0.010466299276425027 0.009062031784412802 0.0106969575152013 0.10224996206188759 0.10772424119296592 0.10038641135422355 0.10281525593859471 0.107691055036677 0.009005165804486551 0.00999718811786116 0.1078473072281557 0.10773887449327552 0.09860851936559215 0.010474658898778695 0.009747808462330067 0.10271547273674148 0.09115272691599739 0.10436155422557372 0.010563139914763911 0.010402018974736846 0.009145711766610089 0.010020068853918374 0.00946051177867938 0.10302458426988126 0.09730264325448013 
0.1044853725883578 0.10005801410554466 0.09722244651227012 0.01022847109018407 0.00959610563360472 0.0966025440975242 0.10479062049749376 0.09381232300098913 0.009189733858904878 0.009441025846721742 0.009616123624064145 0.009737565149444164 0.010041826597436894 0.09462285790801817 0.10251709058899908 0.09628668782358035 0.1051337572265301 0.10625588264873148 0.010333140459929292 0.010156680539324897 0.09970440604540204 0.09809156980860184 0.09914818925071472 0.0105180814148456 0.010222833192153715 
0.10615400598950385 0.10021926713350555 0.0961345439297818 0.010985359400381882 0.00966488247519228 0.0094691650110691 0.010861522165954731 0.009540494499568244 0.10967173728171153 0.10046534348910335 0.09878966219000937 0.09775709351283346 0.10165041035084231 0.009196749821743707 0.010830867399480271 0.010740413280315973 0.010301322480711457 0.010905711658260956 0.09151039609067559 0.10794998179916925 0.010636681967360243 0.010942006032356573 0.009561530136700493 0.1074005400501617 0.09589991595910713 
0.009238999615261366 0.009328013699599609 0.009800424616123385 0.10260612896290658 0.0927506195308941 0.010516297974795837 0.010307787938381599 0.009250713499160164 0.10590459013987062 0.10937858975487358 0.10882294667997164 0.10468496519618449 0.10338655834981003 0.009410578710103711 0.009841295592918369 0.09904087129748289 0.10780029097888243 0.09681820150235344 0.010180801504963232 0.009930647394089881 0.010742943410358079 0.00978326726402872 0.010399820395535676 0.09022599602649087 0.0949690321804399 
0.1071360928392222 0.09358278829612836 0.09912402990576114 0.009904725549742593 0.010758439263248256 0.010630518993463066 0.0098620145604364 0.009442038175058337 0.10242660538597514 0.10093445052535131 0.010689733703592847 0.010958542441553771 0.009135396425812436 0.10748643499491427 0.10175570166688547 0.10469924932731192 0.09635939241593651 0.09502223018473961 0.009389957902103395 0.009380328533930612 0.009978783602082392 0.009491929307792675 0.010475455638248405 0.09526508086807345 0.09468337112781906 
0.01007488825924344 0.009997141262670713 0.009573032928199056 0.10836097478715896 0.10373450937311408 0.009157385921735985 0.010226251073496109 0.01039979745857223 0.0941399470326651 0.09932283102064582 0.010440529680880916 0.01044197578681712 0.010871340377954201 0.10397181144118602 0.10258472400567574 0.010989913667550581 0.009859683497279012 0.01025349219170292 0.09945432968432347 0.09355285881338614 0.09931462157930694 0.10461126287175555 0.10554348148121395 0.009982586567759421 0.00991389258910086 
0.1053667507655095 0.10198346751186485 0.100449644476712 0.009884281325951112 0.010991001651917407 0.010019423801594379 0.010000987462587763 0.010346508279933357 0.0939661944061279 0.10456098911339376 0.009222124279533124 0.009701936094557956 0.009320276592548539 0.09192074090441217 0.09510798691842509 0.09080094235740468 0.09459113744232162 0.09049770480289625 0.009230375097507999 0.009605481848349223 0.09646338113384575 0.10318420375995924 0.09771867247853515 0.009179854343325784 0.010032509367061467 
0.10042955062271536 0.10663622455151574 0.10898551926665219 0.010370406404418712 0.010831298249669415 0.009669263701784555 0.009935036145740116 0.010800877638499063 0.10880471897683375 0.1076267405829471 0.010191308400824004 0.01010286148627944 0.00969083835172011 0.10674558091255215 0.09476603208438802 0.10693148485815102 0.09622443259174046 0.09912170688819165 0.009647106847461468 0.009718372010324428 0.0099014034371479 0.009571029310028569 0.010447950019570091 0.1055497890474016 0.09790480157575338 
0.009419380598847059 0.009437657865606299 0.010716457346387383 0.09286760139202535 0.10323504190863485 0.01087030651456681 0.009936428175959397 0.009376548145142733 0.10680752045493891 0.10638487344748596 0.093411271408401 0.10266876191881975 0.1005537772297537 0.009712104818701344 0.00955512212151124 0.09531710789099498 0.09293244589666849 0.10554107030069604 0.009380941714647572 0.00984484857440387 0.1041219716345566 0.10216727680895779 0.10181377303778504 0.01086065478136492 0.010126005985324666 
0.09619568298183519 0.09495733831335247 0.10343044520189776 0.00945334729534762 0.009034087801258193 0.10147569109068233 0.10951887624301487 0.10542454819843217 0.009076115638273732 0.01065078415956086 0.010879602861039365 0.01056842410390403 0.01010108110119466 0.09169982355702805 0.09993791453609369 0.009605311944493237 0.010449330629883895 0.00978840055340889 0.1050527083678861 0.10658496925480257 0.09141599040015268 0.1088045559777504 0.10373733332792956 0.010578237576820571 0.010127878675312087 
ability 
0.014017550081534784 0.015000718623290603 0.015057576809196942 0.16410334092145978 0.158723052044514 
0.01453251122477076 0.01572604307085784 0.014358370359678763 0.14877842112586084 0.15063471308929396 
0.015210465434023601 0.01406301645632279 0.014544495006553627 0.15582169316746053 0.16025373955808317 
0.014944580873854646 0.0148595953791765 0.013805441290097276 0.16228770061882525 0.1452535199087351 
0.016285569685525626 0.015994070658905235 0.014217875015276748 0.15429194821944192 0.1571937332606454 
0.014770042845390435 0.01367596003762154 0.01605415279859948 0.15593089873622862 0.15525794449397046 
0.016249834310158855 0.0138928890100284 0.016024428236017654 0.1599155428006057 0.15186206810082006 
0.01572540656917503 0.015604567790198412 0.015726557700177616 0.14491420719430237 0.16072639057718738 
0.01428020981710372 0.016354302581504717 0.016399973730314363 0.15522916682763832 0.16297041717225175 
0.01634822453480326 0.01572775834589974 0.015434088712597873 0.1614261470397697 0.15917998169538963 
0.014298713217776732 0.015508511012778435 0.014757076070350629 0.14365976877457734 0.14577823152654595 
0.01582502640927361 0.01641997960237039 0.014664529714609464 0.14746137387009547 0.15858899007615937 
0.015163819663959946 0.01629791956286495 0.014218170573722856 0.16167196392281988 0.15370387795208915 
0.013855334423226255 0.015393728858995072 0.016156378365846217 0.158777927462879 0.15797598684525307 
0.016027854308904917 0.016390609127267267 0.015272704700964491 0.1517464883503269 0.15736222514328121 
0.014644360855613563 0.014339817972745346 0.015818287399195826 0.13981156670106626 0.13694524796417393 
0.014479479717299341 0.014389780281387196 0.014306712970736506 0.14597920444535437 0.13852603452165457 
0.01570404395208964 0.01495053184906764 0.014163959401306532 0.16286505778714128 0.14746164471730186 
0.014176386844859197 0.015928091929785768 0.013536402997600545 0.1648027291446325 0.1435789412774603 
0.01377912007501537 0.015640034535791148 0.01469015819209701 0.15520496623664015 0.14935929827780656 
0.01533404919991572 0.0142356577910684 0.015699758826824124 0.163196836798483 0.160725795653306 
0.01601241923245039 0.013662055819064024 0.01590132307381438 0.13807830306348923 0.15897803115462428 
0.014802184647253242 0.015363635068833488 0.015978787307125958 0.15897366322139056 0.1607729374206921 
0.015617742164592033 0.016023950227319644 0.014508846652811 0.1523597789807726 0.14072186456561675 
0.013918521142237714 0.016141241546047923 0.015310560333197007 0.1612223092053899 0.16258344593948157 
0.1377420151531342 0.16325757026310492 0.15777231340739303 0.01632615150704644 0.016151291476248417 
0.13583479807144996 0.13968559190405594 0.13929659873965558 0.014127359674687714 0.013745924326702285 
0.15764291687080592 0.1408335889962941 0.1481488606845758 0.015547464300170157 0.015242786969308635 
0.15050973865078002 0.13697843636045443 0.13912404358516134 0.015026962239638262 0.014939935788745492 
0.148905409678093 0.15526805360053966 0.14964626376445642 0.015995342909645372 0.015752151442235834 
0.13781202604390252 0.14734656700701343 0.14878930343405983 0.014540491224514463 0.01409581923246637 
0.14714747931451216 0.1557813836218324 0.1503275565196393 0.015313959610663683 0.01418073975946657 
0.1356789690515098 0.1571820330429988 0.14227661586470727 0.01625706770328848 0.015425625488185568 
0.14781974183480562 0.13693141240720583 0.14214021208112898 0.014945857817384561 0.013936305759214578 
0.15911848178513013 0.13528254438585624 0.16038295076184023 0.01636846641546341 0.014199734378358685 
0.16211169688049273 0.15744118428933965 0.15844084637442055 0.013934368296728207 0.013548216495730262 
0.1533714951453171 0.1469451032874709 0.16024288743320364 0.013700675692824347 0.013681196135513985 
0.1351186194339661 0.15659598525673044 0.16115929265479537 0.013724389258821116 0.014296133717321361 
0.14156369357218887 0.16383019055722148 0.16084195382502714 0.015399213868090789 0.014106673536732742 
0.16269405886582192 0.16026107167552864 0.150766246196891 0.014600183121652113 0.01455456382989184 
0.15627764593730878 0.15942185504977294 0.15678301887553536 0.015846473436946108 0.013855119133223622 
0.15477275454110237 0.13843217862098472 0.14921121365174358 0.014216503238868175 0.015512479687587918 
0.13990852239805468 0.16112192721644453 0.14518808948530557 0.01578800859147767 0.016070956974844737 
0.15448556216175352 0.15537287615076512 0.1450846388579423 0.014723054978872392 0.01523379942652721 
0.15198352203423207 0.15596996945228464 0.15367713970962413 0.01625387964695351 0.014102673503899666 
0.16467355927027716 0.13749401804891873 0.1590812205165831 0.0161815505404383 0.01619886250230005 
0.15473562302642047 0.15892401891831615 0.14541798826356406 0.015271136402424309 0.014302865394790781 
0.16406366782045692 0.13871752238150015 0.14885174649405572 0.015108428718281317 0.014328693687542167 
0.1646285709928798 0.1646793989657426 0.1351960673413166 0.014669383754734974 0.016356207876443513 
0.1476572637782926 0.15336153309854764 0.13810641398416496 0.01619454447829172 0.01591011943702162 
