file_name
position_num 20
robot_num 100
position_x
-23.427098256011476 2.331221363365799 11.212026450039474 -25.48871979534173 28.674845050983805 -6.780466924878176 -4.587268258285814 -9.064807920729812 11.473911767074362 12.564157743560806 10.120917940566585 19.058908684053137 -6.8520771777613945 25.405967391913613 -16.14689164025619 23.577448099045675 -24.7155889605146 -7.39299700897266 -14.238591083356484 -25.102064008318433 
position_y
-28.58178907358425 -29.388469164357844 -7.134393738928534 -19.342097919433396 4.101682264657342 3.4697887126861318 24.569722588989777 11.760542997460568 -21.49980049146699 -28.808621488183242 -25.56827984819101 -1.9466664493326 8.952115256293844 -23.411409448351897 -3.2382546200002267 -14.302277665847765 -13.655905824872978 -21.387736975674663 29.886568560527117 -4.889397648507163 
distance
0.0 36.956022504372356 29.480785485963988 13.289436073003527 31.9967434082032 28.966714278601483 7.616703055131596 24.994285310314257 14.848606474509477 24.369900952024643 31.429201896556204 27.498543858813562 19.158066460163283 11.273479019892996 34.547898220837666 16.468406195686576 27.576279758049314 28.237282120680646 22.629443159638726 33.10505182539557 25.573811347606032 
36.956022504372356 0.0 25.770948030347018 40.74137610639043 9.466898964049632 61.504648564828095 36.11667168031974 56.39168720972929 42.82264751980401 35.612288088646835 35.991970790317396 33.6830911375039 50.144696059704465 41.03078475960308 49.10601924452418 26.368468802114535 49.125673777449535 14.98139509691106 17.57403733886238 59.18595702100526 23.751524618652745 
29.480785485963988 25.770948030347018 0.0 23.960646319083 29.578348521592513 42.60958520958866 34.09821071810726 54.39992606553737 42.6979002450641 12.075590306428678 10.249351700897163 8.676014014293019 32.138264722119814 39.425035013460516 23.836298939447044 32.01990601002065 26.057538725551886 31.289670786489054 12.592542972249728 61.54745146475269 36.780288898036545 
13.289436073003527 40.74137610639043 23.960646319083 0.0 38.677807801458684 20.76534221841397 20.884886959559726 35.42271454045683 27.71585550495884 14.367793674922948 21.716362668768507 18.46614943264308 9.406703738595025 24.188584322553872 21.596508974050085 27.63494706174685 14.292732857907136 36.514704832105686 23.43725008047848 44.92533341455484 36.383418933132276 
31.9967434082032 9.466898964049632 29.578348521592513 38.677807801458684 0.0 59.019510216385875 29.502218512882745 48.63248561116192 35.172704662426305 37.025556206602474 39.212709131969056 36.149849807331336 47.82355318427486 33.88048032848573 51.05710998683691 18.617290949325778 49.32432077615125 5.738511289873175 18.21098081679118 50.4977920253096 14.457871482997412 
28.966714278601483 61.504648564828095 42.60958520958866 20.76534221841397 59.019510216385875 0.0 35.46094241227558 39.05520268180912 38.50895420742879 30.843281685800477 36.64208425597258 34.99364032215756 11.359962780699748 35.85650433678199 27.706601681881267 45.41874892034792 19.096837350966407 56.26606773796792 44.165594347539034 50.06419241480917 54.52334789773436 
7.616703055131596 36.11667168031974 34.09821071810726 20.884886959559726 29.502218512882745 35.46094241227558 0.0 21.213611903104304 8.599698854950336 30.93061147881449 37.631240594197344 33.598604675136244 26.400971921154603 5.482794210898644 41.9352520989459 11.520753330491978 35.17739825460087 24.798347038199 24.865071414565406 27.449405703813976 20.13844374099167 
24.994285310314257 56.39168720972929 54.39992606553737 35.42271454045683 48.63248561116192 39.05520268180912 21.213611903104304 0.0 13.569209381419666 48.78895838883801 56.066202210582205 52.25083759760085 35.52830662471919 15.78097012987522 56.58430185442964 30.114921371119397 48.00295461011776 43.201249541263074 46.043025568051 11.018932950099249 35.89842071502391 
14.848606474509477 42.82264751980401 42.6979002450641 27.71585550495884 35.172704662426305 38.50895420742879 8.599698854950336 13.569209381419666 0.0 39.09078478894534 45.97465891956443 41.970621771268256 31.286275369311703 3.575394204592327 49.24734093842267 16.586736863528287 41.77065356190086 29.84866526150855 33.190411520528464 18.849955833550943 23.117398346984174 
24.369900952024643 35.612288088646835 12.075590306428678 14.367793674922948 37.025556206602474 30.843281685800477 30.93061147881449 48.78895838883801 39.09078478894534 0.0 7.389688806119324 4.287553681373293 20.97277351950028 35.540976963428655 14.062589474832066 33.111823243096836 14.081900673014964 37.02980754004514 18.867241584165182 57.46034917385337 40.170978162443696 
31.429201896556204 35.991970790317396 10.249351700897163 21.716362668768507 39.212709131969056 36.64208425597258 37.631240594197344 56.066202210582205 45.97465891956443 7.389688806119324 0.0 4.058230486160536 27.635962409300305 42.46013916611289 13.92989493310799 38.44695070474965 18.2133625546198 40.241574351572645 21.292194644154435 64.52528713251142 44.61920584405631 
27.498543858813562 33.6830911375039 8.676014014293019 18.46614943264308 36.149849807331336 34.99364032215756 33.598604675136244 52.25083759760085 41.970621771268256 4.287553681373293 4.058230486160536 0.0 25.25605468191298 38.46739192428475 15.436477145120458 34.47648251875474 17.549957523556007 36.816937242803064 18.00594778312548 60.569182691534614 40.844517703112636 
19.158066460163283 50.144696059704465 32.138264722119814 9.406703738595025 47.82355318427486 11.359962780699748 26.400971921154603 35.52830662471919 31.286275369311703 20.97277351950028 27.635962409300305 25.25605468191298 0.0 28.109831571854894 22.38348378280234 35.22948447646867 13.155923645967107 45.31349612188373 32.82770991103304 46.06602155551966 44.25891069657028 
11.273479019892996 41.03078475960308 39.425035013460516 24.188584322553872 33.88048032848573 35.85650433678199 5.482794210898644 15.78097012987522 3.575394204592327 35.540976963428655 42.46013916611289 38.46739192428475 28.109831571854894 0.0 45.69441071692855 15.329667107052922 38.297817153842985 28.813671588658153 30.344673794942697 22.199367622179533 22.905228634730502 
34.547898220837666 49.10601924452418 23.836298939447044 21.596508974050085 51.05710998683691 27.706601681881267 41.9352520989459 56.58430185442964 49.24734093842267 14.062589474832066 13.92989493310799 15.436477145120458 22.38348378280234 45.69441071692855 0.0 46.19086781471013 9.290843052996706 51.06212159847402 32.86133466624989 66.42563869872883 53.79708316480006 
16.468406195686576 26.368468802114535 32.01990601002065 27.63494706174685 18.617290949325778 45.41874892034792 11.520753330491978 30.114921371119397 16.586736863528287 33.111823243096836 38.44695070474965 34.47648251875474 35.22948447646867 15.329667107052922 46.19086781471013 0.0 41.236340449687376 13.488885439227008 20.15029481160393 33.17974565539443 9.106118022642391 
27.576279758049314 49.125673777449535 26.057538725551886 14.292732857907136 49.32432077615125 19.096837350966407 35.17739825460087 48.00295461011776 41.77065356190086 14.081900673014964 18.2133625546198 17.549957523556007 13.155923645967107 38.297817153842985 9.290843052996706 41.236340449687376 0.0 48.29736250555373 31.77061856212418 58.16104323568466 49.581218311290606 
28.237282120680646 14.98139509691106 31.289670786489054 36.514704832105686 5.738511289873175 56.26606773796792 24.798347038199 43.201249541263074 29.84866526150855 37.02980754004514 40.241574351572645 36.816937242803064 45.31349612188373 28.813671588658153 51.06212159847402 13.488885439227008 48.29736250555373 0.0 18.969802446629036 44.78520470111976 8.775022995346715 
22.629443159638726 17.57403733886238 12.592542972249728 23.43725008047848 18.21098081679118 44.165594347539034 24.865071414565406 46.043025568051 33.190411520528464 18.867241584165182 21.292194644154435 18.00594778312548 32.82770991103304 30.344673794942697 32.86133466624989 20.15029481160393 31.77061856212418 18.969802446629036 0.0 51.729262187382986 24.203434767439088 
33.10505182539557 59.18595702100526 61.54745146475269 44.92533341455484 50.4977920253096 50.06419241480917 27.449405703813976 11.018932950099249 18.849955833550943 57.46034917385337 64.52528713251142 60.569182691534614 46.06602155551966 22.199367622179533 66.42563869872883 33.17974565539443 58.16104323568466 44.78520470111976 51.729262187382986 0.0 36.433265977170855 
25.573811347606032 23.751524618652745 36.780288898036545 36.383418933132276 14.457871482997412 54.52334789773436 20.13844374099167 35.89842071502391 23.117398346984174 40.170978162443696 44.61920584405631 40.844517703112636 44.25891069657028 22.905228634730502 53.79708316480006 9.106118022642391 49.581218311290606 8.775022995346715 24.203434767439088 36.433265977170855 0.0 
lay
0 1 2 3 
4 
0 1 
2 3 4 
0 1 2 3 
4 
0 
1 
2 
3 
4 
0 1 2 3 4 
0 1 2 
3 
4 
0 1 2 3 4 
0 
1 2 
3 4 
0 1 2 3 
4 
0 1 2 3 4 
0 1 2 3 4 
0 1 2 3 
4 
0 1 
2 3 
4 
0 
1 
2 3 4 
0 1 2 3 4 
0 1 2 
3 
4 
0 1 2 
3 
4 
0 1 2 3 4 
0 
1 
2 3 
4 
0 
1 
2 
3 
4 
edge
2 4 1 4 
0 3 0 4 1 2 
1 4 3 4 
0 1 1 2 2 3 3 4 

1 3 3 4 

0 2 0 1 2 3 1 3 1 4 
3 4 2 4 


1 4 0 4 
0 3 3 4 2 4 
0 1 1 2 1 4 1 3 

0 3 3 4 2 3 
2 3 3 4 

0 1 1 2 1 3 3 4 
0 1 1 2 2 3 3 4 
demand 
0.010392648851348375 0.010509873723399713 0.010146329084535858 0.09708023823093129 0.10465757078981403 0.010222773928116921 0.009567882948849122 0.010931036079347665 0.1032472305078374 0.09186387024728601 0.010736207170923058 0.010697368722221639 0.010600865698064453 0.10234212059329578 0.10579820528923961 0.10349849001605789 0.10438481980199661 0.10650107079166914 0.009311376989040988 0.010394454074505708 0.010368684443119232 0.010829050591256622 0.010656375766021096 0.09901948444555722 0.10956848653902203 
0.009106778256259416 0.009283987056800095 0.010927685608568511 0.09485854210012656 0.10263300913059994 0.010547390114160041 0.010896896489454848 0.009851396308153132 0.10719217615604448 0.10400467016197767 0.10751227290338639 0.10376308347325716 0.10680524677722099 0.009774092203757698 0.009089897910967946 0.09611433411526885 0.09580549854970875 0.09719548512913828 0.010661551206975163 0.009975341397104556 0.010722087970926187 0.01010798222091394 0.010633298912999726 0.10748623747323532 0.10003000675337777 
0.009495415091306893 0.009488506802488882 0.009067257440298801 0.10034501471503746 0.0945641248425721 0.00995218576523161 0.01052941073841875 0.009529718463849354 0.10324105247024945 0.09200160917950737 0.10547577234953208 0.10188977992006812 0.09972239020855195 0.010490418918595232 0.010212573204406343 0.009988098816745868 0.00961163897434699 0.010013900800106008 0.10674551686136072 0.1050063220642623 0.010198681255525619 0.010389904985952403 0.009274272840382463 0.09877123913837033 0.10544632086391187 
0.09209267250943648 0.09841487685593706 0.09066462201035717 0.010158864891654629 0.010835002472301092 0.09727244521986378 0.10034202549561784 0.1089985084601089 0.010531588429509615 0.009467936212330212 0.009876316334922496 0.01050560809822936 0.009615074610719603 0.1020618739629789 0.10540316667297481 0.010617440999008241 0.009565066448500187 0.010171747742355283 0.09220311562849008 0.10654340716896345 0.10105167817368386 0.10646163881747908 0.10603181933612632 0.00995986828424052 0.010044234807196158 
0.0901858767864749 0.10966005940018742 0.10340620695375154 0.010726031042125769 0.010547014009692433 0.09557819318443173 0.09508623898935294 0.09782807854352502 0.009390871766343989 0.010375474928680411 0.10522418557068863 0.0987325773301592 0.10254849433061496 0.010661478836730498 0.010073237995109084 0.010516537587625099 0.00911988049544704 0.009895930942163738 0.10409633217689934 0.0909170553471215 0.10090137616119688 0.10310936330791234 0.10827185646382781 0.009711510576057012 0.00930401356472974 
0.0090904542994581 0.009894762411556965 0.009324607832523984 0.10556540164189215 0.10317872913930365 0.09961486783375006 0.09550573465228958 0.10805691494595636 0.010262428163721178 0.010613834385890173 0.010178274091226814 0.00921788694835824 0.00945884375224245 0.10998506267491998 0.10532888042367179 0.010809283133464747 0.010015967362005069 0.010427919749753736 0.1096648109491152 0.09430683420980311 0.009137552168851976 0.010078055871335737 0.010682763067123182 0.1036236288782531 0.09336992029912107 
0.0098989361036591 0.010580399109122398 0.00982224054291372 0.09138441339436726 0.10244385580225707 0.010289901002468767 0.009426466407869321 0.010607505481836048 0.09285382240970834 0.10752709838118744 0.09675162100848238 0.09790713391941269 0.10564364261961093 0.0097769568184803 0.009204551766332973 0.00996958251801343 0.009072371963395828 0.01083682035534214 0.10504621950444418 0.10278147962675517 0.009108545952421963 0.010846583060338214 0.01054978749931645 0.09434037241184978 0.10322365776130278 
0.1038356816937796 0.1032818735304134 0.0994043268352305 0.010444749235768451 0.009900395163474456 0.009281679617369315 0.010945005034263922 0.009643824251421653 0.10195382796355841 0.09512835511643664 0.00995122535724363 0.009936747057849245 0.009557544001551425 0.10572052212914712 0.09202935605043261 0.010694345156931831 0.010196300821149133 0.009042634098878078 0.09783339161938133 0.09262536782930622 0.0959290721501618 0.09159297525004437 0.10836167846853124 0.010118028286313663 0.010768099839693885 
0.00912642658808012 0.009386212546799192 0.01013666150195623 0.10028947547923735 0.1020045121547152 0.10664586672165731 0.09794883996930825 0.0991541739405372 0.010821819688332398 0.009335379167472943 0.09337316965733937 0.10185317774034869 0.0900580453593302 0.010023283397059088 0.009371807890345835 0.09080675446082656 0.10061490382660097 0.0923840850723664 0.01043946091381331 0.010210904953727933 0.010464419332825572 0.009600727140408969 0.010354107447022406 0.10234029951152375 0.10770414184814808 
0.010772434194837446 0.009080715284013169 0.010559158996290627 0.09293920122843793 0.09495030593139543 0.009790018904270389 0.010944912246676361 0.009172081264530342 0.09439365324469866 0.09559456080449308 0.00906785193454969 0.010520565506171385 0.009990741649779242 0.09321092092498576 0.1022386286799766 0.10231255982113618 0.1056567571293638 0.10167933758173714 0.00974387146377928 0.010044921637687918 0.10371031901964262 0.10178207729404601 0.0929535579537014 0.009733467420861185 0.010838126520522294 
0.10735082376832912 0.09237729093245067 0.09825109714462471 0.010986380689797839 0.009506589660403467 0.010538603547003705 0.009493800294372225 0.010823749292122016 0.10230571202818538 0.10855619010345828 0.09519022773143522 0.10923159016506473 0.09925967396017275 0.009989012416666242 0.01010049517357706 0.1079747944108389 0.0961383889406287 0.10955056973637134 0.010284123991435334 0.0108103008354986 0.09028385554967278 0.09458204987390463 0.09799211635770433 0.009696755153969434 0.010843256870503396 
0.1077579303554819 0.10741855411029529 0.09876505629105614 0.010095794811090894 0.0094794824286516 0.09838419457933162 0.1024326525439401 0.10715035982283881 0.009492880073422286 0.009917140100561642 0.09952628896337308 0.09098959835361421 0.09998064482846387 0.01075461523173284 0.009209936940156272 0.00971494302757825 0.009441942064719934 0.009518494877359897 0.09573744154946337 0.09065749510189461 0.009115012832277015 0.009857072144368192 0.00960537708026051 0.09436979489439533 0.09531032011561569 
0.09417211103501981 0.10843377894397879 0.1068604399000632 0.010701498113061854 0.009621948727004786 0.00901611332462904 0.010186055852757541 0.00952296465995293 0.09949005502105668 0.09582440627418516 0.09646732265553565 0.09397107765185213 0.10489514369888997 0.009285067365854714 0.01065187675394919 0.10074189608842127 0.10584554675337993 0.09599489725766527 0.010993435747463056 0.010289097427377485 0.09211591548527212 0.09493696593696564 0.10110025220392996 0.009859561007670664 0.009640238364912658 
0.010343466018338115 0.010554233441851484 0.010858690370522313 0.09383922233656984 0.10756502420831165 0.00958697173764411 0.00933759413283895 0.010526948064696761 0.09032306872820305 0.1049554720599716 0.00997573730001402 0.009864128687853755 0.00954699005479942 0.09450368152375083 0.09706785615011035 0.10737978024011241 0.09627754274475844 0.10053793545121772 0.010073278842349598 0.01029894856294955 0.009775535134638656 0.010648807339229746 0.00967201713654676 0.09556594266971269 0.10943098851976817 
0.09535071092024054 0.09906230123681546 0.09530405977435102 0.010347668824432568 0.010619450309466196 0.09236353953653084 0.10159754360553562 0.10171149200000325 0.009708262068048555 0.010242925347800016 0.10423086671931603 0.10715724042419161 0.10059315138691763 0.010347294074129328 0.009298201504916993 0.094944839011178 0.09901430786438295 0.09156620445436048 0.010122457080228528 0.010711917741364462 0.010488712025631312 0.009890475709125289 0.009194749195321102 0.09261433408100674 0.103522975248723 
0.010574424185485761 0.009973309016321154 0.009969973065964643 0.10345112068090719 0.0941161724980723 0.09587081434640567 0.09365482361881139 0.10116569767682373 0.009428997041290034 0.009342583764186395 0.010779397435830118 0.010657715719228848 0.010340806395097775 0.09674263764116678 0.10839406954880691 0.09903327448233146 0.09926561673023837 0.10253009321066074 0.009804086926046358 0.010911758543393697 0.0930024717415284 0.09368317517705867 0.09652438819470599 0.010486257431297672 0.010404423617030832 
0.09141849130553961 0.10740779474629479 0.1008950197621237 0.010167574512581195 0.010050929701345726 0.10858866021556775 0.10048464618626701 0.10460382582837058 0.009726929997979637 0.010208048858168875 0.010798533151785463 0.010712809745543495 0.00921327458728846 0.10980750270906883 0.1017594025663738 0.010823864207895986 0.01063494684276897 0.009490600426806049 0.1089854076911827 0.10200583294856941 0.009020941715032678 0.010063755671980404 0.01032934921232325 0.1038131489401549 0.09252323752972488 
0.10557958516618218 0.1066233297298309 0.09147690189297135 0.010533954739905685 0.010635893016426303 0.00913543630443387 0.01002602213386747 0.010663653262272442 0.0986004372541181 0.10197664950714447 0.10698499323485562 0.10369735442751649 0.09803763322019077 0.009579662268138204 0.010942974529863038 0.09201776763729529 0.10844305958039036 0.10520415218141806 0.00938425516054167 0.01009418414721235 0.10171117213274974 0.09433000847981338 0.09417525217438118 0.010977411119009024 0.010190849293154128 
0.009277991782038185 0.010385604799326575 0.009897124599954149 0.10754266605607002 0.09274314910017412 0.009427887968879929 0.009010845107884002 0.010686933543674223 0.10183252240816387 0.10146786452892437 0.09329952856348618 0.10442914771467862 0.09582232580193469 0.010454544695109147 0.009670440716244347 0.010141714347825315 0.010000006611248072 0.010177458568101297 0.10113841349156916 0.0956378140407888 0.010365098911275034 0.009206753904273644 0.010159248997434379 0.09883813795230766 0.10918579626266606 
0.09301448333813372 0.10406581903522978 0.09946105016755219 0.009940779605173415 0.00925876261158332 0.09623985483978939 0.09107250778714988 0.10161599624284441 0.01063901692992966 0.010854698486295507 0.10717784537295838 0.09426473898130805 0.09514557076349409 0.010459580922716021 0.009237292761093035 0.0936839230802482 0.105413026934878 0.10737186999531345 0.010062435892350443 0.009133329483152167 0.009659571455010854 0.009628444067612107 0.010392866622995059 0.10408423869721993 0.10010101983237073 
rate 
0.009562851527972909 0.010346997905995 0.010162621125130784 0.10049193963856061 0.10806168532013341 0.010314237780270517 0.010319854854115391 0.010783817223124196 0.09701041862205825 0.10434237400836499 0.009449044469627785 0.009299364226665786 0.009381994707795093 0.10279277855068832 0.10386859745280874 0.09198478566061465 0.10700601862149135 0.09864658656971514 0.009477925540214953 0.010560970373762482 0.010881727429763623 0.010292831545909193 0.010676150971673825 0.10073530834272537 0.09131041660167943 
0.010304986693736808 0.009643905126435396 0.010353762151117274 0.09216003876474266 0.10466097941452755 0.009699284762295117 0.010026463852660466 0.009375109226678013 0.10928953397711721 0.10038927431888066 0.09450239032251784 0.09220199158400562 0.10148693686978767 0.010560885406068872 0.010120802713874498 0.09558210721728345 0.09294750989730222 0.10492008215795703 0.009942335787680799 0.009384363695042598 0.009684566772022618 0.010325174591958221 0.010643340548414653 0.09298114712085406 0.09146299673530742 
0.009505738458211172 0.010848019820178812 0.00903447713540096 0.10136010449563204 0.10784713116331089 0.009292427011743805 0.010392822553509333 0.010851869904471517 0.0952316213482154 0.10693323666594089 0.10495953966771639 0.09063585417789927 0.09776805419107809 0.00997249488466898 0.009290480074020287 0.010442914230405134 0.010640833298301412 0.010157792761375278 0.10693515781362695 0.09471529399065293 0.010086637941949375 0.009459575452235462 0.010042422597447245 0.10779255839459441 0.10433366044983171 
0.1068310576493355 0.09826549838905581 0.09350630847900857 0.009299028938033797 0.00907608193986537 0.09231309158361733 0.10467799706546554 0.09083656535283864 0.010272601873577876 0.010885268115919736 0.009432410986287745 0.010311195094497716 0.009156122536379463 0.10579126008454971 0.10859887468117724 0.01016105884397517 0.010184723068467927 0.009717389566903085 0.09531834349194596 0.09023114074669991 0.107641038893243 0.101779105949635 0.09788929340463612 0.009464272765310236 0.009476023373433196 
0.10912721320070091 0.09951383611145719 0.09815194251693615 0.010233169436588103 0.009662626061355371 0.10633260094535975 0.09000359327083013 0.1080708936144964 0.010770237067770957 0.009617327851099457 0.10095577732334181 0.09482605806455302 0.099468917079721 0.010681000881332881 0.009197434137459303 0.010218478297147794 0.01079867999979241 0.010625397681837099 0.09528572205236861 0.10555876138360723 0.10733197901227064 0.09587222444126066 0.0974389653498314 0.010044452884635345 0.01067700805952723 
0.00938339893050591 0.00936177419488189 0.01046573291412877 0.09058874627925831 0.10260570335466945 0.10644750782700761 0.09618871503211902 0.10578228012094332 0.010806746980310374 0.010404871862415007 0.009514442210056201 0.010885464084800272 0.010945711356714941 0.09067712550599948 0.10480528110963461 0.009674582446867619 0.010757338600245582 0.010719666311295022 0.10196398259026603 0.09390432046906201 0.010200021570382101 0.010147039991337375 0.009817278830873999 0.09291731896584536 0.09326470378581458 
0.010926539828917455 0.009018772305657676 0.010894451285556222 0.10644256657173085 0.10878099404213065 0.009924949839390912 0.010780171026461232 0.010857572713972611 0.09547052709757678 0.09031909529958476 0.10676171568189795 0.10207392373765614 0.10857835665852698 0.009978975381343035 0.01009883083324537 0.009649552726104071 0.009632347264000493 0.00986218530018587 0.09994694810724142 0.10226873270155071 0.010774492646968182 0.010677390728609243 0.010163858489455075 0.10172765912772064 0.0976174870679326 
0.10299549167853768 0.09192554909261308 0.10387356134945261 0.00938219106070696 0.010130290041909327 0.010759542903330664 0.009636798333198743 0.010939320002841297 0.10472570717231998 0.09526248252909034 0.010642166384712697 0.010549633162184215 0.010548623933844292 0.10088970886727883 0.10491123486730754 0.009021326102122898 0.01011462753452194 0.010229532510522563 0.10790656335988791 0.10790585779457218 0.1075392815477983 0.0975713940447724 0.0926829893377246 0.009553417503592825 0.009563022627343062 
0.010128470143180544 0.009105324745392687 0.010162427577044086 0.10554333525906415 0.09719713088953152 0.10495819162955583 0.09336425259242696 0.10541242571163872 0.010199811617911258 0.009463916027433348 0.1020976292569683 0.09841590765620656 0.10127638431262874 0.009039572362126092 0.01052602926019486 0.1038271070851218 0.09615215994909854 0.10645089602750804 0.010894659445900609 0.009769460674998776 0.010371528184865425 0.009407182862227527 0.009428798423652017 0.10358819995124202 0.10464932730167616 
0.010386609109565695 0.009797532250656257 0.009148616726371838 0.09735473831666414 0.1044015343411393 0.0109751409715636 0.009962455543905182 0.009407366799768047 0.10427323889488259 0.09465176955947154 0.01036512615207486 0.010819860149088548 0.009629020609978578 0.09427907427792731 0.10276785165585285 0.09507548871985139 0.10134766158041497 0.10738867488426684 0.010212467861590486 0.010676724155225704 0.09579280459977846 0.10887559803773506 0.10995038301712508 0.009569187801556446 0.00917563338618883 
0.09340771028779737 0.10424655867646114 0.09119177884229425 0.010036271886200947 0.010182309424763178 0.009524013571989067 0.009015414353713395 0.009005137516640798 0.09862732273129618 0.10715122704146202 0.10503032903708714 0.09507111375406617 0.1074792454880589 0.009057413161472664 0.009233621366181999 0.10392185772121171 0.0990776766760706 0.09373622953030389 0.010374176223735317 0.009655675233448834 0.09293115842381118 0.10862109959809281 0.09053105837228395 0.009543722378770988 0.010570991518390622 
0.1077205731719701 0.10214774369881244 0.10460984585279012 0.009171006385405984 0.010198717812912933 0.09331341032509588 0.09427976607471752 0.09996047466746853 0.009115858823956083 0.010261870686159458 0.09874829321885828 0.10617156777010182 0.09297743008012137 0.009873833330931944 0.00954016136976242 0.010405550355957695 0.009723342081599305 0.010089135459497911 0.09193507581368003 0.09643570615527802 0.009019161530638288 0.010904056696055816 0.009971899973929178 0.10257895673094652 0.09735945367584539 
0.09774225090687824 0.09147666850865561 0.09212923412273866 0.009943080154896238 0.010600056811669225 0.010464939769911592 0.00915593711480191 0.009746594328475055 0.09224249019647238 0.0923171222142412 0.10880295911617942 0.0955535116884414 0.09185402400256716 0.010075390598523444 0.009677301595268457 0.10207488970071205 0.10386961810084468 0.10230071607700404 0.010982309688821065 0.009966971323683797 0.10865429037211567 0.10028363442431108 0.09901925692924905 0.010087787194251852 0.009007137705545046 
0.009759944621499808 0.009594483397070539 0.009359036033741127 0.10294390519332551 0.10269276102176746 0.010351477403478844 0.009377761212531598 0.010531157970541351 0.09536644888860912 0.10118325623105272 0.009588799652050096 0.01051403928692714 0.010152575137082308 0.10440097125203643 0.10946967581992953 0.09057198832735344 0.10263351431053447 0.09305137155610951 0.009915981447466658 0.010568728979024802 0.00904328785973442 0.010914879463624506 0.010144938464274642 0.10030691144083824 0.10012215076915476 
0.09749170362924969 0.1002879822400673 0.10499589612919143 0.010915845104398223 0.010739420393283803 0.09062381604727544 0.09951894350789814 0.09070444405881938 0.010603497982732904 0.010248634314422142 0.10722553959666586 0.10296940768339134 0.09005751724742873 0.01025217977492278 0.010559238503751449 0.09359374529557578 0.09294427053947882 0.09801539798570114 0.010076521684268461 0.010255376045472546 0.010403343779036187 0.010055682087222054 0.010822224581261187 0.10851775101001337 0.09361975453493543 
0.009241735586814888 0.009629368613189146 0.010635931536866665 0.09136539065934735 0.10195574129692249 0.09550704900622345 0.09279193041914573 0.10347902156614569 0.010802036158895564 0.009541298895860658 0.009083551881395835 0.009680575854728653 0.009561720367337979 0.09364376400240976 0.1021101343055046 0.09282166103463979 0.09030671939739204 0.10710999942937999 0.010472584973590342 0.009512313380650717 0.10021376193905802 0.10516602710247656 0.09824388226630291 0.010967743201558931 0.010484869061250564 
0.10943934587721178 0.10256983899527528 0.09731541085354378 0.01008289129979453 0.00997665313739267 0.09478261873305004 0.0934345314879671 0.10063135409791364 0.009483589934242838 0.009164234651887825 0.010711038058234265 0.009054901142596317 0.00948387832648562 0.10499901526593464 0.10921367948716341 0.010070554165224083 0.010626321120000636 0.009042148269732458 0.09049683879395884 0.10251272403023129 0.009332544223375223 0.010375950652644255 0.010095090092763223 0.10908996883056277 0.09714887815548 
0.10937232095916626 0.10752341337918168 0.1054546905959216 0.009016719273914611 0.010914593469197383 0.009286007374137737 0.010383986568233708 0.00964432145958769 0.09747220465974862 0.09072581651572238 0.10859594421871731 0.10499519020036144 0.10678276087692057 0.009075611522241863 0.009276001912166753 0.10141325031289344 0.1043173670839137 0.10737835166469029 0.009329689034892232 0.00939082626178573 0.09635236440232495 0.10990995159175382 0.09264169725017651 0.010751814134659848 0.01096004784947598 
0.010380895659844305 0.010436042143449538 0.010189693193243992 0.10815051258348102 0.09941315988427737 0.010875599855768796 0.010209398911100483 0.009049899424408665 0.1079217466372374 0.09405672567294801 0.09531888526973713 0.0935257877097551 0.09420610705814628 0.009459599652610215 0.009823688745068783 0.010225017081881787 0.01091893398333953 0.009777765513058586 0.09009714051991846 0.09936707071069933 0.00984367734844367 0.010031840500404702 0.010504616039702826 0.1085564166222328 0.09720808541946259 
0.09891888564980028 0.0928919883316241 0.09047918013646977 0.00913330886887487 0.010892111515617184 0.105750682413559 0.09324258402464318 0.0930183714242585 0.01048845907654616 0.0101674057176085 0.09150130701417311 0.09345128942556735 0.09887489139856981 0.010681806583589455 0.00904812839821716 0.10657564447156714 0.1058254786612118 0.09276357163409416 0.009698597187854046 0.009854052699017422 0.009777480816578086 0.010256173182086473 0.010288393087556037 0.10393737108605308 0.10063346648013705 
ability 
0.015977244060321923 0.013852408459089555 0.015731489782150644 0.15947523269895603 0.1379537606845124 
0.015252785779839255 0.015461076930473293 0.015179459632834789 0.15665298719900309 0.14190166858682213 
0.015191352698245099 0.01411699698421181 0.014097901623312486 0.1395040732768996 0.16169607601187214 
0.01463772177782278 0.013798158892757668 0.01590426088638249 0.13575947178480546 0.16410337504197198 
0.01621372731906979 0.013500024861911078 0.01407000886084065 0.16278521425580209 0.15807404675009426 
0.01448112022982844 0.015707710930355605 0.013905117267066402 0.15808047275584589 0.14750325608880324 
0.01585660686721561 0.013605407117717296 0.0162993638069045 0.1532535984427348 0.1368936705636023 
0.013894702855104973 0.014727778527281458 0.016271078435268472 0.15612398063960825 0.14710678687336406 
0.016368500030009392 0.015105520623925506 0.013872743883971436 0.1510219211028089 0.13791769775462606 
0.015590908093571247 0.015207227939678452 0.0148428210773967 0.14099236506294036 0.15918608772127063 
0.014959828322752819 0.014866717494179926 0.014413644886799972 0.1527218243026081 0.15673523334798015 
0.015671147343436612 0.01595036237424702 0.01418223362815967 0.1410336498814442 0.16265732278819403 
0.01628660629063859 0.016106419906808344 0.015564092655710068 0.1574603424804565 0.16043970819238837 
0.01441915879083213 0.015166709374871861 0.015701522026345425 0.13811967306138195 0.14585204854502293 
0.013660380529312907 0.015321353184644474 0.016158132775319838 0.14839741656203517 0.15720598080945153 
0.014440894425695077 0.015361892185666831 0.013961576500513965 0.13913021363846126 0.153419360405163 
0.015590496353950625 0.01436190904948111 0.013583664982227612 0.16154842217783152 0.15453432363535927 
0.014777227929622808 0.01352061794296549 0.015037116991300096 0.15031827748994553 0.1463030418262404 
0.013658782855695571 0.015578588032705407 0.014488552235908983 0.14516409018160314 0.13655371387529514 
0.014346548797340292 0.015496310389426136 0.014690123881616534 0.14176296944040087 0.13888993833419894 
0.015861585757235345 0.013720198166048516 0.013656820336817456 0.13927848636957557 0.1638727420680426 
0.01615248449229901 0.016018275764701315 0.014914210006843799 0.14239317962440956 0.1486996506530309 
0.01587350683186731 0.016472989221290087 0.014919537011301977 0.15513577900448527 0.1378536503058329 
0.01448287509938951 0.015965046538669116 0.01628592086242543 0.15052132787407776 0.16290304726165628 
0.014919654982902122 0.01576124750731407 0.015762299421522026 0.14588675284145172 0.13869701916786764 
0.013922233337437848 0.015596305941244108 0.01529564279288893 0.1617052094504322 0.1457072410514058 
0.013754002714120594 0.016421791252074384 0.0142710818636394 0.14830357177359293 0.13800582783574145 
0.014050679245216921 0.01460727188570009 0.014560565418454002 0.14723090887031398 0.14202502011862045 
0.015464562338686401 0.015959427156670904 0.015772046081128973 0.1544722210470188 0.13561489963592346 
0.016214330412031117 0.013944981022751475 0.01494494216280066 0.15547401414707332 0.15978483378512273 
0.01416481008169093 0.01514109352243262 0.014082318223987995 0.16261396524978985 0.1413108970950921 
0.013722621590917144 0.015045173571184086 0.015262594056969767 0.13600032391639613 0.1364449737710518 
0.014231029527782994 0.015184156454185976 0.01609691843367751 0.15746044157128067 0.15327860671061674 
0.014654688302666953 0.014783625728044899 0.01583150244911276 0.1405141529572351 0.14912391757923396 
0.014332418082726946 0.014932391808597864 0.013944919622851722 0.15577942903667172 0.15660198980742177 
0.014120236128898078 0.015596441938332324 0.013660132675719892 0.1488717447267462 0.16107419903906373 
0.015064496674428414 0.01649865895309269 0.014901750094273036 0.16028838739019227 0.15315767059013835 
0.015770484932134548 0.016136901678569033 0.015168797288528173 0.15653461830509344 0.15952632509967282 
0.015333430049494265 0.01364665503306968 0.014561986153804897 0.15604031706341215 0.13800617119017355 
0.015048981338356776 0.015628092126835517 0.015698887288792106 0.1511965343253303 0.14640066173548058 
0.01530331186130533 0.015294369259385012 0.014524735903726277 0.15012849074285245 0.14587125574741222 
0.013972892261451896 0.01486767550468538 0.01566337921632228 0.15141244521271988 0.13706427806513444 
0.015275336519209377 0.015416434129764837 0.013527499534508453 0.1484096092605791 0.1424837728046156 
0.013606543647697283 0.015090637669916033 0.01436014043051163 0.15325250432170245 0.1528895202007672 
0.01392452664560377 0.015730117072605566 0.015554229679070695 0.14068478291187297 0.13823053387250256 
0.01615153331054722 0.014884916462814654 0.01620677658903203 0.1595140779131249 0.15436883754302586 
0.013896755152216066 0.015119031623116888 0.01358438013515052 0.1594334159215202 0.14530037193662088 
0.014080268400147663 0.01610589298624299 0.01606077975318658 0.15617773839034232 0.1633950757546817 
0.014171795427843721 0.014368429146862639 0.013845530004040468 0.1423376090165689 0.1599615405174009 
0.014649251389982331 0.015515714874151215 0.016291324547666866 0.1517229691897034 0.15418307704008236 
0.16121733688755394 0.14278036845329117 0.15023477688765488 0.01575573435842176 0.015821621391589432 
0.14941881789544026 0.13981379071194663 0.14729621225167458 0.014750377000117396 0.015814980891370276 
0.14657988266489466 0.13946952974836396 0.157843384237027 0.014889287904180308 0.014118894609002643 
0.16403382787892848 0.13751887058603443 0.14444429541251566 0.01499120259495712 0.015015396397439077 
0.15174163693567375 0.14410211705515583 0.1466934223424378 0.014353667889463097 0.014062875960182488 
0.14289666302507892 0.14237339614989947 0.1542835337559509 0.014058938626468103 0.013715864459072602 
0.1599019609528538 0.15041802450034825 0.1605346470900904 0.016283481866396447 0.015095828285394098 
0.14284600701485578 0.1514856803775207 0.13505102431770288 0.014743273479230993 0.014667181098112657 
0.14514734504013155 0.14646849354641825 0.16067140847121814 0.015584302706043916 0.014890135429598352 
0.14851207720884807 0.14043916102050533 0.13779358743211928 0.014237421926271332 0.014117782923246053 
0.1631603526733942 0.15086137813403164 0.15722861099677335 0.013824796360219025 0.014990487542533137 
0.1606206264872637 0.13977373872835339 0.14234174793322255 0.016170808324229534 0.013909788545274353 
0.15388063816866385 0.15534876794505365 0.1407173906760751 0.014637823044208994 0.015444493045059047 
0.159687826094732 0.13887735082952302 0.14705403253777735 0.01555370399706906 0.014127242619732578 
0.13989840843760398 0.16483755445074424 0.15765354282016175 0.014355369122375448 0.015942540808362448 
0.13907015398233524 0.15280599005070875 0.15382699764675586 0.01632590017682254 0.014952425285574979 
0.13841131531646908 0.15604776371188744 0.15033200752259038 0.01446123433508417 0.01417402215708166 
0.15136747927171254 0.1464840177960567 0.14579593336837773 0.01575121207394813 0.01636979549744664 
0.1558675319015101 0.15405266526705083 0.1388463112324933 0.013898482441522461 0.016042727955036175 
0.16235336807182307 0.16060038135908986 0.1435805127815892 0.015212055940873909 0.01355782894033652 
0.13573395203186372 0.14759417189780497 0.1508245156370078 0.01626485181511978 0.014383782586135095 
0.14774616235323995 0.15286797331156346 0.15311005942496433 0.013566199229780545 0.015091609663632504 
0.16334088550172152 0.15035768201425628 0.13711183025906948 0.014273413035256503 0.014513552749466835 
0.16304221953029985 0.1619110511014381 0.14770900010391924 0.015149088859912079 0.014481343930985173 
0.15992692108009043 0.1522155576716041 0.1510497570562783 0.016487044685101582 0.014318207845510366 
0.15432276192328923 0.1407266211986478 0.1458122295331476 0.01506059220806014 0.014772249156167296 
0.13686738717020894 0.1401233743752978 0.1424595298558306 0.015970275664366547 0.014827673558383343 
0.1624367860324484 0.16174837558196678 0.16251600871689967 0.013917742865636438 0.013546348614691702 
0.1509919062950824 0.14928653036627823 0.14802031202085605 0.013770132493204823 0.016210261941673642 
0.1573124783615996 0.14893807020033584 0.15735708144213656 0.014950142748732926 0.014947567914252486 
0.14372516129308605 0.14940946037624622 0.15627142423301685 0.015631413079437106 0.01585109217204492 
0.14338439490378357 0.1603898473324318 0.14266878991499438 0.015926394872471373 0.016333707940877802 
0.15798090925846234 0.13535594684295474 0.16226366171166903 0.015497618470400838 0.015832595893230803 
0.164424178899909 0.1350694284846177 0.14327959363999268 0.013527638382305324 0.016133546658822058 
0.158577963405009 0.14896266886506848 0.16355672187594783 0.01596455960434164 0.01473290878527699 
0.16315815979441042 0.14067632642930794 0.156348921399373 0.014854941353334095 0.01423597659481777 
0.14638083642624158 0.14354101053621895 0.13567274710101826 0.015613203145356969 0.016322584981018677 
0.16097762904521354 0.13890463581226933 0.1504246884431589 0.015169865045797362 0.016123739994204342 
0.13831611811226693 0.1425753866677586 0.13620517943913346 0.016065524902275825 0.01472276893104974 
0.16182999217329197 0.16379314938190884 0.14155453370407886 0.014357512490283397 0.014907907961254114 
0.15541725020732816 0.15544445783289187 0.1409315900653348 0.015278183372906205 0.013927999850640941 
0.1635167304209589 0.14288761345844733 0.15820281897949998 0.015074430592939086 0.01597616628520717 
0.1583662038137091 0.13878611902426644 0.16262429827459138 0.013626293566102737 0.013957245096633273 
0.14617901899255709 0.16364146858310516 0.14022058775267918 0.015541234997219443 0.015519496089298677 
0.15876702096171375 0.14857942623801873 0.1561890671872026 0.013897508051944188 0.015016024678533631 
0.16267707608609033 0.16300396615723337 0.14417536774589942 0.015706378755862206 0.01457352011968355 
0.1413151181852495 0.13910130369915236 0.14716927736397967 0.013627243917646026 0.01622176162491807 
0.15786759161969335 0.1371942393641029 0.15166075038218693 0.016410809070528786 0.013851024108483097 
0.14829563735335227 0.15829798385008956 0.16186750049905546 0.01358880724573198 0.015842300995359233 
0.13740392584816327 0.14728110089362506 0.15861347794856145 0.014799455573546184 0.014122035312280498 
