file_name
position_num 5
robot_num 12
position_x
29.815337031156147 -14.761100563938736 17.1898811853698 -11.168613803355044 23.416292917801186 
position_y
2.7927456045737813 24.126325188969517 14.971194149195355 -26.489389226226415 -19.47298780569744 
distance
0.0 29.945846962363532 28.283734848541794 22.795365086351037 28.747620351378874 30.45521347968369 
29.945846962363532 0.0 49.41842173272165 17.541856921885323 50.36990814221119 23.167016421238426 
28.283734848541794 49.41842173272165 0.0 33.236751632794736 50.74304392609535 57.95182021875183 
22.795365086351037 17.541856921885323 33.236751632794736 0.0 50.23130708886473 35.00242668163912 
28.747620351378874 50.36990814221119 50.74304392609535 50.23130708886473 0.0 35.28945539116577 
30.45521347968369 23.167016421238426 57.95182021875183 35.00242668163912 35.28945539116577 0.0 
lay
0 1 2 
3 
4 
0 
1 
2 
3 
4 
0 1 2 3 4 
0 
1 2 3 4 
0 1 
2 
3 
4 
edge
1 3 3 4 
0 1 1 2 2 3 3 4 

0 3 0 1 0 2 0 4 
1 2 2 3 3 4 
demand 
0.010801581705239958 0.009632450626614757 0.010902188191818927 0.10634967865415253 0.0963679113137991 0.010838543468776605 0.009792798586053635 0.010238214870348218 0.10378589751127716 0.10976891170798715 0.010274876442235667 0.01018545397603604 0.010938363366796945 0.10983971990054223 0.10744236521143068 0.10946739018600027 0.10849461497106688 0.09330133223882302 0.010389662036346906 0.009191029559422562 0.009299470078264833 0.010740586356000835 0.009741771082533735 0.10271797841267089 0.10548638568404839 
0.009324426868052411 0.009113517038032235 0.010532037194003195 0.10116612541840853 0.1015165801454931 0.10634334369657705 0.09382177633766026 0.10293268939499388 0.010823873974408869 0.009547121685110686 0.09524638981969528 0.10466042402885428 0.09687192658450235 0.009832316197596832 0.010633140532481752 0.10198103949960834 0.09246004929753857 0.10785544422209736 0.010447106038651644 0.010040595541387032 0.00963565100581493 0.009238785442239418 0.009945196784954955 0.09900420751576283 0.10936512091673112 
0.0933206757025587 0.09709964744844461 0.09044798192403479 0.009205772449447775 0.010090834585068556 0.10523408821255689 0.09651651692319797 0.10479041250278326 0.00943172134510303 0.010845105529935619 0.010482408042236773 0.010802853332880991 0.010383805574931028 0.09627437241864796 0.10082276394464923 0.09612817596883896 0.09431297756841725 0.09203109813111929 0.010313305303662972 0.010745686447516098 0.10220416407740468 0.09560438765315668 0.09426868393913775 0.009914029254433831 0.00996818116288431 
0.09117134223877317 0.09946314837311472 0.1084476374731151 0.010018236713248694 0.00923184748201956 0.00942241804941834 0.009710541861668098 0.010211149989335795 0.09121183665417175 0.09726806680490949 0.09694697293975342 0.09673867910411692 0.10019428834623967 0.010483533603205418 0.009477077891190198 0.10368410834896431 0.10891145543017496 0.09251152328027629 0.010590017594234538 0.0101451411165967 0.009455256925414551 0.01046075534075592 0.010897728056917029 0.09626937074468506 0.10601940416743123 
0.09614579880683981 0.09236650652870688 0.10656592399838179 0.010382008494591878 0.010245223073608329 0.01053555884672438 0.00918095792556478 0.009902928318410931 0.09297531485658111 0.10590803582952657 0.010226495538038975 0.01000490980291164 0.010765034389062128 0.09941309117630859 0.0971719330199971 0.010107682294658754 0.009276130427722264 0.00969083295549757 0.10641686808285117 0.09499036788194326 0.010802817533137252 0.009488277958776466 0.010471042818095007 0.10090658576757124 0.09589410315489383 
rate 
0.010963461859577866 0.00992964593899594 0.010502142840735142 0.10760875127684655 0.10840332235839144 0.010423050605299114 0.009052420052106169 0.010102250226065049 0.09152292595456499 0.10453467791636493 0.00937107767406483 0.009108044195872097 0.010003034027386188 0.10846098097571642 0.10120923354591678 0.10327315979042427 0.09290363244014083 0.10697285583150862 0.009847114466567263 0.009848177775802236 0.00944685654840973 0.009592329245475791 0.010413921744496861 0.1074531435729045 0.10983782393562586 
0.009467089287443003 0.00978163822139069 0.010163359925603448 0.10695147439221796 0.10193879292198182 0.09109762766717168 0.09181403863935536 0.1086653051414795 0.010169972346630933 0.009020752139067506 0.09861720697955056 0.09398014317754644 0.1056926232766658 0.009273629420062652 0.010591844766870173 0.09192710210669555 0.10120209821204745 0.09588254117170937 0.009082076833450416 0.009382520230997046 0.010029464390009783 0.010815583657663852 0.010247557386916016 0.09915049869750203 0.09915707957116193 
0.09471029160294835 0.09861383306654263 0.10113667132342047 0.009738652801410678 0.009126714904233143 0.10130194451261998 0.09119051752200305 0.10124371065695742 0.010708502440532723 0.010608537336268637 0.010735218388641152 0.009236705068293997 0.009514247775766649 0.0946575850207606 0.09893444744026741 0.09621746692422471 0.09185220813758999 0.09599460312935035 0.009249404987610493 0.009165071677278251 0.09186058778086603 0.10259979238042105 0.10366197179166732 0.010969500074858213 0.009821503597895064 
0.10025182744158807 0.10352820830419301 0.09406109876787136 0.010009156935026013 0.009216398724309922 0.009910416866560863 0.01030022172692027 0.00956659367570534 0.10237094986633388 0.09670195104783341 0.10868493828771156 0.0956795463769711 0.09150163443811393 0.010717858049630144 0.010778201982822196 0.09005262635198619 0.09512010241301529 0.10534494084347351 0.00929311997774516 0.009668148735658848 0.009672468171653369 0.009795118082558155 0.00970727342626973 0.10296553729008256 0.10913292554878576 
0.10091665878371957 0.0985269589919099 0.09549069011131375 0.009211383381245403 0.009981528673485103 0.009605109199906224 0.009327865191554693 0.010448707196956612 0.10688262540335491 0.1060710356297598 0.009090443927406535 0.009328209681218162 0.010001966765627883 0.10206321286846101 0.09073264699935277 0.009838248808759685 0.010994138065816035 0.010266542006563432 0.10930870645429386 0.09961281413055434 0.009406121465659221 0.010040688010486307 0.01065487797850852 0.10154244191258235 0.09572262176082713 
ability 
0.014448770286992287 0.013748234180419594 0.014870477026015096 0.13555148684296123 0.15171199775351196 
0.016139845382096386 0.013663039604253139 0.014363148942241893 0.14900476036648921 0.14613125326929402 
0.01537655193427717 0.014689606187280192 0.015327994161690978 0.14079920671557 0.15514713844032688 
0.014896100299764091 0.016068826288684186 0.015340991523889602 0.13968663425951017 0.14855409584801588 
0.014911771731042441 0.01567058989719725 0.013684432735568054 0.15184744112231688 0.16270724105971773 
0.013787445745725832 0.016052487028703176 0.0150959460681941 0.1433240306358833 0.14640512654892826 
0.15961898081438894 0.14234635070449753 0.13692244705043305 0.016299386723396935 0.01439904042736419 
0.14427559563665643 0.151930646154396 0.1492380582605818 0.014917567442814195 0.014332388293093395 
0.15842933074719756 0.14150539836116965 0.13509322311425717 0.014714706522375791 0.014090310801530274 
0.14551595006892107 0.1418041376065718 0.15309581625172028 0.015682586408074215 0.015545138327429537 
0.16003594693478168 0.1411706199583324 0.14213220503774388 0.016254192278503596 0.01628753894157957 
0.14429275830339744 0.15835354314593977 0.13850819201560352 0.014853425887528958 0.015283070025990858 
